date,Unnamed: 0,_id,updatetime,suspend,vol,high,amount,code,low,time,close,open,flow,total,percent,settle,wd,close_EMA_5,close_EMA_7,close_EMA_14,close_EMA_21,close_EMA_3,close_EMA_15,close_EMA_30,close_EMA_45,close_EMA_25,close_EMA_50,close_EMA_75,close_EMA_10,close_EMA_20,close_EMA_40,close_EMA_80,close_EMA_5_3,close_EMA_10_3,close_EMA_20_3,close_EMA_40_3,close_EMA_80_3,close_EMA_5_-3,close_EMA_10_-3,close_EMA_20_-3,close_EMA_40_-3,close_EMA_80_-3,close_shift_4,BIAS_5,BIAS_50,CCI,K,D,J,WR,RSI_6,RSI_12,ROC_6,ROC_12,RSI_24,Dea,MACD,close_EMA_26,close_EMA_12,close_MA_5,close_MA_10,close_MA_20,close_MA_30,close_MA_40,close_MA_60,Klength,KUpperlength,KLowerlength,MeanAmplitude,MB,UP,DN,CR_5,OBV,TRIX,TRMA,VR,AR,BR,PSY6,open_shift_1,K_shift_1,D_shift_1,close_MA_20_shift_1,close_MA_10_shift_1,close_MA_5_shift_1,close_shift_1,RSI_12#80#1&thre,K_shift_1#10#0&thre&HS,D#40#1&thre,K#40#1&thre,D_shift_1#10#0&thre,K#90#1&thre,K_shift_1#30#0&thre,D_shift_1#90#1&thre&HS,D#20#0&thre&HS,K_shift_1#10#0&thre&HS+D#20#0&thre&HS+D_shift_1#90#1&thre&HS*K#90#1&thre+K_shift_1#30#0&thre+RSI_12#80#1&thre*K#40#1&thre+D#40#1&thre+D_shift_1#10#0&thre,RSI_12#20#0&thre,close_MA_20_shift_1#close_MA_20#1&diff&HS,close_shift_1#close_MA_20#1&diff,K_shift_1#70#1&thre,close_MA_20_shift_1#open_shift_1#1&diff&HS,open#close#1&diff,open#close_MA_20_shift_1#1&diff,D#40#0&thre&HS,K_shift_1#90#1&thre,close_MA_20_shift_1#open_shift_1#1&diff&HS+close_MA_20_shift_1#close_MA_20#1&diff&HS+D#40#0&thre&HS*open#close#1&diff+K_shift_1#90#1&thre+RSI_12#20#0&thre*open#close_MA_20_shift_1#1&diff+close_shift_1#close_MA_20#1&diff+K_shift_1#70#1&thre
20150105,4466,000415XSHE20150105,20200210004725,0,264666,13.77,352222912.0,000415.XSHE,13.01,1500,13.25,13.67,126917.421875,177430.34375,-3.0724213606,13.67,2.0,13.624178569928011,13.68819604653042,13.736276438711448,13.578486132619018,13.515367056098766,13.723118176860009,13.262308623560786,12.711059884547751,13.44519365740613,12.540272820348196,11.813354026781646,13.741632419699911,13.608442989757126,12.889755545433536,11.691431374247275,14.032903927025853,14.153881392290911,14.016696279449839,13.27644821179654,12.04217431547469,13.21545321283017,13.329383447108915,13.200189700064412,12.503062879070528,11.340688433019853,14.33,-3.9158810732414864,8.207431604736602,-6787.666666667572,38.367395916128025,41.382423054032785,32.3373416403185,83.8129496402878,26.17449664429525,31.428571428571423,-0.9715994020926816,-13.057742782152234,54.37921077959577,0.5430035072665467,-0.4066552886212644,13.409558005871705,13.749233868827623,13.79,13.648,14.072000000000001,13.520666666666667,12.73625,11.9175,-0.4199999999999999,0.09999999999999963,0.2400000000000002,0.05148173096023025,14.0735,15.263131875833864,12.883868124166137,64.26799007444137,29232912,-0.3570741337489026,-0.2252804907944037,0.5575964481043114,1.101928374655648,1.2180232558139532,50.0,13.92,45.38893171202989,42.88993662298516,14.0735,13.769,13.932,13.67,0,0,1,0,0,0,0,0,0,1.0,0,0.0,0,0,0.0,1,0,0,0,0.0
20150106,4467,000415XSHE20150106,20200210004725,0,204401,13.6,271005024.0,000415.XSHE,13.01,1500,13.3,13.17,126917.421875,177430.34375,0.37735849060000004,13.25,2.0,13.516119046618677,13.591147034897814,13.678106246883257,13.55316921147184,13.407683528049382,13.670228404752505,13.26474032526654,12.736665976523936,13.434024914528734,12.57006604307964,11.852476289234758,13.661335616118109,13.579067466923116,12.909767470046532,11.731149118093018,13.921602618017236,14.071175684601656,13.98643949093081,13.297060494147928,12.083083591635807,13.110635475220116,13.251495547634569,13.171695442915421,12.522474445945134,11.379214644550226,13.84,-2.0906949352178947,8.082630389910138,-273.38682336987443,34.587272953094356,39.11737302038664,25.527072818509797,80.0,5.982905982906008,34.2391304347826,-4.727793696275072,-9.40054495912806,52.12121212121213,0.4901384793935783,-0.4229202229837469,13.401442598029359,13.680120965931065,13.584000000000001,13.588000000000005,14.038500000000004,13.591,12.81175,11.967833333333333,0.13000000000000078,0.2999999999999989,0.16000000000000014,0.050306310394427255,14.072000000000001,15.308062700675011,12.83593729932499,51.49342891278367,29028511,-0.5256640331131732,-0.4413690834310379,0.8145839590563072,1.0967441860465124,1.1883495145631064,50.0,13.67,38.367395916128025,41.382423054032785,14.072000000000001,13.648,13.79,13.25,0,0,0,0,0,0,0,0,0,0.0,0,0.0,0,0,0.0,0,0,0,0,0.0
20150107,4468,000415XSHE20150107,20200210004725,0,146136,13.48,194830976.0,000415.XSHE,13.08,1500,13.35,13.18,126917.421875,177430.34375,0.3759398496,13.3,2.0,13.460746031079116,13.530860276173362,13.63435874729882,13.534699283156213,13.378841764024694,13.63019985415844,13.270240949442892,12.763332673196807,13.42756145956499,12.600651688449068,11.891884807939107,13.604729140460273,13.55725151769234,12.93124222760524,11.771120744806769,13.86456841201149,14.01287101467408,13.963969063223114,13.319179494433394,12.124254367150975,13.056923650146745,13.196587266246464,13.15053397216157,12.543304960777082,11.417987122462563,13.86,-1.0084532107370552,7.950318594947749,-120.7958235705188,29.968751074420624,36.06783237173129,17.770588479799272,76.79324894514771,16.438356164383485,41.32492113564667,-6.83879972086532,-7.676348547717849,54.38413361169103,0.4384510014761075,-0.4134998233397671,13.39763203521237,13.629333125018597,13.486,13.609000000000002,13.9755,13.655666666666667,12.8885,12.019,0.16999999999999993,0.13000000000000078,0.09999999999999963,0.044246248485512035,14.038500000000004,15.280055073285114,12.796944926714893,41.6342412451362,28882375,-0.5592256849800008,-0.542444859046587,1.0704626757007647,1.121097445600758,1.2088669950738908,50.0,13.17,34.587272953094356,39.11737302038664,14.038500000000004,13.588000000000005,13.584000000000001,13.3,0,0,0,0,0,0,0,0,0,0.0,0,0.0,0,0,0.0,0,0,0,0,0.0
20150108,4469,000415XSHE20150108,20200210004725,0,189557,13.4,247987776.0,000415.XSHE,12.95,1500,13.01,13.36,126917.421875,177430.34375,-2.5468164794,13.35,2.0,13.310497354052744,13.400645207130019,13.551110914325646,13.486999348323831,13.194420882012345,13.552674872388634,13.253451210769155,12.774057339579553,13.395441347290756,12.616704563411849,11.921308891940711,13.496596569467494,13.505132325531163,12.93508407016108,11.80171035604611,13.709812274674327,13.901494466551522,13.9102862952971,13.32313659226591,12.155761666727493,12.91118243343116,13.091698672383473,13.099978355765225,12.547031548056248,11.447659045364725,13.67,-2.2979873835986724,4.738596293493499,-98.47246891651899,21.155637971182387,31.097100904881657,1.2727121037838387,90.27777777777784,9.523809523809499,47.63636363636362,-5.997109826589596,-6.40287769784173,48.524590163934434,0.38378731211336586,-0.4373095149019329,13.368918551122565,13.534051105784965,13.316,13.595,13.9455,13.675666666666668,12.95675,12.0645,-0.34999999999999964,0.040000000000000924,0.0600000000000005,0.041165202317457655,13.9755,15.278411739144289,12.67258826085571,31.042944785276173,29071932,-0.6758823040221257,-0.6175539945010633,1.2018414848788508,1.0789473684210538,1.1922695738354805,50.0,13.18,29.968751074420624,36.06783237173129,13.9755,13.609000000000002,13.486,13.35,0,0,0,0,0,0,1,0,0,1.0,0,0.0,0,0,0.0,1,0,0,0,0.0
20150109,4470,000415XSHE20150109,20200210004725,0,149556,13.25,195128304.0,000415.XSHE,12.9,1500,13.01,13.0,126917.421875,177430.34375,0.0,13.01,2.0,13.210331569368494,13.302983905347517,13.478962792415562,13.443635771203482,13.102210441006171,13.48484051334006,13.237744681042113,12.784315716119574,13.365792012883775,12.632127913866286,11.949958657942268,13.408124465927953,13.457976865956766,12.93873850576298,11.831544668242502,13.606641516449551,13.810368199905794,13.86171617193547,13.326900660935866,12.186491008289778,12.81402162228744,13.005880731950116,13.054237559978066,12.550576350590092,11.476598328195227,13.25,-1.3197815533980677,4.2802180185957095,-74.67756850148467,16.19899674269301,26.131066184152107,-3.6651421402251927,88.6486486486487,11.627906976744153,47.445255474452544,-6.132756132756131,-0.9893455098934608,44.326241134751776,0.3292490230828869,-0.4363063122438315,13.342331991780153,13.453427858741126,13.184,13.558000000000002,13.8905,13.689,13.025,12.109999999999998,0.009999999999999787,0.2400000000000002,0.09999999999999963,0.04153854971379185,13.9455,15.307520190746086,12.583479809253914,43.05750350631135,28922376,-0.7289400208683202,-0.7024111624452231,1.779145062322095,1.0299625468164804,1.1723446893787577,33.33333333333333,13.36,21.155637971182387,31.097100904881657,13.9455,13.595,13.316,13.01,0,0,0,0,0,0,1,0,0,1.0,0,0.0,0,0,0.0,0,0,0,0,0.0
20150112,4471,000415XSHE20150112,20200210004725,0,138062,12.95,175882896.0,000415.XSHE,12.5,1500,12.63,12.88,126917.421875,177430.34375,-2.9208301306999997,13.01,2.0,13.01688771291233,13.134737929010635,13.36576775342682,13.369668882912256,12.866105220503087,13.377985449172552,13.19853534678133,12.777606337157852,13.309192627277335,12.632044466263688,11.967854482733266,13.26664729030469,13.379121926341837,12.923678090847714,11.85125961470565,13.407394344299703,13.664646709013828,13.78049558413209,13.311388433573143,12.20679740314682,12.626381081524961,12.868647871595547,12.977748268551581,12.53596774812228,11.495721826264482,13.3,-3.2924961715160643,0.8544278527509613,-99.667241136366,12.814835037764347,21.692322468689518,-4.9401398240860095,93.95348837209299,12.195121951219493,37.02422145328718,-7.60790051207022,-3.954372623574141,37.92682926829269,0.2708352165959759,-0.4673104518952889,13.289566659055696,13.326746649704027,13.06,13.425,13.779500000000002,13.679666666666664,13.08375,12.149166666666668,-0.25,0.06999999999999851,0.13000000000000078,0.04116166700173364,13.8905,15.28314460649514,12.49785539350486,37.21286370597257,28784314,-0.8851654319653233,-0.8070527264168217,1.316957803907408,1.0225352112676065,1.1604814443329992,33.33333333333333,13.0,16.19899674269301,26.131066184152107,13.8905,13.558000000000002,13.184,13.01,0,0,0,0,0,0,1,0,0,1.0,0,0.0,0,0,0.0,1,0,0,0,0.0
20150113,4472,000415XSHE20150113,20200210004725,0,125499,12.96,160942960.0,000415.XSHE,12.6,1500,12.91,12.64,126917.421875,177430.34375,2.2169437846,12.63,2.0,12.981258475274887,13.078553446757974,13.304998719636574,13.327880802647504,12.888052610251545,13.31948726802598,13.17992016311802,12.78336258336838,13.278485502102154,12.642944683272955,11.992647785819232,13.201802328431109,13.334443647642612,12.923010866903924,11.877401352614156,13.370696229533133,13.597856398284042,13.734476957071893,13.310701192911038,12.233723393192577,12.59182072101664,12.805748258578177,12.93441033821333,12.535320540896805,11.521079312035727,13.35,-0.5546140810352732,2.6591176564140264,-78.58225179524328,16.178232669496538,19.85429253562519,8.826112937239216,80.93023255813954,31.428571428571352,29.72972972972969,-2.566037735849056,-3.5127055306427546,45.320855614973276,0.2169044073331876,-0.4314464741023061,13.261450610236757,13.262631780518793,12.982000000000001,13.283,13.691000000000004,13.688666666666668,13.1495,12.193,0.2699999999999996,0.05000000000000071,0.040000000000000924,0.03885599506498543,13.779500000000002,15.156872861646404,12.4021271383536,43.571428571428655,28658815,-0.8225629189922621,-0.8538641754787927,1.2668118591407314,0.966069745523092,1.1007049345417923,50.0,12.88,12.814835037764347,21.692322468689518,13.779500000000002,13.425,13.06,12.63,0,0,0,0,0,0,1,0,0,1.0,0,0.0,0,0,0.0,0,0,0,0,0.0
20150114,4473,000415XSHE20150114,20200210004725,0,75709,13.08,97778608.0,000415.XSHE,12.79,1500,12.85,12.9,126917.421875,177430.34375,-0.46475600310000004,12.91,2.0,12.937505650183256,13.021415085068481,13.244332223685033,13.284437093315912,12.869026305125773,13.26080135952273,13.158634991303954,12.786259862352367,13.245525078863526,12.651064499615195,12.015209686192412,13.137838268716367,13.288306157390936,12.919449361201293,11.901416134031088,13.325630819688756,13.531973416777856,13.686955342112665,13.307032842037332,12.25845861805202,12.549380480677756,12.743703120654875,12.889656972669206,12.531865880365254,11.544373650010154,13.01,-0.2484086321999692,1.7660568622792776,-69.58992239871284,18.72199638283895,19.476860484696445,17.212268179123953,83.72093023255816,26.41509433962261,17.543859649122766,-3.3834586466165497,-7.95128939828081,41.05113636363636,0.1671589620415556,-0.3979635623330559,13.230972787256254,13.199149968131284,12.882,13.184,13.595999999999998,13.705666666666668,13.21375,12.235833333333336,-0.05000000000000071,0.17999999999999972,0.0600000000000005,0.035043440241657134,13.691000000000004,15.024497656540875,12.357502343459132,54.15821501014195,28583106,-0.7107307729460938,-0.766646845969178,0.9728352902447054,0.9631106679960124,1.12176724137931,33.33333333333333,12.64,16.178232669496538,19.85429253562519,13.691000000000004,13.283,12.982000000000001,12.91,0,0,0,0,0,0,1,0,0,1.0,1,0.0,0,0,0.0,1,0,0,0,0.0
20150115,4474,000415XSHE20150115,20200210004725,0,92280,13.07,119557432.0,000415.XSHE,12.81,1500,13.07,12.84,126917.421875,177430.34375,1.7120622568000001,12.85,3.0,12.981670433455506,13.03356131380136,13.221087927193695,13.264942812105373,12.969513152562886,13.236951189582394,13.152916604768214,12.798596390076174,13.232023149720176,12.66749334276754,12.042967326029453,13.125504038040662,13.267515094782276,12.92679329480123,11.930270056647606,13.371120546459169,13.519269159181881,13.665540547625742,13.314597093645267,12.288178158347032,12.592220320451839,12.731738916899443,12.869489641938806,12.538989495957193,11.572361954948175,13.01,1.3649759578098353,3.0529536064591416,-59.533970316099,27.44196084315249,22.13189393751513,38.062094654427206,73.48837209302323,53.19148936170215,30.845771144278604,-2.0973782771535534,-8.792742498255407,36.34969325153374,0.1257735426684062,-0.3310833549851952,13.219048877089126,13.17928074226493,12.894,13.105,13.4875,13.712,13.2835,12.282333333333336,0.23000000000000045,0.0,0.029999999999999364,0.03335307500882824,13.595999999999998,14.71220562621768,12.47979437378232,79.9999999999999,28675386,-0.4751171462271254,-0.5929239595866096,0.8118801711840228,0.8744897959183678,1.0186813186813186,33.33333333333333,12.9,18.72199638283895,19.476860484696445,13.595999999999998,13.184,12.882,12.85,0,0,0,0,0,0,1,0,0,1.0,0,0.0,0,0,0.0,0,0,0,0,0.0
20150116,4475,000415XSHE20150116,20200210004725,0,156574,13.46,207502768.0,000415.XSHE,13.1,1500,13.18,13.13,126917.421875,177430.34375,0.8416220352,13.07,4.0,13.047780288970337,13.07017098535102,13.2156095369012,13.257220738277613,13.074756576281445,13.229832290884595,13.154663920589616,12.815179155725035,13.22802136897247,12.687591643051164,12.072889238502365,13.135412394760545,13.259180323850627,12.939144841396294,11.961127586113095,13.439213697639445,13.52947476660336,13.656955733566148,13.327319186638178,12.31996141369649,12.656346880301228,12.741350022917725,12.861404914135111,12.5509704961544,11.602293758529706,12.63,1.9492574257425657,3.447193268868513,-13.860663852847082,38.90070116816226,27.72149634773084,61.25911080902511,68.37209302325583,58.0952380952381,33.8095238095238,1.3066871637202149,-4.768786127167632,38.39009287925696,0.09326584005992114,-0.2600616208678806,13.216156367675117,13.179391397301094,12.927999999999999,13.056,13.4125,13.734333333333336,13.356,12.330666666666666,0.04999999999999893,0.28000000000000114,0.030000000000001137,0.03264630042962387,13.4875,14.466231321660853,12.508768678339148,159.62264150943378,28831960,-0.21000266049738314,-0.3425599033622543,1.2099198464058432,0.985865724381626,1.164313222079589,50.0,12.84,27.44196084315249,22.13189393751513,13.4875,13.105,12.894,13.07,0,0,0,0,0,0,1,0,0,1.0,0,0.0,0,0,0.0,0,0,0,0,0.0
20150119,4476,000415XSHE20150119,20200210033915,1,0,13.18,0.0,000415.XSHE,13.18,1500,13.18,13.18,,,0.0,13.18,,13.091853525980225,13.097628239013266,13.210861598647703,13.250200671161465,13.127378288140724,13.223603254524024,13.15629850635803,12.831040931563079,13.22432741751305,12.706901774696215,12.102023732225986,13.143519232076807,13.25163934062676,12.950893873523302,11.991223201270795,13.484609131759631,13.537824809039114,13.649188520845563,13.339420689729002,12.350959897308922,12.69909792020082,12.749213655114502,12.854090160407958,12.562367057317605,11.631486505232672,12.91,1.0891240987881534,2.9784042253961576,-13.326090892630925,49.0630524794551,34.83534839163893,77.51846065508742,68.37209302325583,91.04477611940293,37.17277486910993,1.3066871637202149,-4.906204906204906,37.715179968701094,0.06781405410150597,-0.20361428766732145,13.213478118217699,13.179485028485546,13.038,13.049,13.348499999999998,13.731000000000002,13.40275,12.378999999999998,0.0,0.0,0.0,0.0269104513730201,13.4125,14.268590532595706,12.556409467404293,647.0588235293983,28831960,-0.017820978467357914,-0.11391181948237053,0.9783639000026852,0.9582822085889576,1.1336898395721922,50.0,13.13,38.90070116816226,27.72149634773084,13.4125,13.056,12.927999999999999,13.18,0,0,0,1,0,0,0,0,0,0.0,0,0.0,0,0,0.0,0,0,0,0,0.0
20150120,4477,000415XSHE20150120,20200210033915,1,0,13.18,0.0,000415.XSHE,13.18,1500,13.18,13.18,,,0.0,13.18,,13.121235683986814,13.11822117925995,13.206746718828011,13.243818791964973,13.15368914407036,13.218152847708518,13.157827634980096,12.84621306497338,13.220917616165893,12.725454646276756,12.130391528746355,13.150152098971931,13.244816546281355,12.96206978213192,12.020575714819666,13.51487275450642,13.544656661941092,13.642161042669796,13.350931875595878,12.381192986264255,12.727598613467212,12.755647536002774,12.847472049892914,12.573207688667962,11.659958443375075,12.85,0.6721662083715046,2.513844813639502,-3.3747314363576084,56.31981276408114,41.99683651578633,84.96576526067079,62.01117318435754,84.61538461538451,47.65100671140938,4.354711005542351,-3.584491587417705,32.54237288135592,0.0479644427338856,-0.1587968909409628,13.210998257608981,13.179564254872384,13.092000000000002,13.037,13.3125,13.704666666666668,13.452499999999995,12.427333333333333,0.0,0.0,0.0,0.02247436114745619,13.348499999999998,14.168594506749068,12.528405493250927,883.7837837837549,28831960,0.09188655947972896,0.037032790506185534,1.3090626562514034,0.8706030150753774,1.0453296703296695,50.0,13.18,49.0630524794551,34.83534839163893,13.348499999999998,13.049,13.038,13.18,0,0,1,1,0,0,0,0,0,1.0,0,0.0,0,0,1.0,0,0,0,0,1.0
20150121,4478,000415XSHE20150121,20200210033915,1,0,13.18,0.0,000415.XSHE,13.18,1500,13.18,13.18,,,0.0,13.18,,13.140823789324546,13.133665884444964,13.203180489650945,13.23801708360452,13.16684457203518,13.213383741744954,13.15925811014267,12.86072554040932,13.217770107230056,12.743279954265905,12.158012804305661,13.155578990067944,13.238643541873607,12.972700524466946,12.049203474947575,13.53504850300428,13.550246359769984,13.635802848129813,13.361881540200956,12.410679579196005,12.746599075644806,12.760911620365903,12.841484235617399,12.58351950873294,11.687727370699148,13.07,0.16719866241071607,2.053458048130856,5.640287769783902,61.15765295383184,48.38377532846816,86.7054082045592,53.741496598639486,100.0,45.83333333333329,2.0914020139426768,-0.5283018867924549,35.95505617977527,0.032557394628236244,-0.12325638484519486,13.208702090378685,13.179631292584324,13.157999999999998,13.02,13.3145,13.657000000000005,13.49675,12.475666666666664,0.0,0.0,0.0,0.019478106465808248,13.3125,14.131095748828445,12.493904251171555,1553.3333333332732,28831960,0.13905398673689187,0.11547027310831046,2.1680766026658205,0.8166449934980503,1.0071839080459766,33.33333333333333,13.18,56.31981276408114,41.99683651578633,13.3125,13.037,13.092000000000002,13.18,0,0,1,1,0,0,0,0,0,1.0,0,0.0,0,0,1.0,0,0,0,0,1.0
20150122,4479,000415XSHE20150122,20200210033915,1,0,13.18,0.0,000415.XSHE,13.18,1500,13.18,13.18,,,0.0,13.18,,13.153882526216364,13.14524941333372,13.200089757697484,13.232742803276837,13.173422286017589,13.209210774026834,13.160596296585078,12.874607038652394,13.214864714366207,12.760406230569206,12.184907204192355,13.160019173691952,13.23305844264755,12.982812694005144,12.077124376800723,13.548499002002854,13.554819748902712,13.630050195926973,13.372297074825301,12.439438108104744,12.759266050429868,12.765218598481193,12.836066689368124,12.593328313184989,11.7148106454967,13.18,-1.347766949469082e-14,1.5971879625061969,12.906906906906896,64.38287974699898,53.7168101346451,85.71501897170674,46.45669291338584,100.0,43.884892086330936,2.5680933852140084,-0.902255639097752,37.49999999999999,0.020668317141034176,-0.09511261989761656,13.206576009609895,13.17968801680212,13.18,13.037,13.316000000000004,13.642666666666667,13.515999999999995,12.523999999999996,0.0,0.0,0.0,0.016019228679490027,13.3145,14.131993730862813,12.497006269137186,-900.0000000000356,28831960,0.14709976294394392,0.1430768748404179,1.6612905625198349,0.8633720930232569,0.9105812220566316,33.33333333333333,13.18,61.15765295383184,48.38377532846816,13.3145,13.02,13.157999999999998,13.18,0,0,1,1,0,0,0,0,0,1.0,0,0.0,0,0,1.0,0,0,0,0,1.0
20150123,4480,000415XSHE20150123,20200210033915,1,0,13.18,0.0,000415.XSHE,13.18,1500,13.18,13.18,,,0.0,13.18,,13.162588350810909,13.153937060000288,13.197411123337819,13.227948002978945,13.176711143008795,13.205559427273483,13.1618481484183,12.887884993493595,13.212182813261116,12.776860888193939,12.211093856713607,13.163652051202506,13.228005257633495,12.9924315869805,12.104355873669839,13.557466001335234,13.55856161273858,13.6248454153625,13.382204534589913,12.467486549879935,12.76771070028658,12.768742489666431,12.83116509990449,12.602658639371086,11.741225197459743,13.18,-1.347766949469082e-14,1.1449795868251056,17.547751078249398,65.40253998637138,57.612053418553856,80.98351312200643,38.18181818181819,,58.0952380952381,0.8416220351950989,-1.273408239700374,42.105263157894726,0.011560373295170612,-0.07286355076690851,13.20460741630546,13.179736014217177,13.18,13.054000000000002,13.306,13.611666666666668,13.53025,12.572333333333328,0.0,0.0,0.0,0.01332899040124252,13.316000000000004,14.135009157457965,12.496990842542044,-100.0,28831960,0.13441382544124347,0.14075679419259368,1.29896511028245,0.7963525835866271,0.8881789137380185,16.666666666666664,13.18,64.38287974699898,53.7168101346451,13.316000000000004,13.037,13.18,13.18,0,0,1,1,0,0,0,0,0,1.0,0,0.0,0,0,0.0,0,0,0,0,0.0
20150126,4481,000415XSHE20150126,20200210033915,1,0,13.18,0.0,000415.XSHE,13.18,1500,13.18,13.18,,,0.0,13.18,,13.168392233873938,13.160452795000216,13.195089640226113,13.223589093617225,13.178355571504396,13.202364498864295,13.16301923561712,12.900585645950393,13.20970721224103,12.792670265127509,12.236591386800091,13.166624405529324,13.223433328335071,13.001581265664383,12.130914987900214,13.563444000890154,13.561623137695205,13.620136328185122,13.391628703634309,12.494842437537224,12.773340466857722,12.771625673363445,12.826730328485015,12.611533827694448,11.766987538263207,13.18,-1.347766949469082e-14,0.6967789254936112,22.99686520376112,63.004678398874425,59.409595078660715,70.19484503930187,30.61224489795925,,58.0952380952381,0.0,1.3066871637202149,50.52631578947368,0.0046466951735880365,-0.055309424972660615,13.202784644727275,13.179776627414535,13.18,13.109000000000002,13.267,13.556000000000004,13.537,12.620666666666665,0.0,0.0,0.0,0.009766045033071508,13.306,14.069101565979262,12.54289843402074,,28831960,0.11310835648182645,0.12376109096153495,2.450795477403389,0.8957264957264967,1.0311355311355304,0.0,13.18,65.40253998637138,57.612053418553856,13.306,13.054000000000002,13.18,13.18,0,0,1,1,0,0,0,0,0,1.0,0,0.0,0,0,0.0,0,0,0,0,0.0
20150127,4482,000415XSHE20150127,20200210033915,1,0,13.18,0.0,000415.XSHE,13.18,1500,13.18,13.18,,,0.0,13.18,,13.172261489249294,13.165339596250165,13.193077688195965,13.219626448742929,13.179177785752199,13.199568936506255,13.164114768803113,12.912734096126465,13.207422042068643,12.80785966649506,12.261417929252719,13.16905633179672,13.219296820874588,13.010284618558801,12.156818321532311,13.567429333926773,13.56412802175062,13.615875725500825,13.400593157115564,12.521522871178279,12.777093644571815,12.773984641842818,12.822717916248351,12.619976080002036,11.792113771886338,13.18,-1.347766949469082e-14,0.25253293577150265,29.90338524203265,60.97747790694189,59.932222688087776,63.0679883446501,29.16666666666676,,91.04477611940293,0.0,1.3066871637202149,50.395778364116076,-0.0005398240287932475,-0.041492153619050266,13.201096893266001,13.179810992427681,13.18,13.136,13.2095,13.506000000000002,13.5505,12.668999999999995,0.0,0.0,0.0,0.006977509014481258,13.267,13.85404258789291,12.679957412107095,,28831960,0.09020523360290973,0.10165679504236808,1.7511870178836229,0.8971119133574013,1.0368217054263555,0.0,13.18,63.004678398874425,59.409595078660715,13.267,13.109000000000002,13.18,13.18,1,0,1,1,0,0,0,0,0,2.0,0,0.0,0,0,0.0,0,0,0,0,0.0
20150128,4483,000415XSHE20150128,20200210033915,1,0,13.18,0.0,000415.XSHE,13.18,1500,13.18,13.18,,,0.0,13.18,,13.17484099283286,13.169004697187624,13.1913339964365,13.216024044311755,13.179588892876101,13.197122819442976,13.165139622428718,12.924354352816618,13.205312654217213,12.822453405063882,12.285591141640806,13.171046089651863,13.215554266505578,13.01856341765349,12.182082066679662,13.570086222617848,13.566177472341414,13.612020894500745,13.409120320183098,12.547544528680053,12.779595763047874,12.775914706962304,12.81908763851041,12.628006515123888,11.81661960467927,13.18,-1.347766949469082e-14,-0.1878104931539437,36.16414307658413,48.05905934536865,55.974501573848066,32.228174888409804,29.16666666666676,,84.61538461538451,0.0,4.354711005542351,47.19101123595504,-0.004370677206184743,-0.03064682541913196,13.19953416043148,13.17984007051573,13.18,13.169,13.1765,13.453666666666667,13.571499999999995,12.717333333333327,0.0,0.0,0.0,0.00472069967595985,13.2095,13.720314056188743,12.698685943811256,,28831960,0.06924959816309392,0.07972741588300182,4.94463009681808,0.9897750511247446,1.162222222222221,0.0,13.18,60.97747790694189,59.932222688087776,13.2095,13.136,13.18,13.18,1,0,1,1,0,0,0,0,0,2.0,0,0.0,1,0,0.0,0,0,0,0,1.0
20150129,4484,000415XSHE20150129,20200210033915,1,0,13.18,0.0,000415.XSHE,13.18,1500,13.18,13.18,,,0.0,13.18,,13.176560661888573,13.171753522890716,13.189822796911635,13.212749131192508,13.179794446438049,13.194982467012606,13.166098356465573,12.935469380955027,13.203365526969733,12.836474840159413,12.309128216860788,13.172674073351526,13.212168145885999,13.026438372889904,12.206722015650534,13.571857481745232,13.567854295552067,13.60853319026258,13.417231524076605,12.57292367612005,12.781263842031915,12.777493851150975,12.815803101509418,12.635645221703207,11.840520355181019,13.18,-1.347766949469082e-14,-0.6243025605451963,43.270939217385795,32.03937289691243,47.99612534820286,0.12586799433158544,29.16666666666676,,100.0,0.0,2.0914020139426768,36.91275167785232,-0.007141043871534039,-0.02216293332279437,13.198087185584704,13.179864675051773,13.18,13.18,13.142500000000002,13.385,13.579,12.765666666666664,0.0,0.0,0.0,0.002731411229135062,13.1765,13.580077749634444,12.77292225036556,,28831960,0.051661457872091004,0.060455528017592464,3.2869804118400716,1.22976501305483,1.3854748603351938,0.0,13.18,48.05905934536865,55.974501573848066,13.1765,13.169,13.18,13.18,1,0,1,0,0,0,0,0,0,1.0,0,0.0,1,0,0.0,0,1,0,0,1.0
20150130,4485,000415XSHE20150130,20200210033915,1,0,13.18,0.0,000415.XSHE,13.18,1500,13.18,13.18,,,0.0,13.18,,13.177707107925716,13.173815142168035,13.18851309065675,13.209771937447734,13.179897223219026,13.193109658636027,13.166995236693607,12.94610114700046,13.201568178741296,12.849946415055125,12.332045895364448,13.174006060014882,13.209104512944474,13.033929183968446,12.23075357081966,13.573038321163486,13.569226241815329,13.605377648332805,13.424947059487502,12.597676177944248,12.782375894687945,12.778785878214435,12.81283137755614,12.642911308449396,11.863830963695069,13.18,-1.347766949469082e-14,-1.0569935739594332,46.71789242590104,21.35958193127496,39.117277542560224,-14.155809291295586,32.55813953488381,,100.0,0.0,2.5680933852140084,27.96934865900381,-0.009085215054294526,-0.0155533694620839,13.196747394059914,13.179885494274574,13.18,13.18,13.118,13.335000000000004,13.59575,12.813999999999995,0.0,0.0,0.0,0.0,13.142500000000002,13.466697470687235,12.818302529312769,,28831960,0.03768664339866548,0.044674050635378236,inf,1.1633802816901402,1.370370370370369,0.0,13.18,32.03937289691243,47.99612534820286,13.142500000000002,13.18,13.18,13.18,1,0,0,0,0,0,0,0,0,0.0,0,1.0,1,0,1.0,0,1,0,0,3.0
20150202,4486,000415XSHE20150202,20200210033915,1,0,13.18,0.0,000415.XSHE,13.18,1500,13.18,13.18,,,0.0,13.18,,13.178471405283812,13.175361356626027,13.187378011902515,13.207065397679758,13.179948611609511,13.191470951306524,13.167834253681116,12.956270662348265,13.199909088068885,12.862889692896099,12.354360477065384,13.175095867284904,13.206332654568811,13.041054589628525,12.25419175425621,13.573825547442324,13.57034874330345,13.602522634205876,13.43228622731738,12.621817506883895,12.783117263125297,12.779842991266355,12.810142674931743,12.649822951939669,11.886566001628525,13.18,-1.347766949469082e-14,-1.3340120674940343,60.13489527865661,14.239721287516634,30.82475879087903,-18.930353719208146,41.79104477611947,,,0.0,0.8416220351950989,34.43396226415092,-0.010388919205785222,-0.010429633211925577,13.195506846351769,13.179903110540025,13.18,13.18,13.1145,13.292333333333335,13.59325,12.86233333333333,0.0,0.0,0.0,0.0,13.118,13.437904673301285,12.798095326698716,,28831960,0.02700006143817681,0.032343352418421144,inf,1.1300578034682072,1.267692307692306,0.0,13.18,21.35958193127496,39.117277542560224,13.118,13.18,13.18,13.18,0,0,0,0,0,0,1,0,0,1.0,0,1.0,1,0,1.0,0,1,0,0,3.0
20150203,4487,000415XSHE20150203,20200210033915,1,0,13.18,0.0,000415.XSHE,13.18,1500,13.18,13.18,,,0.0,13.18,,13.178980936855874,13.17652101746952,13.18639427698218,13.204604906981599,13.179974305804755,13.190037082393207,13.168619140540395,12.965998024854862,13.198377619755895,12.8753253912139,12.376087832932086,13.175987527778554,13.203824782705114,13.047832414524695,12.277051217114082,13.57435036496155,13.571267153611913,13.599939526186265,13.439267386960434,12.645362753627506,12.783611508750198,12.7807079019452,12.807710039223961,12.656397442088954,11.90873968060066,13.18,-1.347766949469082e-14,-1.6271085236601694,-130.93525179857366,9.493147525011091,23.714221702256378,-18.949000829479488,43.07692307692323,,,0.0,0.0,33.8095238095238,-0.011199170255761452,-0.0064820083998098285,13.194358191066456,13.179918016610786,13.18,13.18,13.1085,13.268333333333334,13.5735,12.910666666666662,0.0,0.0,0.0,0.0,13.1145,13.42461449498532,12.804385505014682,,28831960,0.019057634812948476,0.02302884812556264,,0.9710982658959534,0.9485714285714276,0.0,13.18,14.239721287516634,30.82475879087903,13.1145,13.18,13.18,13.18,0,0,0,0,0,0,1,0,0,1.0,0,1.0,1,0,1.0,0,1,0,0,3.0
20150204,4488,000415XSHE20150204,20200210033915,1,0,13.18,0.0,000415.XSHE,13.18,1500,13.18,13.18,,,0.0,13.18,,13.179320624570586,13.17739076310214,13.185541706717892,13.202368097256,13.179987152902376,13.188782447094054,13.16935338953779,12.975302458556824,13.196963956697752,12.887273415087867,12.397243416275975,13.176717068182453,13.201555755780813,13.05427961381617,12.299346248790275,13.574700243307705,13.572018580227931,13.59760242845424,13.44590800223066,12.668326636253983,12.783941005833464,12.78141555613698,12.805509083107394,12.662651225401687,11.930365861326571,13.18,-1.347766949469082e-14,-1.8863429958163138,9.587399417915664,6.328765016674062,17.919069473728946,-16.851843897435707,77.77777777777783,,,0.0,0.0,37.17277486910993,-0.011632134588195344,-0.003463714659471144,13.193294621357827,13.179930629439895,13.18,13.18,13.1,13.269666666666668,13.53775,12.958999999999996,0.0,0.0,0.0,0.0,13.1085,13.400458901217279,12.816541098782725,,28831960,0.013284067640957794,0.01617085122695313,,0.8971962616822425,0.8796296296296295,0.0,13.18,9.493147525011091,23.714221702256378,13.1085,13.18,13.18,13.18,0,0,0,0,0,0,1,0,0,1.0,0,1.0,1,0,1.0,0,1,0,0,3.0
20150205,4489,000415XSHE20150205,20200210033915,1,0,13.18,0.0,000415.XSHE,13.18,1500,13.18,13.18,,,0.0,13.18,,13.179547083047053,13.178043072326606,13.184802812488835,13.20033463386909,13.179993576451187,13.187684641207296,13.170040267632125,12.98420235166305,13.195659036951772,12.898752889005987,12.4178422737424,13.177313964876554,13.199502826658835,13.060412315581233,12.321090785857187,13.574933495538467,13.572633383822849,13.5954879114586,13.452224685048671,12.6907235094329,12.784160670555645,12.781994545930257,12.803517741859071,12.668599946113794,11.951458062281468,13.18,-1.347766949469082e-14,-1.998691333055664,5.984803446883947e-12,4.219176677782707,13.352438541746864,-14.047347050145605,,,,0.0,0.0,47.65100671140938,-0.01177941422192035,-0.0011782370698000429,13.19230983459058,13.179941301833761,13.18,13.18,13.1085,13.270666666666667,13.526999999999996,13.00733333333333,0.0,0.0,0.0,0.0,13.1,13.390879700219864,12.809120299780133,,28831960,0.009161109046096828,0.01122258834352731,,1.0916334661354568,0.930147058823529,0.0,13.18,6.328765016674062,17.919069473728946,13.1,13.18,13.18,13.18,0,0,0,0,0,0,1,0,0,1.0,0,1.0,1,0,1.0,0,1,1,0,3.0
20150206,4490,000415XSHE20150206,20200210033915,1,0,13.18,0.0,000415.XSHE,13.18,1500,13.18,13.18,,,0.0,13.18,,13.179698055364705,13.178532304244955,13.184162437490325,13.19848603079008,13.179996788225596,13.186724061056385,13.1706828310107,12.992715292895095,13.194454495647788,12.909782187476342,12.437899056012334,13.177802334898994,13.19764541459609,13.066245861162633,12.342298420774293,13.575088997025645,13.573136404945966,13.593574777033973,13.458233236997517,12.712567373397519,12.78430711370376,12.782468264852026,12.801716052158207,12.674258485327757,11.972029468151062,13.18,-1.347766949469082e-14,-2.0816926940163483,5.167583532801065e-12,2.8127844518551384,9.839220511782957,-11.240087668000495,,,,0.0,0.0,45.83333333333329,-0.011713063911617142,0.0005308024824256588,13.191397994991279,13.179950332320876,13.18,13.18,13.117,13.264,13.50375,13.055666666666662,0.0,0.0,0.0,0.0,13.1085,13.397297506914446,12.819702493085554,,28831960,0.00625965347776397,0.007710381261930398,,0.9426229508196712,0.7819548872180453,0.0,13.18,4.219176677782707,13.352438541746864,13.1085,13.18,13.18,13.18,0,0,0,0,0,0,1,0,0,1.0,0,1.0,1,0,1.0,0,1,1,0,3.0
20150209,4491,000415XSHE20150209,20200210033915,1,0,13.18,0.0,000415.XSHE,13.18,1500,13.18,13.18,,,0.0,13.18,,13.179798703576466,13.178899228183715,13.183607445824947,13.19680548253644,13.179998394112795,13.185883553424336,13.171283938687427,13.00085810624748,13.193342611367193,12.920378964438054,12.457428028222534,13.178201910371904,13.195964898920273,13.071794843544946,12.362982410384802,13.575192664683762,13.573547967683062,13.59184384588788,13.463948688851294,12.733871882696347,12.784404742469174,12.782855853060749,12.800085951952665,12.679640998238597,11.992092938073258,13.18,-1.347766949469082e-14,-2.1209600760455536,4.996999505166426e-12,1.875189634570092,7.184543552711999,-8.743518201713723,,,,0.0,0.0,43.884892086330936,-0.01148959624203836,0.001787741356630252,13.190553699066,13.179957973502278,13.18,13.18,13.144500000000004,13.238,13.462,13.103999999999996,0.0,0.0,0.0,0.0,13.117,13.300681790060967,12.933318209939033,,28831960,0.00424273391410262,0.005251193695933296,,1.1138613861386122,0.8565217391304342,0.0,13.18,2.8127844518551384,9.839220511782957,13.117,13.18,13.18,13.18,0,0,0,0,1,0,1,0,0,2.0,0,1.0,1,0,1.0,0,1,1,0,3.0
20150210,4492,000415XSHE20150210,20200210033915,1,0,13.18,0.0,000415.XSHE,13.18,1500,13.18,13.18,,,0.0,13.18,,13.179865802384311,13.179174421137787,13.183126453048288,13.195277711396766,13.179999197056398,13.185148109246294,13.171846265223724,13.00864688423672,13.192316256646636,12.930560181518915,12.476443080111418,13.178528835758831,13.19444443235644,13.077073143859826,12.383155684202464,13.575261776455847,13.573884700831599,13.590277765327134,13.469385338175623,12.754650354728534,12.784469828312785,12.783172970686069,12.798611099385743,12.68476094954403,12.011661013676386,13.18,-1.347766949469082e-14,-2.1994004333500774,5.275241523067773e-12,1.2501264230467282,5.206404509490243,-6.662429749840301,,,,0.0,0.0,58.0952380952381,-0.011153177886094918,0.00269134684754754,13.18977194357963,13.17996443911731,13.18,13.18,13.158,13.199666666666667,13.4245,13.152333333333333,0.0,0.0,0.0,0.0,13.144500000000004,13.293711259628758,12.99528874037125,,28831960,0.0028552917433958664,0.0035490128287492435,,1.5808823529411733,1.1402439024390234,0.0,13.18,1.875189634570092,7.184543552711999,13.144500000000004,13.18,13.18,13.18,0,0,0,0,1,0,1,0,0,2.0,0,1.0,1,0,1.0,0,1,1,0,3.0
20150211,4493,000415XSHE20150211,20200210033915,1,0,13.18,0.0,000415.XSHE,13.18,1500,13.18,13.18,,,0.0,13.18,,13.179910534922874,13.17938081585334,13.182709592641851,13.193888828542509,13.179999598528196,13.184504595590507,13.172372312628644,13.01609701970469,13.191368852289205,12.940342135184839,12.49495773589796,13.178796320166313,13.193068772132015,13.082093966110563,12.40283085249376,13.575307850970562,13.574160209771307,13.588860835295975,13.474556785093885,12.774915778068571,12.784513218875187,12.783432430561323,12.797276708968056,12.68963114712725,12.030745926918948,13.18,-1.347766949469082e-14,-2.3211691815135884,5.9694117534929845e-12,0.8334176153644854,3.748742211448324,-4.997231576803191,,,,0.0,0.0,58.0952380952381,-0.010738179485821665,0.003319987202186045,13.189048095907069,13.179969910022338,13.18,13.18,13.1745,13.177666666666667,13.38525,13.200666666666665,0.0,0.0,0.0,0.0,13.158,13.20594788837895,13.110052111621053,,28831960,0.0019094555519516266,0.0023823736476737464,,1.4333333333333305,1.085714285714285,0.0,13.18,1.2501264230467282,5.206404509490243,13.158,13.18,13.18,13.18,0,0,0,0,1,0,1,0,0,2.0,0,1.0,1,0,1.0,0,1,1,0,3.0
20150212,4494,000415XSHE20150212,20200210033915,1,0,13.18,0.0,000415.XSHE,13.18,1500,13.18,13.18,,,0.0,13.18,,13.17994035661525,13.179535611890007,13.18234831362294,13.19262620776592,13.179999799264099,13.183941521141696,13.172864421491315,13.023223236239268,13.190494325190036,12.949740482824652,12.512985163900645,13.179015171045167,13.19182412716706,13.086869870202731,12.42202021416058,13.575338567313707,13.574385626176523,13.587578850982073,13.479475966308813,12.794680820585398,12.784542145916793,12.783644715913812,12.796069403352051,12.694263774096651,12.049359607735765,13.18,-1.347766949469082e-14,-2.364584567974337,7.04432858922577e-12,0.5556117435763236,2.6843653888243235,-3.701895546919676,,,,0.0,0.0,91.04477611940293,-0.01027120905484721,0.0037357634477956296,13.188377866580618,13.179974539249669,13.18,13.18,13.18,13.155,13.333749999999998,13.248999999999995,0.0,0.0,0.0,0.0,13.1745,13.174500000000005,13.174499999999995,,28831960,0.0012697341926611481,0.0015895948723063872,,1.290909090909087,1.135593220338983,0.0,13.18,0.8334176153644854,3.748742211448324,13.1745,13.18,13.18,13.18,0,0,0,0,1,0,1,0,0,2.0,0,1.0,0,0,1.0,0,1,1,0,2.0
20150213,4495,000415XSHE20150213,20200210033915,1,0,13.18,0.0,000415.XSHE,13.18,1500,13.18,13.18,,,0.0,13.18,,13.179960237743499,13.179651708917506,13.182035205139881,13.191478370696291,13.179999899632051,13.183448830998984,13.173324781395099,13.030039617272346,13.189687069406187,12.958770267811921,12.53053818590326,13.179194230855137,13.190698019817814,13.091412803363573,12.44073576442822,13.575359044875809,13.574570057780793,13.586418960412349,13.484155187464482,12.813957837361068,12.784561430611195,12.783818403929482,12.794977079223282,12.698670419262669,12.067513691495373,13.18,-1.347766949469082e-14,-2.4614063910719675,8.792069205113469e-12,0.3704078290508824,1.9130462022331765,-2.7148689173137064,,,,0.0,0.0,84.61538461538451,-0.009772732760430069,0.0039878103553371465,13.187757283870942,13.17997845628818,13.18,13.18,13.18,13.138666666666667,13.296249999999995,13.29733333333333,0.0,0.0,0.0,0.0,13.18,13.180000000000005,13.179999999999998,,28831960,0.0008400518918992995,0.001054893042280224,,1.9999999999999896,1.6538461538461526,0.0,13.18,0.5556117435763236,2.6843653888243235,13.18,13.18,13.18,13.18,0,0,0,0,1,0,1,0,0,2.0,0,1.0,0,0,1.0,0,0,1,0,2.0
20150216,4496,000415XSHE20150216,20200210033915,1,0,13.18,0.0,000415.XSHE,13.18,1500,13.18,13.18,,,0.0,13.18,,13.179973491829,13.179738781688128,13.181763844454563,13.190434882451171,13.179999949816024,13.18301772712411,13.173755440659932,13.036559633912676,13.188941910221095,12.967445943584002,12.547629286274226,13.17934073433602,13.189679160787547,13.095734130028765,12.458989202343574,13.575372696583875,13.574720956366102,13.585369535611177,13.488606153929627,12.832758878413882,12.784574287074133,12.783960512305939,12.793988785963922,12.7028621061279,12.085219526273265,13.18,-1.347766949469082e-14,-2.446967566207201,1.2068143518977831e-11,0.24693855270058826,1.3576769857223137,-1.974538313342863,,,,0.0,0.0,100.0,-0.009258366117442005,0.004114933143904511,13.187182670250873,13.179981770705385,13.18,13.18,13.18,13.136333333333335,13.26425,13.328499999999995,0.0,0.0,0.0,0.0,13.18,13.180000000000005,13.179999999999998,,28831960,0.0005532225290193832,0.0006966372104593412,,1.9152542372881232,1.5671641791044746,0.0,13.18,0.3704078290508824,1.9130462022331765,13.18,13.18,13.18,13.18,0,0,0,0,1,0,1,0,0,2.0,0,0.0,0,0,1.0,0,0,0,0,1.0
20150217,4497,000415XSHE20150217,20200210033915,1,0,13.18,0.0,000415.XSHE,13.18,1500,13.18,13.18,,,0.0,13.18,,13.179982327886,13.179804086266095,13.181528665193953,13.189486256773796,13.17999997490801,13.182640511233597,13.174158315456069,13.042796171568648,13.18825407097332,12.975781396776789,12.564270620845955,13.179460600820383,13.188757335950642,13.099844660271266,12.476791938088176,13.57538179772258,13.574844418844993,13.58442005602916,13.4928400000794,12.85109569623082,12.784582858049419,12.784076782795768,12.793094615872118,12.706849320463126,12.102488179945533,13.18,-1.347766949469082e-14,-2.332750392743808,1.8769053397441792e-11,0.16462570180039218,0.9599932244150065,-1.4261093434288363,,,,0.0,0.0,100.0,-0.008739901972036078,0.004147713163247399,13.186650620602661,13.179984575212247,13.18,13.18,13.18,13.132333333333333,13.246249999999998,13.361666666666665,0.0,0.0,0.0,0.0,13.18,13.180000000000005,13.179999999999998,,28831960,0.00036280692257760364,0.00045801472579849343,,5.047619047618988,6.9374999999999245,0.0,13.18,0.24693855270058826,1.3576769857223137,13.18,13.18,13.18,13.18,0,0,0,0,1,0,1,0,0,2.0,0,0.0,0,0,1.0,0,0,0,0,1.0
20150225,4498,000415XSHE20150225,20200210033915,1,0,13.18,0.0,000415.XSHE,13.18,1500,13.18,13.18,,,0.0,13.18,,13.179988218590665,13.179853064699572,13.181324843168097,13.188623869794359,13.179999987454007,13.182310447329394,13.174535198329869,13.04876155541349,13.187619142436912,12.983789969452207,12.580474025560534,13.179558673398493,13.187923303955342,13.103754676843396,12.49415510011069,13.575387865148384,13.574945433600448,13.583561003074006,13.496867317148697,12.868979753114012,12.784588572032945,12.784171913196538,12.792285604836682,12.71064203653809,12.11933044710737,13.18,-1.347766949469082e-14,-2.125321174496075,3.7844123969852586e-11,0.10975046786692813,0.6765789722323137,-1.023906540863843,,,,0.0,0.0,,-0.008226128334225952,0.00411018910248101,13.186157982039502,13.179986948256516,13.18,13.18,13.18,13.126666666666667,13.24725,13.391166666666665,0.0,0.0,0.0,0.0,13.18,13.180000000000005,13.179999999999998,,28831960,0.00023702325528017671,0.00029991508892889023,,4.352941176470546,5.9999999999999725,0.0,13.18,0.16462570180039218,0.9599932244150065,13.18,13.18,13.18,13.18,0,0,0,0,1,0,1,0,0,2.0,0,1.0,0,0,0.0,0,0,0,0,1.0
20150226,4499,000415XSHE20150226,20200210033915,1,0,13.18,0.0,000415.XSHE,13.18,1500,13.18,13.18,,,0.0,13.18,,13.17999214572711,13.17988979852468,13.181148197412345,13.187839881631238,13.179999993727007,13.182021641413224,13.174887766179554,13.05446757474334,13.18703305455715,12.991484480454082,12.596251024887893,13.179638914598767,13.187168703578642,13.107473960899815,12.511089542083266,13.575391910098924,13.57502808203673,13.582783764686004,13.500698179726813,12.886422228345767,12.784592381355298,12.784249747160803,12.791553642471282,12.714249742072822,12.135756855820768,13.18,-1.347766949469082e-14,-2.06277493758167,9.947598300655749e-11,0.07316697857795207,0.4754416410141931,-0.7313823462945299,,,,0.0,0.0,,-0.007723478468322731,0.004021198927225767,13.185701835221762,13.179988956217054,13.18,13.18,13.18,13.132333333333333,13.248,13.403999999999995,0.0,0.0,0.0,0.0,13.18,13.180000000000005,13.179999999999998,,28831960,0.0001543064106563654,0.00019566483296827103,,9.333333333333263,61.00000000000142,0.0,13.18,0.10975046786692813,0.6765789722323137,13.18,13.18,13.18,13.18,0,0,0,0,1,0,1,0,0,2.0,0,1.0,0,0,0.0,0,0,0,0,1.0
20150227,4500,000415XSHE20150227,20200210033915,1,0,13.18,0.0,000415.XSHE,13.18,1500,13.18,13.18,,,0.0,13.18,,13.179994763818073,13.17991734889351,13.180995104424033,13.187127165119307,13.1799999968635,13.181768936236567,13.17521758771636,13.059925506276238,13.186492050360446,12.99887724592647,12.61161284002242,13.179704566489901,13.186485969904487,13.11101181646568,12.527605849686148,13.575394606732617,13.575095703484598,13.582080549001622,13.504342170959651,12.90343402517673,12.78459492090353,12.784313429495207,12.790891390807353,12.717681461971708,12.151777674195564,13.18,-1.347766949469082e-14,-1.927226728179105,7.329809274235855e-10,0.04877798571863472,0.3332204225823404,-0.5201068880087766,,,,0.0,0.0,,-0.007236547133979041,0.003895450674749519,13.185279477057188,13.179990655260587,13.18,13.18,13.18,13.138,13.243,13.4135,0.0,0.0,0.0,0.0,13.18,13.180000000000005,13.179999999999998,,28831960,0.00010013270088892932,0.00012721955577264736,,10.999999999999584,-13.000000000000295,0.0,13.18,0.07316697857795207,0.4754416410141931,13.18,13.18,13.18,13.18,0,0,0,0,1,0,1,0,0,2.0,0,1.0,0,0,0.0,0,0,0,0,1.0
20150302,4501,000415XSHE20150302,20200210033915,1,0,13.18,0.0,000415.XSHE,13.18,1500,13.18,13.18,,,0.0,13.18,,13.179996509212048,13.179938011670131,13.180862423834162,13.186479241017555,13.17999999843175,13.181547819206994,13.175526130444336,13.065146136438141,13.18599266187118,13.005980099027393,12.626570396863935,13.179758281673555,13.185868258485012,13.114377093711257,12.54371434722476,13.57539640448841,13.575151030123765,13.581444306239565,13.50780840652259,12.920025777641506,12.784596613935685,12.784365533223347,12.790292210730462,12.720945780899918,12.167402916808017,13.18,-1.347766949469082e-14,-1.6828787969206247,-6.963318810376276e-10,0.03251865714575648,0.2329865007701457,-0.368417030103022,,,,0.0,0.0,,-0.006768500061138922,0.0037443765827209455,13.184888404682582,13.179992092912805,13.18,13.18,13.18,13.156333333333334,13.223499999999998,13.418,0.0,0.0,0.0,0.0,13.18,13.180000000000005,13.179999999999998,,28831960,6.478495317332176e-05,8.245882703112554e-05,,,,0.0,13.18,0.04877798571863472,0.3332204225823404,13.18,13.18,13.18,13.18,0,0,0,0,1,0,1,0,0,2.0,0,1.0,0,0,0.0,0,0,0,0,1.0
20150303,4502,000415XSHE20150303,20200210033915,1,0,13.18,0.0,000415.XSHE,13.18,1500,13.18,13.18,,,0.0,13.18,,13.179997672808032,13.179953508752599,13.180747433989605,13.185890219106867,13.179999999215875,13.181354341806125,13.175814767189864,13.070139782679961,13.18553168788109,13.012804408869455,12.641134333788571,13.17980223046018,13.185309376724534,13.117578211091194,12.55942510408341,13.575397602992275,13.575196297373989,13.580868658026274,13.51110555742393,12.936207857205913,12.784597742623793,12.784408163546374,12.789750095422802,12.72405086475846,12.182642350960903,13.18,-1.347766949469082e-14,-1.4623643051525923,-66.66666666666667,0.021679104763837654,0.1625507021013764,-0.26006408991123986,,,,0.0,0.0,,-0.006321398297764068,0.0035768141069988345,13.184526300632019,13.179993309387756,13.18,13.18,13.18,13.165333333333335,13.19475,13.426999999999998,0.0,0.0,0.0,0.0,13.18,13.180000000000005,13.179999999999998,,28831960,4.179977988136608e-05,5.329236652734392e-05,,,,0.0,13.18,0.03251865714575648,0.2329865007701457,13.18,13.18,13.18,13.18,0,0,0,0,1,0,1,0,0,2.0,0,1.0,0,0,0.0,0,0,0,0,1.0
20150304,4503,000415XSHE20150304,20200210033915,1,0,13.18,0.0,000415.XSHE,13.18,1500,13.18,13.18,,,0.0,13.18,,13.179998448538687,13.179965131564451,13.180647776124324,13.185354744642611,13.179999999607935,13.18118504908036,13.176084782209873,13.074916313867785,13.1851061734287,13.019361098717713,12.655315009215188,13.17983818855833,13.184803721798387,13.120623176403818,12.574747941019618,13.575398401994851,13.575233334215081,13.580347833452342,13.514241871695932,12.951990379250207,12.784598495082527,12.78444304290158,12.789259610144436,12.727004481111702,12.197505502789033,13.18,-1.347766949469082e-14,-1.2304971448269078,-66.66666666666667,0.014452736509225104,0.11318471357065928,-0.18301121761364328,,,,0.0,0.0,,-0.005896454716412113,0.0033995486508156397,13.184191019103725,13.17999433871272,13.18,13.18,13.18,13.176333333333336,13.17825,13.440999999999995,0.0,0.0,0.0,0.0,13.18,13.180000000000005,13.179999999999998,,28831960,2.6900516134868077e-05,3.4350148008117076e-05,,,,0.0,13.18,0.021679104763837654,0.1625507021013764,13.18,13.18,13.18,13.18,0,0,0,0,1,0,1,0,0,2.0,0,1.0,0,0,0.0,0,0,0,0,1.0
20150305,4504,000415XSHE20150305,20200210033915,1,0,13.18,0.0,000415.XSHE,13.18,1500,13.18,13.18,,,0.0,13.18,,13.179998965692455,13.179973848673336,13.180561405974412,13.1848679496751,13.179999999803968,13.181036917945313,13.176337376906009,13.07948516978658,13.184713390857263,13.025660663473882,12.66912250897268,13.179867608820453,13.184346224484255,13.123519606823145,12.589692436303086,13.575398934663232,13.575263637085063,13.579876611218786,13.517225195027835,12.967383209392178,12.784598996721686,12.784471580555838,12.788815837749727,12.729814018618448,12.212001663213993,13.18,-1.347766949469082e-14,-0.9246034729007784,-66.66666666666667,0.009635157672816736,0.0786681949380451,-0.12843091685764,,,,0.0,0.0,,-0.005494236485969245,0.003217745843542941,13.183880573244188,13.17999520967999,13.18,13.18,13.18,13.18,13.16125,13.445999999999998,0.0,0.0,0.0,0.0,13.18,13.180000000000005,13.179999999999998,,28831960,1.7270715980841112e-05,2.2085616057854594e-05,,,,0.0,13.18,0.014452736509225104,0.11318471357065928,13.18,13.18,13.18,13.18,0,0,0,0,1,0,1,0,0,2.0,0,1.0,0,0,0.0,0,0,0,0,1.0
20150306,4505,000415XSHE20150306,20200210033915,1,0,13.18,0.0,000415.XSHE,13.18,1500,13.18,13.18,,,0.0,13.18,,13.17999931046164,13.179980386505004,13.18048655184449,13.184425408795546,13.179999999901984,13.180907303202149,13.176573675170138,13.083855379795864,13.184350822329778,13.031713186474908,12.682566653473401,13.179891679944005,13.183932298342896,13.126274747953724,12.60426793170301,13.575399289775488,13.575288430342324,13.579450267293186,13.520062990392336,12.9823959696541,12.78459933114779,12.784494929545687,12.78841432939261,12.73248650551511,12.226139893751919,13.18,-1.347766949469082e-14,-0.7006705341670395,-66.66666666666667,0.00642343844854449,0.054586609441544885,-0.08990290353745631,,,,0.0,0.0,,-0.005114824533165759,0.0030352956224278947,13.18359312337425,13.179995946652298,13.18,13.18,13.18,13.18,13.148999999999996,13.457166666666666,0.0,0.0,0.0,0.0,13.18,13.180000000000005,13.179999999999998,,28831960,1.106348348801932e-05,1.4167099734430216e-05,,,,0.0,13.18,0.009635157672816736,0.0786681949380451,13.18,13.18,13.18,13.18,0,0,0,0,1,0,1,0,0,2.0,0,0.0,0,0,0.0,0,0,0,0,0.0
20150309,4506,000415XSHE20150309,20200210033915,1,0,13.18,0.0,000415.XSHE,13.18,1500,13.18,13.18,,,0.0,13.18,,13.17999954030776,13.179985289878752,13.180421678265224,13.184023098905044,13.179999999950994,13.180793890301883,13.176794728384968,13.088035580674305,13.184016143689027,13.037528355632752,12.695657004697786,13.17991137449964,13.183557793738814,13.128895491955976,12.618483538327627,13.575399526516993,13.575308715734632,13.579064527550974,13.522762356714658,12.997038044477456,12.784599554098527,12.784514033264651,12.788051059926648,12.735028627197297,12.239929032177796,13.18,-1.347766949469082e-14,-0.5087790811781343,-66.66666666666667,0.0042822922990296605,0.03781850372737314,-0.06279013055765731,,,,0.0,0.0,,-0.004757938795135669,0.0028550859042407173,13.183326966087268,13.179996570244253,13.18,13.18,13.18,13.18,13.147249999999996,13.4555,0.0,0.0,0.0,0.0,13.18,13.180000000000005,13.179999999999998,,28831960,7.072408374686569e-06,9.067945931352944e-06,,,,0.0,13.18,0.00642343844854449,0.054586609441544885,13.18,13.18,13.18,13.18,0,0,0,0,1,0,1,0,0,2.0,0,0.0,0,0,0.0,0,0,0,0,0.0
20150310,4507,000415XSHE20150310,20200210033915,1,0,13.18,0.0,000415.XSHE,13.18,1500,13.18,13.18,,,0.0,13.18,,13.179999693538505,13.179988967409065,13.180365454496524,13.183657362640949,13.179999999975493,13.180694654014149,13.177001520102069,13.092034033688464,13.183707209559104,13.043115478941274,12.708402872995212,13.179927488226976,13.183218956239875,13.131388394787395,12.632348142319536,13.575399684344662,13.575325312873789,13.578715524927073,13.525330046631018,13.011318586589125,12.784599702732349,12.784529663580168,12.787722387552678,12.737446742943773,12.253377698049949,13.18,-1.347766949469082e-14,-0.40051386684795737,-66.66666666666667,0.00285486153268644,0.026163956329144242,-0.043763328060229166,,,,0.0,0.0,,-0.00442303628728784,0.002679220062782628,13.183080524154878,13.179997097898982,13.18,13.18,13.18,13.18,13.14425,13.44233333333333,0.0,0.0,0.0,0.0,13.18,13.180000000000005,13.179999999999998,,28831960,4.512247535983957e-06,5.792327955335263e-06,,,,0.0,13.18,0.0042822922990296605,0.03781850372737314,13.18,13.18,13.18,13.18,0,0,0,0,1,0,1,0,0,2.0,0,0.0,0,0,0.0,0,0,0,0,0.0
20150311,4508,000415XSHE20150311,20200210033915,1,0,13.18,0.0,000415.XSHE,13.18,1500,13.18,13.18,,,0.0,13.18,,13.179999795692337,13.179991725556798,13.180316727230325,13.183324875128136,13.179999999987748,13.180607822262376,13.177194970418062,13.095858640919404,13.183422039593019,13.04848349937495,12.720813323705867,13.179940672185712,13.182912388978936,13.133759692602643,12.645870410410414,13.575399789563107,13.57533889235128,13.578399760648306,13.527772483380726,13.025246522722727,12.784599801821567,12.78454245202014,12.78742501730957,12.739746901824565,12.266494298098099,13.18,-1.347766949469082e-14,-0.4065347821486657,-66.66666666666667,0.00190324102179096,0.01807705122669315,-0.030444379388013417,,,,0.0,0.0,,-0.0041093875907065504,0.002509189572650321,13.182852337180442,13.17999754437606,13.18,13.18,13.18,13.18,13.139999999999995,13.418499999999998,0.0,0.0,0.0,0.0,13.18,13.180000000000005,13.179999999999998,,28831960,2.873556887216917e-06,3.692902211600437e-06,,,,0.0,13.18,0.00285486153268644,0.026163956329144242,13.18,13.18,13.18,13.18,0,0,0,0,1,0,1,0,0,2.0,0,0.0,0,0,0.0,0,0,0,0,0.0
20150312,4509,000415XSHE20150312,20200210033915,1,0,13.18,0.0,000415.XSHE,13.18,1500,13.18,13.18,,,0.0,13.18,,13.17999986379489,13.179993794167599,13.180274496932947,13.183022613752847,13.179999999993875,13.180531844479582,13.17737594006851,13.099516960879429,13.183158805778177,13.053641009203384,12.732897183608339,13.179951459061035,13.182635018599992,13.136015317353735,12.659058795338552,13.575399859708734,13.575350002832865,13.57811406915799,13.530095776874347,13.038830559198711,12.784599867881045,12.784552915289204,12.787155968041992,12.741934857833126,12.279287031478395,13.18,-1.347766949469082e-14,-0.4110499909326624,-66.66666666666667,0.00126882734786064,0.01247430993374898,-0.02114213782391604,,,,0.0,0.0,,-0.003816136228664917,0.0023460108963330698,13.182641052944856,13.179997922164358,13.18,13.18,13.18,13.18,13.14425,13.41133333333333,0.0,0.0,0.0,0.0,13.18,13.180000000000005,13.179999999999998,,28831960,1.8268152898321342e-06,2.3501860885245255e-06,,,,0.0,13.18,0.00190324102179096,0.01807705122669315,13.18,13.18,13.18,13.18,0,0,0,0,1,0,1,0,0,2.0,0,0.0,0,0,0.0,0,0,0,0,0.0
20150313,4510,000415XSHE20150313,20200210033915,1,0,13.18,0.0,000415.XSHE,13.18,1500,13.18,13.18,,,0.0,13.18,,13.179999909196596,13.179995345625699,13.18023789734189,13.18274783068441,13.179999999996936,13.180465363919636,13.177545234257641,13.103016223449886,13.182915820718314,13.058596263744429,12.744663047197594,13.1799602846863,13.182384064447612,13.138160911629164,12.671921541132662,13.575399906472493,13.57535909322689,13.57785558638104,13.53230573897804,13.052079187366642,12.784599911920695,12.784561476145713,12.786912542514186,12.744016084280288,12.29176389489868,13.18,-1.347766949469082e-14,-0.3809408634658886,-66.66666666666667,0.00084588489857376,0.00859816825535724,-0.0146586818149932,,,,0.0,0.0,,-0.003542344495333504,0.0021903338666513037,13.182445419393385,13.179998241831374,13.18,13.18,13.18,13.18,13.148500000000002,13.395833333333332,0.0,0.0,0.0,0.0,13.18,13.180000000000005,13.179999999999998,,28831960,1.1594715032973362e-06,1.493143396564735e-06,,,,0.0,13.18,0.00126882734786064,0.01247430993374898,13.18,13.18,13.18,13.18,0,0,0,0,1,0,1,0,0,2.0,0,0.0,0,0,0.0,0,0,0,0,0.0
20150316,4511,000415XSHE20150316,20200210033915,1,0,13.18,0.0,000415.XSHE,13.18,1500,13.18,13.18,,,0.0,13.18,,13.179999939464395,13.179996509219274,13.180206177696304,13.182498027894914,13.179999999998467,13.18040719342968,13.17770360624102,13.106363344169454,13.182691526816908,13.063357194577982,12.756119282797654,13.179967505652428,13.182157010690696,13.140201842769205,12.684466688265188,13.575399937648324,13.575366530822,13.57762172101142,13.53440789805228,13.065000688913145,12.784599941280465,12.784568480482855,12.786692300369976,12.745995787486127,12.303932687617232,13.18,-1.347766949469082e-14,-0.2633411024002766,-66.66666666666667,0.0005639232657158401,0.005920086592143441,-0.010148403387139364,,,,0.0,0.0,,-0.0032870285757144826,0.0020425273569521694,13.182264277216095,13.179998512318859,13.18,13.18,13.18,13.18,13.16225,13.368,0.0,0.0,0.0,0.0,13.18,13.180000000000005,13.179999999999998,,28831960,7.347765301186607e-07,9.471240167079985e-07,,,,0.0,13.18,0.00084588489857376,0.00859816825535724,13.18,13.18,13.18,13.18,0,0,0,0,1,0,1,0,0,2.0,0,0.0,0,0,0.0,0,0,0,0,0.0
20150317,4512,000415XSHE20150317,20200210033915,1,0,13.18,0.0,000415.XSHE,13.18,1500,13.18,13.18,,,0.0,13.18,,13.179999959642931,13.179997381914456,13.180178687336795,13.182270934449926,13.179999999999234,13.18035629425097,13.177851760677084,13.109564937901222,13.182484486292527,13.06793142224159,12.767274038513511,13.179973413715626,13.181951581101108,13.142143216292656,12.696702078678394,13.575399958432216,13.575372616127092,13.577410128534144,13.536407512781436,13.077603141038745,12.78459996085364,12.784574211304154,12.786493033668075,12.747878919803878,12.31580101631804,13.18,-1.347766949469082e-14,-0.08944950651156057,-66.66666666666667,0.00037594884381056,0.00407204067603248,-0.00701623482063328,,,,0.0,0.0,,-0.003049185217569302,0.0019027468651614454,13.18209655297787,13.179998741192879,13.18,13.18,13.18,13.18,13.169,13.342999999999998,0.0,0.0,0.0,0.0,13.18,13.180000000000005,13.179999999999998,,28831960,4.649605999055035e-07,5.99868565012082e-07,,,,0.0,13.18,0.0005639232657158401,0.005920086592143441,13.18,13.18,13.18,13.18,0,0,0,0,1,0,1,0,0,2.0,0,0.0,0,0,0.0,0,0,0,0,0.0
20150318,4513,000415XSHE20150318,20200210033915,1,0,13.18,0.0,000415.XSHE,13.18,1500,13.18,13.18,,,0.0,13.18,,13.179999973095288,13.179998036435842,13.180154862358556,13.182064485863568,13.179999999999616,13.1803117574696,13.17799035676243,13.112627331905514,13.182293371962334,13.072326268428194,12.778135248026311,13.179978247585511,13.181765716234336,13.143989888668626,12.708635360686333,13.575399972288144,13.575377595013075,13.577218687721365,13.538309585328687,13.08989442150692,12.784599973902429,12.784578900157944,12.786312744747304,12.749670192008569,12.327376299865742,13.18,-1.347766949469082e-14,0.010623283201610156,-66.66666666666667,0.0002506325625403733,0.0027982379715351113,-0.004844578255449102,,,,0.0,0.0,,-0.0028278117544095122,0.00177098770527832,13.181941252757285,13.179998934855515,13.18,13.18,13.18,13.18,13.17725,13.316833333333333,0.0,0.0,0.0,0.0,13.18,13.180000000000005,13.179999999999998,,28831960,2.938162837028353e-07,3.793884418041693e-07,,,,0.0,13.18,0.00037594884381056,0.00407204067603248,13.18,13.18,13.18,13.18,0,0,0,0,1,0,1,0,0,2.0,0,0.0,0,0,0.0,0,0,0,0,0.0
20150319,4514,000415XSHE20150319,20200210033915,1,0,13.18,0.0,000415.XSHE,13.18,1500,13.18,13.18,,,0.0,13.18,,13.179999982063524,13.179998527326882,13.18013421404408,13.181876805330514,13.179999999999806,13.1802727877859,13.178120011164856,13.115556578344407,13.182116958734465,13.07654876770552,12.788710636236145,13.179982202569963,13.181597552783446,13.145746479465279,12.720273993755805,13.57539998152543,13.57538166864706,13.577045479366953,13.54011887384924,13.101882213568478,12.784599982601618,12.784582736492863,12.786149626199947,12.75137408508132,12.338665773943125,13.18,-1.347766949469082e-14,0.11393847322453066,-66.66666666666667,0.00016708837502691555,0.0019211881060323796,-0.003341111086984012,,,,0.0,0.0,,-0.002621920910097335,0.0016471267544974164,13.181797456256746,13.179999098723895,13.18,13.18,13.18,13.18,13.18,13.282499999999995,0.0,0.0,0.0,0.0,13.18,13.180000000000005,13.179999999999998,,28831960,1.854235809748832e-07,2.396199323388592e-07,,,,0.0,13.18,0.0002506325625403733,0.0027982379715351113,13.18,13.18,13.18,13.18,0,0,0,0,1,0,1,0,0,2.0,0,0.0,0,0,0.0,0,0,0,0,0.0
20150320,4515,000415XSHE20150320,20200210033915,1,0,13.18,0.0,000415.XSHE,13.18,1500,13.18,13.18,,,0.0,13.18,,13.179999988042347,13.179998895495162,13.180116318838204,13.181706186664105,13.179999999999904,13.180238689312663,13.178241300767127,13.118358466242476,13.181954115754891,13.080605678775894,12.799007724756244,13.179985438466332,13.18144540489931,13.147417382905994,12.731625253169241,13.575399987683618,13.57538500162032,13.57688876704629,13.541839904393179,13.113574010764316,12.784599988401078,12.784585875312343,12.786002042752333,12.752994861418815,12.349676495574162,13.18,-1.347766949469082e-14,0.1885186086110904,-66.66666666666667,0.0001113922500179437,0.0013179228206942342,-0.002301668891334637,,,,0.0,0.0,,-0.0024305515214932552,0.0015309551088326394,13.18166431134884,13.17999923738176,13.18,13.18,13.18,13.18,13.18,13.257499999999995,0.0,0.0,0.0,0.0,13.18,13.180000000000005,13.179999999999998,,28831960,1.1687237961798568e-07,1.5114798029643446e-07,,,,0.0,13.18,0.00016708837502691555,0.0019211881060323796,13.18,13.18,13.18,13.18,0,0,0,0,1,0,1,0,0,2.0,0,0.0,0,0,0.0,0,0,0,0,0.0
20150323,4516,000415XSHE20150323,20200210033915,1,0,13.18,0.0,000415.XSHE,13.18,1500,13.18,13.18,,,0.0,13.18,,13.179999992028234,13.179999171621374,13.180100809659775,13.181551078785551,13.179999999999952,13.18020885314858,13.17835476523376,13.121038532927587,13.18180379915836,13.084503495294484,12.809033837262659,13.179988086017909,13.18130774728985,13.149006778861803,12.742696234572469,13.575399991789082,13.575387728598445,13.576746979708547,13.54347698222766,13.124977121609641,12.784599992267387,12.784588443437368,12.785868514871158,12.75453657549595,12.360415347535293,13.18,-1.347766949469082e-14,0.1991819854339296,-66.66666666666667,7.426150001196247e-05,0.0009033690471334767,-0.0015839535942310664,,,,0.0,0.0,,-0.0022527760810063693,0.001422203523895084,13.181541029026704,13.179999354707643,13.18,13.18,13.18,13.18,13.18,13.236166666666666,0.0,0.0,0.0,0.0,13.18,13.180000000000005,13.179999999999998,,28831960,7.357709128581345e-08,9.522473545189958e-08,,,,0.0,13.18,0.0001113922500179437,0.0013179228206942342,13.18,13.18,13.18,13.18,0,0,0,0,1,0,1,1,0,2.0,0,0.0,0,0,0.0,0,0,0,0,0.0
20150324,4517,000415XSHE20150324,20200210033915,1,0,13.18,0.0,000415.XSHE,13.18,1500,13.18,13.18,,,0.0,13.18,,13.179999994685488,13.179999378716028,13.180087368371805,13.181410071623226,13.179999999999973,13.180182746505007,13.178460909412232,13.123602074974215,13.181665045376947,13.088248456263333,12.818796104703116,13.179990252196466,13.181183199928913,13.150518643307569,12.753493858410184,13.575399994526055,13.575389959762365,13.576618695926786,13.545034202606795,13.136098674162488,12.784599994844925,12.784590544630573,12.785747703931047,12.756003084008341,12.370889042657875,13.18,-1.347766949469082e-14,0.21746734188001252,-66.66666666666667,4.950766667464165e-05,0.0006187485869805317,-0.0010889741739371387,,,,0.0,0.0,,-0.002087705813813204,0.0013205621375453286,13.181426878728427,13.179999453983385,13.18,13.18,13.18,13.18,13.18,13.224166666666665,0.0,0.0,0.0,0.0,13.18,13.180000000000005,13.179999999999998,,28831960,4.626811163853626e-08,5.992260146217485e-08,,,,0.0,13.18,7.426150001196247e-05,0.0009033690471334767,13.18,13.18,13.18,13.18,0,0,0,0,1,0,1,1,0,2.0,0,0.0,0,0,0.0,0,0,0,0,0.0
20150325,4518,000415XSHE20150325,20200210033915,1,0,13.18,0.0,000415.XSHE,13.18,1500,13.18,13.18,,,0.0,13.18,,13.179999996456992,13.17999953403702,13.180075719255564,13.18128188329384,13.179999999999987,13.180159903191884,13.178560205579185,13.126054158670993,13.181536964963335,13.09184655601771,12.828301470368825,13.179992024524381,13.181070514221402,13.151956758268176,12.76402487425191,13.575399996350702,13.575391785260113,13.576502629648044,13.546515461016224,13.146945620479464,12.784599996563282,12.78459226378865,12.785638398794758,12.757398055520131,12.381104128024347,13.18,-1.347766949469082e-14,0.243383024034128,-66.66666666666667,3.3005111116427765e-05,0.0004235007616924971,-0.0007479861900357109,,,,0.0,0.0,,-0.0019344938554227233,0.0012256956671238455,13.181321184007805,13.179999537985942,13.18,13.18,13.18,13.18,13.18,13.224833333333333,0.0,0.0,0.0,0.0,13.18,13.180000000000005,13.179999999999998,,28831960,2.9063785627749867e-08,3.766594863314306e-08,,,,0.0,13.18,4.950766667464165e-05,0.0006187485869805317,13.18,13.18,13.18,13.18,0,0,0,0,1,0,1,1,0,2.0,0,0.0,0,0,0.0,0,0,0,0,0.0
20150326,4519,000415XSHE20150326,20200210033915,1,0,13.18,0.0,000415.XSHE,13.18,1500,13.18,13.18,,,0.0,13.18,,13.179999997637994,13.179999650527765,13.180065623354823,13.18116534844895,13.179999999999993,13.1801399152929,13.178653095541813,13.128399630033124,13.181418736889233,13.095303553820939,12.837556694832802,13.17999347461086,13.180968560486027,13.153324721279485,12.77429586501112,13.575399997567134,13.575393278849184,13.57639761730061,13.547924462917873,13.157524740961454,12.784599997708854,12.784593670372534,12.785539503671448,12.7587249796411,12.391066989060786,13.18,-1.347766949469082e-14,0.21746734188001252,-66.66666666666667,2.2003407410951847e-05,0.0002896683102653153,-0.0005133263982977751,,,,0.0,0.0,,-0.0017923369764812755,0.0011372550315315846,13.181223318525744,13.17999960906503,13.18,13.18,13.18,13.18,13.18,13.225333333333333,0.0,0.0,0.0,0.0,13.18,13.180000000000005,13.179999999999998,,28831960,1.8237901503091608e-08,2.365084356542074e-08,,,,0.0,13.18,3.3005111116427765e-05,0.0004235007616924971,13.18,13.18,13.18,13.18,0,0,0,0,1,0,1,1,0,2.0,0,0.0,0,0,0.0,0,0,0,0,0.0
20150327,4520,000415XSHE20150327,20200210033915,1,0,13.18,0.0,000415.XSHE,13.18,1500,13.18,13.18,,,0.0,13.18,,13.17999999842533,13.179999737895825,13.18005687357418,13.181059407680864,13.179999999999994,13.180122425881288,13.178739992603635,13.130643124379509,13.181309603282369,13.098624983082864,12.846568360758257,13.179994661045248,13.180876316630215,13.154625954387805,12.784313251060224,13.57539999837809,13.575394500876605,13.576302606129124,13.549264733019438,13.167842648592035,12.784599998472572,12.784594821213892,12.78545002713131,12.759987175756171,12.400783853528418,13.18,-1.347766949469082e-14,0.1915650561012483,-66.66666666666667,1.4668938273967896e-05,0.00019800185293486616,-0.00035199689104782866,,,,0.0,0.0,,-0.0016604762071415694,0.0010548861547176477,13.181132702338653,13.17999966920887,13.18,13.18,13.18,13.18,13.18,13.222000000000001,0.0,0.0,0.0,0.0,13.18,13.180000000000005,13.179999999999998,,28831960,1.143321485719194e-08,1.4835558180141777e-08,,,,0.0,13.18,2.2003407410951847e-05,0.0002896683102653153,13.18,13.18,13.18,13.18,0,0,0,0,1,0,1,1,0,2.0,0,0.0,0,0,0.0,0,0,0,0,0.0
20150330,4521,000415XSHE20150330,20200210033915,1,0,13.18,0.0,000415.XSHE,13.18,1500,13.18,13.18,,,0.0,13.18,,13.17999999895022,13.179999803421866,13.180049290430956,13.180963097891695,13.179999999999998,13.180107122646127,13.178821283403403,13.132789075493445,13.18120886456834,13.101816160216869,12.855342877580409,13.179995631764292,13.180792857903528,13.155863712710351,12.794083294243922,13.575399998918726,13.575395500717221,13.576216643640635,13.55053962409166,13.177905793071242,12.784599998981712,12.784595762811366,12.785369072166427,12.761187801329038,12.410260795416605,13.18,-1.347766949469082e-14,0.10785520059554124,-66.66666666666667,9.779292182645263e-06,0.00013526099935079255,-0.0002411841221536493,,,,0.0,0.0,,-0.0015381966380939975,0.0009782365523805748,13.181048798461713,13.179999720099811,13.18,13.18,13.18,13.18,13.18,13.208999999999998,0.0,0.0,0.0,0.0,13.18,13.180000000000005,13.179999999999998,,28831960,7.160658848557197e-09,9.296936852874568e-09,,,,0.0,13.18,1.4668938273967896e-05,0.00019800185293486616,13.18,13.18,13.18,13.18,0,0,0,0,1,0,1,1,0,2.0,0,0.0,0,0,0.0,0,0,0,0,0.0
20150331,4522,000415XSHE20150331,20200210033915,1,0,13.18,0.0,000415.XSHE,13.18,1500,13.18,13.18,,,0.0,13.18,,13.179999999300144,13.179999852566402,13.180042718373494,13.180875543537908,13.18,13.180093732315367,13.178897329635443,13.134841724385034,13.181115874986165,13.104882193149537,12.863886486065132,13.179996425988964,13.180717347627,13.157041092578137,12.803612101793457,13.575399999279151,13.575396318768634,13.576138868055814,13.551752325355485,13.187720464847256,12.784599999321141,12.784596533209296,12.785295827198192,12.762329859800793,12.419503738739653,13.18,-1.347766949469082e-14,0.06681243926147898,-66.66666666666667,6.5195281217635086e-06,9.234717560778289e-05,-0.00016513576685027519,,,,0.0,0.0,,-0.0014248266155545294,0.0009069601803157488,13.180971109686775,13.179999763161378,13.18,13.18,13.18,13.18,13.18,13.18983333333333,0.0,0.0,0.0,0.0,13.18,13.180000000000005,13.179999999999998,,28831960,4.4807051347224506e-09,5.8206819916398245e-09,,,,0.0,13.18,9.779292182645263e-06,0.00013526099935079255,13.18,13.18,13.18,13.18,0,0,0,0,1,0,1,1,0,2.0,0,0.0,0,0,0.0,0,0,0,0,0.0
20150401,4523,000415XSHE20150401,20200210033915,1,0,13.18,0.0,000415.XSHE,13.18,1500,13.18,13.18,,,0.0,13.18,,13.179999999533429,13.179999889424801,13.180037022590366,13.180795948670823,13.18,13.180082015775945,13.178968469658964,13.136805127672641,13.181030038448768,13.107827989496617,12.872205262747626,13.179997075809153,13.180649028805385,13.158161039281644,12.81290563014423,13.575399999519432,13.575396988083426,13.576068499669544,13.552905870460096,13.19729279904856,12.784599999547426,12.784597163534878,12.78522955794122,12.763416208103195,12.428518461239905,13.18,-1.347766949469082e-14,0.01669474419104334,-66.66666666666667,4.346352081175673e-06,6.301356776558047e-05,-0.00011298807928763391,,,,0.0,0.0,,-0.0013197365000065528,0.0008407209243838106,13.180899175635902,13.179999799598088,13.18,13.18,13.18,13.18,13.18,13.178833333333333,0.0,0.0,0.0,0.0,13.18,13.180000000000005,13.179999999999998,,28831960,2.80130664934115e-09,3.6410058920318e-09,,,,0.0,13.18,6.5195281217635086e-06,9.234717560778289e-05,13.18,13.18,13.18,13.18,0,0,0,0,1,0,1,0,0,2.0,0,0.0,0,0,0.0,0,0,0,0,0.0
20150402,4524,000415XSHE20150402,20200210033915,1,0,13.18,0.0,000415.XSHE,13.18,1500,13.18,13.18,,,0.0,13.18,,13.179999999688954,13.179999917068601,13.180032086244982,13.180723589700749,13.18,13.180071763803953,13.179035020003544,13.138683165599918,13.18095080472194,13.110658264418321,12.880305124254269,13.179997607480216,13.180587216538205,13.159226354438633,12.82196968865919,13.575399999679625,13.575397535704624,13.57600483303435,13.554003145071794,13.206628779318965,12.784599999698287,12.784597679255807,12.785169600042057,12.764449563805478,12.437310597999414,13.18,-1.347766949469082e-14,5.391067797876332e-14,-66.66666666666667,2.897568054117115e-06,4.297490119509269e-05,-7.725709822783402e-05,,,,0.0,0.0,,-0.0012223371208241135,0.0007791950334595138,13.180832570033244,13.179999830429152,13.18,13.18,13.18,13.18,13.18,13.167499999999995,0.0,0.0,0.0,0.0,13.18,13.180000000000005,13.179999999999998,,28831960,1.7499271296024822e-09,2.2756168894718167e-09,,,,0.0,13.18,4.346352081175673e-06,6.301356776558047e-05,13.18,13.18,13.18,13.18,0,0,0,0,1,0,1,0,0,2.0,0,0.0,0,0,0.0,0,0,0,0,0.0
20150403,4525,000415XSHE20150403,20200210033915,1,0,13.18,0.0,000415.XSHE,13.18,1500,13.18,13.18,,,0.0,13.18,,13.179999999792635,13.179999937801455,13.180027808078986,13.180657808818864,13.18,13.180062793328455,13.17909727677751,13.14047954970427,13.180877665897176,13.113377548166618,12.888191831510735,13.179998042483811,13.180531291153612,13.160239703002606,12.830809943260196,13.575399999786415,13.575397983758329,13.575947229888222,13.555046894092687,13.215734241558005,12.784599999798855,12.784598101209294,12.785115352419007,12.765432511912527,12.445885644962392,13.18,-1.347766949469082e-14,5.391067797876332e-14,-66.66666666666667,1.931712036078077e-06,2.929383814208781e-05,-5.27925401759414e-05,,,,0.0,0.0,,-0.0011320780290508387,0.0007220727341861999,13.180770898178933,13.179999856516972,13.18,13.18,13.18,13.18,13.18,13.15933333333333,0.0,0.0,0.0,0.0,13.18,13.180000000000005,13.179999999999998,,28831960,1.0922707688898729e-09,1.4210989492461775e-09,,,,0.0,13.18,2.897568054117115e-06,4.297490119509269e-05,13.18,13.18,13.18,13.18,0,0,0,0,1,0,1,0,0,2.0,0,0.0,0,0,0.0,0,0,0,0,0.0
20150407,4526,000415XSHE20150407,20200210033915,1,0,13.18,0.0,000415.XSHE,13.18,1500,13.18,13.18,,,0.0,13.18,,13.179999999861758,13.179999953351087,13.18002410033512,13.180598008017151,13.18,13.1800549441624,13.179155516985412,13.142197830151913,13.180810153135855,13.115990193336554,12.8958709938394,13.179998398395846,13.180480691996125,13.161203619929307,12.83943191996982,13.575399999857614,13.575398350347722,13.575895112756012,13.556039728527189,13.224614877568914,12.784599999865904,12.78459844644397,12.785066271236243,12.76636751133143,12.454248962370725,13.18,-1.347766949469082e-14,5.391067797876332e-14,-66.66666666666667,1.2878080240520509e-06,1.9958494769409227e-05,-3.60535654666623e-05,,,,0.0,0.0,,-0.0010484456270080649,0.0006690592163421919,13.180713794610119,13.179999878591286,13.18,13.18,13.18,13.18,13.18,13.158166666666665,0.0,0.0,0.0,0.0,13.18,13.180000000000005,13.179999999999998,,28831960,6.812422822909381e-10,8.867565255904054e-10,,,,0.0,13.18,1.931712036078077e-06,2.929383814208781e-05,13.18,13.18,13.18,13.18,0,0,0,0,1,0,1,1,0,2.0,0,0.0,0,0,0.0,0,0,0,0,0.0
20150408,4527,000415XSHE20150408,20200210033915,1,0,13.18,0.0,000415.XSHE,13.18,1500,13.18,13.18,,,0.0,13.18,,13.179999999907839,13.179999965013314,13.180020886957106,13.180543643651953,13.18,13.180048076142098,13.179209999760547,13.143841402754006,13.180747833663867,13.118500381833165,12.903348072948889,13.1799986895966,13.18043491180602,13.162120516518126,12.847841008365627,13.575399999905073,13.575398650284498,13.5758479591602,13.55698413201367,13.233276238616595,12.784599999910604,12.784598728908698,12.78502186445184,12.767256901022579,12.462405778114658,13.18,-1.347766949469082e-14,5.391067797876332e-14,-66.66666666666667,8.585386827013674e-07,1.3591842740506607e-05,-2.460806943290911e-05,,,,0.0,0.0,,-0.0009709612347566836,0.0006198751380110488,13.180660920935294,13.179999897269544,13.18,13.18,13.18,13.18,13.18,13.156166666666666,0.0,0.0,0.0,0.0,13.18,13.180000000000005,13.179999999999998,,28831960,4.245735444265209e-10,5.529079133587293e-10,,,,0.0,13.18,1.2878080240520509e-06,1.9958494769409227e-05,13.18,13.18,13.18,13.18,0,0,0,0,1,0,1,1,0,2.0,0,0.0,0,0,0.0,0,0,0,0,0.0
20150409,4528,000415XSHE20150409,20200210033915,1,0,13.18,0.0,000415.XSHE,13.18,1500,13.18,13.18,,,0.0,13.18,,13.179999999938559,13.179999973759987,13.180018102029493,13.180494221501775,13.18,13.180042066624338,13.179260967517928,13.145413515677744,13.180690307997414,13.120912131565195,12.91062838681866,13.179998927851765,13.18039349163402,13.162992686444069,12.85604246494919,13.575399999936714,13.575398895687316,13.575805296383038,13.557882467037391,13.241723738897667,12.784599999940404,12.78459896001621,12.784981686884995,12.768102905850744,12.470361191000714,13.18,-1.347766949469082e-14,5.391067797876332e-14,-66.66666666666667,5.723591218009115e-07,9.252014867604706e-06,-1.6786952369806686e-05,,,,0.0,0.0,,-0.0008991791387546392,0.0005742567680163534,13.18061196382898,13.179999913074234,13.18,13.18,13.18,13.18,13.18,13.15333333333333,0.0,0.0,0.0,0.0,13.18,13.180000000000005,13.179999999999998,,28831960,2.644183978181877e-10,3.444959711223543e-10,,,,0.0,13.18,8.585386827013674e-07,1.3591842740506607e-05,13.18,13.18,13.18,13.18,0,0,0,0,1,0,1,1,0,2.0,0,0.0,0,0,0.0,0,0,0,0,0.0
20150410,4529,000415XSHE20150410,20200210033915,1,0,13.18,0.0,000415.XSHE,13.18,1500,13.18,13.18,,,0.0,13.18,,13.17999999995904,13.179999980319991,13.18001568842556,13.180449292274346,13.18,13.180036808296295,13.179308647032904,13.146917275865665,13.180637207382233,13.123229302876366,12.917717113481324,13.179999122787805,13.180356016240301,13.163822311495581,12.864041416431926,13.57539999995781,13.575399096471438,13.575766696727511,13.558736980840447,13.249962658924884,12.784599999960268,12.784599149104169,12.784945335753093,12.768907642150712,12.478120173938965,13.18,-1.347766949469082e-14,5.391067797876332e-14,-66.66666666666667,3.815727478672744e-07,6.295200827692231e-06,-1.144568341178264e-05,,,,0.0,0.0,,-0.0008326846565144871,0.0005319558579212173,13.180566633174985,13.17999992644743,13.18,13.18,13.18,13.18,13.18,13.156166666666666,0.0,0.0,0.0,0.0,13.18,13.180000000000005,13.179999999999998,,28831960,1.6457582220038496e-10,2.1449711000928638e-10,,,,0.0,13.18,5.723591218009115e-07,9.252014867604706e-06,13.18,13.18,13.18,13.18,0,0,0,0,1,0,1,1,0,2.0,0,0.0,0,0,0.0,0,0,0,0,0.0
20150413,4530,000415XSHE20150413,20200210033915,1,0,13.18,0.0,000415.XSHE,13.18,1500,13.18,13.18,,,0.0,13.18,,13.179999999972697,13.179999985239991,13.18001359663549,13.180408447522133,13.18,13.18003220725926,13.179353250450134,13.148355655175855,13.18058819142975,13.125455604724353,12.924619294705506,13.17999928228093,13.180322109931705,13.16461146703238,12.87184286293978,13.575399999971877,13.575399260749354,13.575731773229654,13.559549811043356,13.257998148827973,12.784599999973512,12.784599303812502,12.78491244663375,12.769673123021407,12.485687577051587,13.18,-1.347766949469082e-14,5.391067797876332e-14,-66.66666666666667,2.5438183191151625e-07,4.2815944957653254e-06,-7.800043495796101e-06,,,,0.0,0.0,,-0.0007710922420109108,0.0004927393160286092,13.180524660347205,13.179999937763212,13.18,13.18,13.18,13.18,13.18,13.159,0.0,0.0,0.0,0.0,13.18,13.180000000000005,13.179999999999998,,28831960,1.0234942214295851e-10,1.3346262217167174e-10,,,,0.0,13.18,3.815727478672744e-07,6.295200827692231e-06,13.18,13.18,13.18,13.18,0,0,0,0,1,0,1,1,0,2.0,0,0.0,0,0,0.0,0,0,0,0,0.0
20150414,4531,000415XSHE20150414,20200210033915,1,0,13.18,0.0,000415.XSHE,13.18,1500,13.18,13.18,,,0.0,13.18,,13.179999999981794,13.179999988929994,13.180011783750755,13.18037131592921,13.18,13.180028181351853,13.179394976227545,13.149731496255164,13.180542945935153,13.127594600617517,12.931339839581675,13.179999412775304,13.18029143279535,13.165362127177145,12.879451681138796,13.57539999998125,13.575399395158565,13.575700175779215,13.56032299099246,13.265835231572964,12.78459999998234,12.784599430392046,12.784882689811491,12.770401263361828,12.493068130704634,13.18,-1.347766949469082e-14,5.391067797876332e-14,-66.66666666666667,1.6958788794101087e-07,2.9109256264905536e-06,-5.313087589158075e-06,,,,0.0,0.0,,-0.0007140436495459246,0.0004563887397198906,13.180485796617784,13.1799999473381,13.18,13.18,13.18,13.18,13.18,13.168166666666664,0.0,0.0,0.0,0.0,13.18,13.180000000000005,13.179999999999998,,28831960,6.361460001504738e-11,8.298201107900295e-11,,,,0.0,13.18,2.5438183191151625e-07,4.2815944957653254e-06,13.18,13.18,13.18,13.18,0,0,0,0,1,0,1,1,0,2.0,0,0.0,0,0,0.0,0,0,0,0,0.0
20150415,4532,000415XSHE20150415,20200210033915,1,0,13.18,0.0,000415.XSHE,13.18,1500,13.18,13.18,,,0.0,13.18,,13.179999999987864,13.179999991697494,13.180010212583987,13.180337559935644,13.18,13.180024658682873,13.179434010019314,13.151047518157116,13.18050118086322,13.129649714318793,12.937883528013735,13.179999519543431,13.180263677291036,13.166076169753866,12.886872627283518,13.5753999999875,13.575399505129736,13.575671587609765,13.561058454846485,13.273478806102025,12.784599999988227,12.784599533957126,12.784855766972306,12.771093884661253,12.50026644846501,13.18,-1.347766949469082e-14,5.391067797876332e-14,-66.66666666666667,1.1305859196067391e-07,1.9783032816472603e-06,-3.6174307874124985e-06,,,,0.0,0.0,,-0.0006612061682779027,0.0004226998501441752,13.180449811683134,13.17999995543993,13.18,13.18,13.18,13.18,13.18,13.172666666666665,0.0,0.0,0.0,0.0,13.18,13.180000000000005,13.179999999999998,,28831960,3.9530004627969336e-11,5.157230232150836e-11,,,,0.0,13.18,1.6958788794101087e-07,2.9109256264905536e-06,13.18,13.18,13.18,13.18,0,0,0,0,1,0,1,1,0,2.0,0,0.0,0,0,0.0,0,0,0,0,0.0
20150416,4533,000415XSHE20150416,20200210033915,1,0,13.18,0.0,000415.XSHE,13.18,1500,13.18,13.18,,,0.0,13.18,,13.179999999991908,13.17999999377312,13.180008850906123,13.180306872668767,13.18,13.180021576347515,13.179470525501944,13.152306321715503,13.180462628489128,13.1316242353259,12.94425501411864,13.179999606899171,13.18023856516808,13.166755380985384,12.894110340190096,13.575399999991665,13.575399595106148,13.575645722123122,13.561758042414947,13.2809336503958,12.784599999992151,12.784599618692196,12.784831408213035,12.771752719555824,12.507287029984393,13.18,-1.347766949469082e-14,5.391067797876332e-14,-66.66666666666667,7.537239464044927e-08,1.343992985978323e-06,-2.4618687880352988e-06,,,,0.0,0.0,,-0.0006122709353973187,0.0003914818630446732,13.1804164922992,13.179999962295325,13.18,13.18,13.18,13.18,13.18,13.178166666666666,0.0,0.0,0.0,0.0,13.18,13.180000000000005,13.179999999999998,,28831960,2.4542836149847835e-11,3.203642038890858e-11,,,,0.0,13.18,1.1305859196067391e-07,1.9783032816472603e-06,13.18,13.18,13.18,13.18,0,0,0,0,1,0,1,1,0,2.0,0,0.0,0,0,0.0,0,0,0,0,0.0
20150417,4534,000415XSHE20150417,20200210033915,1,0,13.18,0.0,000415.XSHE,13.18,1500,13.18,13.18,,,0.0,13.18,,13.179999999994607,13.17999999532984,13.180007670785306,13.180278975153424,13.18,13.180018879304075,13.17950468514698,13.153510394684393,13.180427041682274,13.133521324136643,12.950458829536572,13.179999678372047,13.180215844675882,13.167401459961708,12.901169344136019,13.575399999994445,13.575399668723213,13.575622320016155,13.56242350376056,13.2882044244601,12.784599999994766,12.784599688020887,12.784809369335607,12.772379416162856,12.514134263811936,13.18,-1.347766949469082e-14,5.391067797876332e-14,-66.66666666666667,5.0248263093632844e-08,9.127447450167599e-07,-1.674744700752621e-06,,,,0.0,0.0,,-0.0005669513326650043,0.00036255682185851477,13.18038564101778,13.179999968096045,13.18,13.18,13.18,13.18,13.18,13.18,0.0,0.0,0.0,0.0,13.18,13.180000000000005,13.179999999999998,,28831960,1.5243244198501426e-11,1.989304017417463e-11,,,,0.0,13.18,7.537239464044927e-08,1.343992985978323e-06,13.18,13.18,13.18,13.18,0,0,0,0,1,0,1,1,0,2.0,0,0.0,0,0,0.0,0,0,0,0,0.0
20150420,4535,000415XSHE20150420,20200210004725,0,6924,14.5,10040264.0,000415.XSHE,14.5,1500,14.5,14.5,126917.421875,177430.34375,10.0151745068,13.18,4.0,13.619999999996404,13.509999996497381,13.356006648013933,13.30025361377584,13.84,13.345016519391065,13.264697931266527,13.212053421002462,13.281932653860562,13.187108723190109,12.991236228759293,13.419999736849856,13.305909573754368,13.232406266792847,12.940646644280806,14.028599999996295,13.822599728955355,13.705086860966999,13.629378454796631,13.328866043609233,13.211399999996509,13.01739974474436,12.906732286541734,12.83543407878906,12.552427244952385,13.18,7.8548051175245535,9.795250787497011,-933.3333333333684,33.33333336683218,11.111111730773887,77.77777663894875,0.0,100.0,100.0,10.015174506828533,10.015174506828533,100.0,0.02053484759127334,0.16881439139150675,13.27813485279424,13.383076896081267,13.444,13.312,13.245999999999999,13.224,13.213,13.202,0.0,0.0,0.0,0.0,13.18,13.755374660547373,12.604625339452634,-100.0,28838884,0.6409711684466266,0.3204855842309349,1.0,,-1.0,16.666666666666664,13.18,5.0248263093632844e-08,9.127447450167599e-07,13.18,13.18,13.18,13.18,1,0,0,0,1,0,1,1,0,2.0,0,0.0,0,0,0.0,0,1,0,0,0.0
20150421,4536,000415XSHE20150421,20200210004725,0,1849,15.95,2950367.25,000415.XSHE,15.95,1500,15.95,15.95,126917.421875,177430.34375,10.0,14.5,4.0,14.396666666664267,14.119999997373036,13.701872428278742,13.541139648887127,14.895,13.670639454467185,13.437943226023526,13.33109457661105,13.487168603563592,13.295457400712069,13.069098433265625,13.879999784695336,13.557727709587285,13.364971814754169,13.014951665409674,14.828566666664194,14.296399778236198,13.964459540874904,13.765920969196793,13.405400215371964,13.96476666666434,13.463599791154476,13.150995878299662,12.964022660311544,12.624503115447386,13.18,13.944849264180595,20.270249890663447,-624.4423015107756,55.555555577888114,25.92592634647864,114.81481404070708,0.0,100.0,100.0,21.016691957511377,21.016691957511377,100.0,0.07681534871575844,0.4502440089958808,13.476050789624296,13.777988142837994,13.998,13.589,13.3845,13.316333333333334,13.28225,13.248166666666668,0.0,0.0,0.0,0.0,13.245999999999999,14.555877475186136,11.936122524813864,-100.0,28837035,1.8460128101577145,1.2434919893021703,1.0,,-1.0,33.33333333333333,14.5,33.33333336683218,11.111111730773887,13.245999999999999,13.312,13.444,14.5,1,0,0,1,0,0,0,0,0,1.0,0,0.0,1,0,0.0,0,1,0,0,1.0
20150422,4537,000415XSHE20150422,20200210004725,0,5103,17.55,8956695.0,000415.XSHE,17.55,1500,17.55,17.55,126917.421875,177430.34375,10.0313479624,15.95,4.0,15.44777777777618,14.977499998029778,14.214956104508245,13.905581498988301,16.2225,14.155559522658784,13.703237211441364,13.514525247193179,13.799694095597165,13.462302208527278,13.18701689554811,14.547272551114366,13.93794411819802,13.569119531107626,13.126928167498324,15.911211111109465,14.9836907276478,14.356082441743961,13.976193117040856,13.520736012523274,14.984344444442891,14.110854374580937,13.51980579465208,13.162045945174393,12.733120322473376,13.18,18.006993006993014,31.46855242261713,-470.54923336840034,70.37037038525875,40.740741026072,129.62962910363225,0.0,100.0,100.0,33.15629742033385,33.15629742033385,100.0,0.17754684979596158,0.8058520086416251,13.777824805207686,14.358297659324455,14.872,14.026,13.603,13.462,13.391500000000002,13.321000000000002,0.0,0.0,0.0,0.0,13.3845,15.617597400473164,11.151402599526836,-100.0,28842138,3.3452164664732598,2.595614638315487,1.0,,-1.0,50.0,15.95,55.555555577888114,25.92592634647864,13.3845,13.589,13.998,15.95,1,0,1,1,0,0,0,0,0,2.0,0,0.0,1,0,0.0,0,1,0,0,1.0
20150423,4538,000415XSHE20150423,20200210004725,0,9542,19.31,18426470.0,000415.XSHE,19.31,1500,19.31,19.31,126917.421875,177430.34375,10.0284900285,17.55,4.0,16.73518518518412,16.060624998522332,14.894295290573812,14.396892271807545,17.76625,14.799864582326435,14.064963842961278,13.766502410358695,14.223563780551231,13.691623690545821,13.348148029875789,15.4132229963663,14.449568487893446,13.849162480809694,13.279596607807006,17.237240740739644,15.875619686257288,14.883055542530249,14.264637355233983,13.677984506041215,16.233129629628593,14.950826306475312,14.016081433256645,13.4336876063854,12.881208709572794,13.18,19.95278916635607,43.33645095681353,-378.16458096321685,80.24691359017253,53.90946521410551,132.92181034230651,0.0,100.0,100.0,46.509863429438546,46.509863429438546,100.0,0.3285339716469497,1.2078969748079054,14.187615560377484,15.120098019428385,16.098,14.639000000000001,13.9095,13.666333333333334,13.54475,13.423166666666667,0.0,0.0,0.0,0.0,13.603,16.933035885692526,10.272964114307475,-100.0,28851680,4.869795140567364,4.107505803520311,1.0,,-1.0,66.66666666666666,17.55,70.37037038525875,40.740741026072,13.603,14.026,14.872,17.55,1,0,1,1,0,0,0,0,0,2.0,0,0.0,1,1,0.0,0,1,0,0,2.0
20150424,4539,000415XSHE20150424,20200210004725,0,1340450,21.24,2760010752.0,000415.XSHE,19.9,1500,20.56,21.24,126917.421875,177430.34375,6.473329880900001,19.31,4.0,18.01012345678941,17.18546874889175,15.64972258516397,14.957174792552314,19.163125,15.519881509535631,14.483998433737971,14.061871870777884,14.710981951278058,13.960971781112649,13.537933608036955,16.34900063339061,15.031514346189306,14.176520408575074,13.45935965452782,18.550427160493093,16.83947065239233,15.482459776574988,14.601816020832329,13.863140444163653,17.46981975308573,15.85853061438889,14.580568915803628,13.751224796317821,13.055578864891984,14.5,16.991009445772146,50.961128977781726,-295.4771438320964,84.01903420486273,63.94598821102458,124.16512619253902,8.43672456575682,100.0,100.0,55.99393019726858,55.99393019726858,100.0,0.5222995731281287,1.5501248118494315,14.65964403738656,15.957006016439404,17.574,15.377,14.2785,13.912333333333333,13.729250000000002,13.546166666666664,-0.6799999999999997,0.0,0.6600000000000001,0.006517509727626458,13.9095,18.300842733151214,9.518157266848783,-119.9404761904762,30192130,5.9326854860333516,5.401240313300358,0.00865948457245043,0.0,-1.199404761904762,83.33333333333334,19.31,80.24691359017253,53.90946521410551,13.9095,14.639000000000001,16.098,19.31,1,0,1,1,0,0,0,0,0,2.0,0,0.0,1,1,0.0,1,1,0,0,2.0
20150427,4540,000415XSHE20150427,20200210004725,0,629416,21.77,1308310272.0,000415.XSHE,20.01,1500,20.52,20.1,126917.421875,177430.34375,-0.19455252920000002,20.56,4.0,18.84674897119294,18.01910156166881,16.299092907142107,15.46288617504756,19.8415625,16.144896320843678,14.873417889625845,14.342660050309277,15.157829493487439,14.218188574010194,13.721672197299139,17.107364154592315,15.554227265599849,14.485958437425067,13.633696453181452,19.41215144032873,17.620585079230086,16.020854083567848,14.920537190547819,14.042707346776895,18.28134650205715,16.594143229954547,15.087600447631855,14.051379684302313,13.224685559586007,15.95,9.276813292150397,49.06074297918093,-214.26432122676397,84.49542132865898,70.79579925023606,111.89466548550482,14.551804423748546,99.344262295082,99.46091644204851,55.69044006069803,55.69044006069803,99.46091644204851,0.7308917808568455,1.6687376618297345,15.09374447906163,16.659005090833347,18.778,16.111,14.645499999999998,14.157,13.91275,13.668499999999998,0.41999999999999815,1.25,0.08999999999999986,0.01509450777830871,14.2785,19.40637080570484,9.15062919429516,-163.9834881320949,29562714,5.959358088583658,5.946021787308504,0.4741491200369187,1.1678321678321668,-1.502431118314424,83.33333333333334,21.24,84.01903420486273,63.94598821102458,14.2785,15.377,17.574,20.56,1,0,1,1,0,0,0,0,0,2.0,0,0.0,1,1,0.0,0,1,0,0,2.0
20150428,4541,000415XSHE20150428,20200210004725,0,645727,22.32,1397029248.0,000415.XSHE,21.02,1500,21.96,21.02,126917.421875,177430.34375,7.017543859600001,20.52,4.0,19.88449931412863,19.00432617125161,17.053880519523158,16.053532886406874,20.90078125,16.871784280738222,15.330616735456436,14.673848743774087,15.68107337860379,14.521789022088225,13.938470297370214,17.989661581030074,16.164300859352245,14.850545830721405,13.839284195078205,20.48103429355249,18.52935142846098,16.64922988513281,15.296062205643047,14.254462720930553,19.287964334704768,17.449971733599178,15.679371833571675,14.405029455799765,13.42410566922586,17.55,9.909909909909912,57.511942503837396,-184.13858503292354,88.35070393464208,76.64743414503808,111.75724351385016,3.9387308533916783,99.34318555008213,99.548532731377,51.44827586206897,66.61608497723826,99.548532731377,0.9591507786925838,1.826071982685906,15.602355999131143,17.47454276916668,19.98,16.989,15.084499999999995,14.449666666666666,14.13225,13.814833333333334,0.9400000000000012,0.35999999999999943,0.0,0.021014362058818733,14.645499999999998,20.628393865012146,8.66260613498785,-218.5983827493261,30208441,5.869649890166102,5.914503989374879,0.9517016859703629,2.0769230769230766,-1.6596701649175412,83.33333333333334,20.1,84.49542132865898,70.79579925023606,14.645499999999998,16.111,18.778,20.52,1,0,1,1,0,0,0,1,0,2.0,0,0.0,1,1,0.0,0,1,0,0,2.0
20150429,4542,000415XSHE20150429,20200210004725,0,417201,22.09,889926848.0,000415.XSHE,20.94,1500,21.2,22.08,126917.421875,177430.34375,-3.4608378871,21.96,4.0,20.322999542752413,19.553244628438712,17.606696450253406,16.521393533097154,21.050390625,17.41281124564594,15.709286623491506,14.957594450566521,16.105606195634266,14.783679648673,14.129563184281528,18.573359475388244,16.64389125369965,15.160275302393535,14.021030264335534,20.932689529034988,19.13056025964989,17.143207991310643,15.615083561465337,14.441661172265599,19.713309556469845,18.016158691126595,16.14457451608866,14.705467043321727,13.600399356405468,19.31,2.3660067600193067,50.331154004339744,-132.5329867915319,88.14919284920704,80.48135371309439,103.48487112143238,12.25382932166303,84.76190476190473,91.68399168399168,32.9153605015674,60.849772382397575,91.68399168399168,1.1734593709454533,1.7144687380229549,16.016996295491797,18.047690035448728,20.71,17.791,15.485499999999998,14.716999999999995,14.33275,13.9485,-0.879999999999999,0.010000000000001565,0.259999999999998,0.026438890360705517,15.084499999999995,21.558004383253323,8.610995616746672,-549.3927125506073,29791240,5.041037170369229,5.455343530267665,0.7272980060586879,1.1595330739299627,-1.9823008849557515,66.66666666666666,21.02,88.35070393464208,76.64743414503808,15.084499999999995,16.989,19.98,21.96,1,0,1,1,0,0,0,1,0,2.0,0,0.0,1,1,0.0,1,1,0,0,2.0
20150430,4543,000415XSHE20150430,20200210004725,0,291308,21.1,601060032.0,000415.XSHE,20.39,1500,20.4,20.69,155777.453125,177430.34375,-3.7735849057,21.2,1.0,20.348666361834944,19.76493347132903,17.979136923552954,16.873994120997416,20.7251953125,17.7862098399402,16.011913292943664,15.194220778802755,16.435944180585476,15.003927505587782,14.29457467943201,18.905475934408567,17.00161589620445,15.41587162910604,14.178535689907493,20.959126352689992,19.472640212440826,17.511664373090582,15.878347777979224,14.60389176060472,19.738206370979896,18.33831165637631,16.491567419318315,14.953395480232858,13.753179619210274,20.56,-2.522935779816508,43.192059859896375,-88.00458344231468,83.91531867696497,81.62600870105125,88.49393862879242,21.00656455142234,62.70396270396269,84.64491362763914,16.239316239316224,54.779969650986345,84.64491362763914,1.3523516246728522,1.4311380298191891,16.341663236566482,18.409583876148925,20.928,18.513,15.846499999999995,14.957666666666665,14.51325,14.068833333333338,-0.2900000000000027,0.41000000000000014,0.009999999999998009,0.02991928251756826,15.485499999999998,22.205051398717032,8.765948601282968,319.430485762145,29499932,3.7502514662237822,4.3956443182965055,0.6244829346600229,1.1811846689895482,-2.293388429752065,50.0,22.08,88.14919284920704,80.48135371309439,15.485499999999998,17.791,20.71,21.2,1,0,1,1,0,0,0,0,0,2.0,0,0.0,1,1,0.0,1,1,0,0,2.0
20150504,4544,000415XSHE20150504,20200210004725,0,309880,21.48,645559104.0,000415.XSHE,20.28,1500,21.32,20.45,155777.453125,177430.34375,4.5098039216000005,20.4,3.0,20.672444241223296,20.153700103496774,18.42458533374589,17.278176473634016,21.02259765625,18.227933609947677,16.354370499850525,15.460559005811332,16.8116407820789,15.251616623015714,14.479454293131173,19.34448030997065,17.412890572756403,15.703877891100866,14.354868142008549,21.292617568459995,19.92481471926977,17.935277289939094,16.174994227833896,14.785514186268804,20.0522709139866,18.764145900671533,16.890503855573712,15.232761554367842,13.924222097748293,20.52,1.1385199240986643,47.958971227115605,-77.06901444125144,84.04401674225713,82.4320113814532,87.26802746386498,10.940919037199123,59.595959595959606,85.8906525573192,10.409114448472303,61.76024279210927,85.8906525573192,1.5112635557679832,1.2712954487610502,16.71042892274674,18.857340202895244,21.08,19.327,16.253499999999995,15.228999999999996,14.71675,14.204500000000005,0.870000000000001,0.16000000000000014,0.16999999999999815,0.03554780034120804,15.846499999999995,22.850753778954612,8.842246221045384,157.68421052631646,29809812,2.920154595166456,3.335203030695119,0.7748613556380747,1.453947368421055,-2.5805084745762685,50.0,20.69,83.91531867696497,81.62600870105125,15.846499999999995,18.513,20.928,20.4,1,0,1,1,0,0,0,0,0,2.0,0,0.0,1,1,0.0,0,1,0,0,2.0
20150505,4545,000415XSHE20150505,20200210004725,0,251146,21.25,515514144.0,000415.XSHE,19.99,1500,20.02,21.25,155777.453125,177430.34375,-6.0975609755999995,21.32,1.0,20.454962827482195,20.12027507762258,18.637307289246444,17.527433157849103,20.521298828125,18.45194190870421,16.590862725666618,15.658795570776055,17.058437644995912,15.438612049564115,14.625258127522454,19.467302071794172,17.66118670868436,15.914420432998385,14.494747940971301,21.068611712306662,20.051321133947997,18.1910223099449,16.391853045988338,14.92959037920044,19.841313942657727,18.883283009640344,17.131351107423832,15.436987820008431,14.05990550274216,21.96,-4.5757864632983685,37.630446439619924,-49.16614347672345,73.29000137813647,79.38467471368098,61.10065470704746,25.164113785557994,45.21072796934866,77.05696202531644,-2.626459143968868,51.89681335356601,77.05696202531644,1.6251365656213372,0.9109840788268332,16.95558233587661,19.036210940911364,20.98,19.879,16.595499999999998,15.456999999999995,14.88775,14.318500000000002,-1.2300000000000004,0.0,0.030000000000001137,0.04184150663491434,16.253499999999995,23.291947200910148,9.21505279908984,91.80887372013656,29558666,1.858486235966481,2.3893204155664685,0.6906835930572269,1.027906976744187,-3.5722713864306748,33.33333333333333,20.45,84.04401674225713,82.4320113814532,16.253499999999995,19.327,21.08,21.32,0,0,1,1,0,0,0,0,0,1.0,0,0.0,1,1,0.0,1,1,0,0,2.0
20150506,4546,000415XSHE20150506,20200210004725,0,228241,20.6,456875008.0,000415.XSHE,19.11,1500,19.3,20.0,155777.453125,177430.34375,-3.5964035964,20.02,2.0,20.069975218321463,19.915206308216934,18.725666317346914,17.688575598044643,19.910649414062494,18.557949170116192,16.765645775623614,15.817108806829273,17.230865518457765,15.590039028012582,14.74827765048239,19.436883513286137,17.81726416500014,16.079570655778948,14.613396139959665,20.672074474871106,20.019990018684727,18.351782089950145,16.56195777545232,15.051798024158455,19.46787596177182,18.85377700788755,17.282746240050134,15.597183536105582,14.174994255760875,21.2,-5.614241001564944,31.573565302755537,-22.84547694473785,50.83300195717926,69.86745046151373,12.764104948510322,33.04157549234135,20.444444444444464,69.93355481727575,-5.945419103313835,46.433990895295906,72.90419161676647,1.6896194463949483,0.5158630461888869,17.129242903589457,19.076793873078845,20.448,20.214,16.9015,15.660999999999998,15.04075,14.4205,-0.6999999999999993,0.6000000000000014,0.19000000000000128,0.04956171388880036,16.595499999999998,23.54495544629217,9.64604455370782,30.415263748597184,29330425,0.7888221337246285,1.323654184845555,0.6286210337965122,0.9672447013487486,-5.116935483870962,33.33333333333333,21.25,73.29000137813647,79.38467471368098,16.595499999999998,19.879,20.98,20.02,0,0,1,1,0,0,0,0,0,1.0,0,0.0,1,1,0.0,1,1,0,0,2.0
20150507,4547,000415XSHE20150507,20200210004725,0,206204,19.8,387713088.0,000415.XSHE,18.33,1500,18.38,19.12,155777.453125,177430.34375,-4.7668393782,19.3,2.0,19.506650145547642,19.5314047311627,18.679577475033987,17.751432361858765,19.14532470703125,18.535705523851664,16.869797661067256,15.92853885870626,17.3192604785764,15.699449262208164,14.84384929125917,19.24472287450684,17.870858054047748,16.19178672135071,14.706398704405105,20.09184964991407,19.82206456074204,18.406983795669177,16.67754032299123,15.147590665537255,18.921450641181213,18.667381188271637,17.33473231242631,15.706033119710188,14.265206743272948,20.4,-7.5638704486018815,24.419533460595943,2.77273232753828,34.30637891547958,58.013759946169,-13.108383145899284,43.10722100656456,19.742489270386287,60.55603822762814,-16.302367941712212,26.75862068965517,68.20728291316526,1.7012362047728502,0.09293406702321637,17.221891577397642,18.9695948156821,19.884,20.297,17.161499999999997,15.83433333333333,15.170750000000002,14.507166666666668,-0.7400000000000021,0.6799999999999997,0.05000000000000071,0.05755953761023671,16.9015,23.66107180596523,10.141928194034772,26.98083894355268,29124221,-0.24328337273542225,0.27276938049460314,0.5808924247766057,0.9531772575250842,-8.735099337748338,16.666666666666664,20.0,50.83300195717926,69.86745046151373,16.9015,20.214,20.448,19.3,0,0,1,0,0,0,0,0,0,1.0,0,0.0,1,0,0.0,1,1,0,0,1.0
20150508,4548,000415XSHE20150508,20200210004725,0,187552,19.2,353610976.0,000415.XSHE,18.5,1500,19.13,18.8,155777.453125,177430.34375,4.0805223069,18.38,2.0,19.381100097031762,19.431053548372024,18.73963381169613,17.876756692598878,19.137662353515626,18.609992333370204,17.015617166804855,16.067732821371205,17.458548134070522,15.833980663690198,14.956642730962875,19.223864170051048,17.990776334614626,16.335114198357992,14.815623427753124,19.962533099942714,19.80058009515258,18.530499624653068,16.825167624308733,15.26009213058572,18.799667094120807,18.64714824494952,17.451053044576188,15.845060772407253,14.371154724920533,21.32,-2.5471217524197662,28.461683096510768,9.19373038070137,29.554294381414127,48.52727142458404,-8.391659704925729,40.79283887468032,36.225596529284175,57.41088180112569,-9.764150943396226,19.937304075235108,69.79374584165002,1.6871968826805877,-0.11231457673809908,17.363232942034852,18.99427253634639,19.63,20.279,17.459,16.032666666666664,15.3195,14.606333333333335,0.3299999999999983,0.07000000000000027,0.3000000000000007,0.06121871168237473,17.161499999999997,23.714538684457764,10.608461315542227,49.90814451928965,28936669,-0.6541485284577653,-0.44871595059659375,0.6491539996845221,0.9713375796178344,-8.595092024539866,33.33333333333333,19.12,34.30637891547958,58.013759946169,17.161499999999997,20.297,19.884,18.38,0,0,1,0,0,0,0,0,0,1.0,0,0.0,1,0,1.0,0,1,0,0,2.0
20150511,4549,000415XSHE20150511,20200210004725,0,223752,19.97,440021440.0,000415.XSHE,19.2,1500,19.9,19.2,155777.453125,177430.34375,4.0250914794,19.13,3.0,19.554066731354503,19.54829016127902,18.894349303469976,18.06068790236262,19.518831176757807,18.77124329169893,17.201706381849707,16.234353133485502,17.646352123757406,15.993432402369013,15.086731080148061,19.346797957314493,18.172607159889427,16.509011066730768,14.941163590030826,20.140688733295146,19.927201896033925,18.717785374686105,17.004281398732697,15.38939849773175,18.96744472941387,18.766394018595054,17.627428945092742,16.01374073472885,14.4929286823299,20.02,2.8636410627520013,32.437109011047504,1.3517929062079796,32.818986563382175,43.2911764708501,11.874606748446356,37.99058084772373,34.08071748878922,53.05067218200621,-2.4509803921568634,13.390313390313375,71.26582278481011,1.6662522281578886,-0.16755723618158935,17.551141612995234,19.13361522306233,19.346,20.213,17.794999999999995,16.256666666666664,15.4875,14.718333333333335,0.6999999999999993,0.07000000000000027,0.0,0.0585705486884166,17.459,23.785172618574357,11.132827381425637,58.9385474860334,29160421,-0.5013174325639134,-0.5777329805108393,0.7305087647632388,1.0939490445859872,-8.735294117647049,50.0,18.8,29.554294381414127,48.52727142458404,17.459,20.279,19.63,19.13,0,0,1,0,0,0,1,0,0,2.0,0,0.0,1,0,1.0,0,1,1,0,2.0
20150512,4550,000415XSHE20150512,20200210004725,0,221372,20.2,441205376.0,000415.XSHE,19.66,1500,20.02,20.12,155777.453125,177430.34375,0.6030150754,19.9,4.0,19.709377820903004,19.666217620959266,19.044436063007318,18.238807183966017,19.769415588378905,18.927337880236568,17.383531776569072,16.39894647550787,17.82894042192991,16.151337014040813,15.216553946459953,19.469198328711855,18.348549335138053,16.680278819573168,15.066566958178212,20.30065915553009,20.053274278573216,18.899005815192197,17.180687184160366,15.518563966923557,19.118096486275913,18.8851223788505,17.798092855083908,16.179870454985974,14.614569949432864,19.3,3.483924325441949,32.033661329042104,1.8137085618515247,36.86159387913422,41.14798227361146,28.28881709017973,48.21802935010485,50.0,46.838407494145216,-6.097560975609761,3.6768513723459386,71.4824120603015,1.6401942024841798,-0.2084642053896708,17.734020012032627,19.269982111821967,19.346,20.163,18.136999999999997,16.484666666666662,15.658499999999998,14.832333333333334,-0.10000000000000142,0.0799999999999983,0.35999999999999943,0.052690853335037036,17.794999999999995,23.818544139458094,11.771455860541899,94.71106758080307,28939049,-0.2066183524171052,-0.35396789249050925,0.6753652498272958,1.0311572700296732,-10.376712328767097,50.0,19.2,32.818986563382175,43.2911764708501,17.794999999999995,20.213,19.346,19.9,0,0,1,0,0,0,0,0,0,1.0,0,0.0,1,0,1.0,1,1,0,0,2.0
20150513,4551,000415XSHE20150513,20200210004725,0,287226,21.0,591579968.0,000415.XSHE,19.75,1500,20.49,20.05,155777.453125,177430.34375,2.3476523477,20.02,4.0,19.969585213935336,19.87216321571945,19.237177921273013,18.443461076332746,20.12970779418945,19.122670645206995,17.583949081306553,16.57681836787709,18.033637312550688,16.321480660549017,15.355328842605743,19.654798632582427,18.552497017505857,16.866118877154967,15.200478885136777,20.568672770353395,20.2444425915599,19.10907192803103,17.37210244346962,15.65649325169088,19.37049765751728,19.065154673604955,17.995922106980682,16.360135310840313,14.74446451858267,18.38,4.626225490196092,33.84283754654122,-4.272823779193051,47.43153877656566,43.242501107929534,55.80961411383791,45.86466165413536,69.63696369636959,49.83277591973243,2.3476523476523417,-0.3404669260700403,72.30018303843806,1.61605746073408,-0.19309393400079955,17.93816667780799,19.457677171541672,19.584,20.016,18.5025,16.72833333333333,15.841250000000002,14.954166666666667,0.4399999999999977,0.5100000000000016,0.3000000000000007,0.052871535901769566,18.136999999999997,23.788696647910253,12.48530335208974,201.7543859649125,29226275,0.1819336488391397,-0.012342351788982728,1.413551581209702,1.1221590909090904,-13.554621848739446,66.66666666666666,20.12,36.86159387913422,41.14798227361146,18.136999999999997,20.163,19.346,20.02,0,0,1,1,0,0,0,0,0,1.0,0,0.0,1,0,0.0,0,1,0,0,1.0
20150514,4552,000415XSHE20150514,20200210004725,0,269770,21.49,568217856.0,000415.XSHE,20.6,1500,20.81,20.6,155777.453125,177430.34375,1.5617374329,20.49,4.0,20.249723475956884,20.106622411789587,19.446887531769946,18.658600978484312,20.469853897094726,19.33358681455612,17.792081398641614,16.760869743186785,18.247203673123714,16.497501026802002,15.498872820431904,19.864835244840165,18.767497301552922,17.0585033221718,15.338985579330929,20.857215180235592,20.46078030218537,19.330522220599505,17.570258421836957,15.799155146710856,19.64223177167818,19.26889018749496,18.204472382506328,16.546748222506643,14.878816011951,19.13,3.6870951669157863,34.591504113416434,-17.314879061218022,57.78136340378639,48.08878853988182,77.16651313159555,37.84461152882208,100.0,42.67515923566879,7.823834196891181,1.4132553606237777,72.83064033512866,1.5958123216700444,-0.16196111251228462,18.150895072044435,19.665726837458337,20.07,19.977,18.884,16.982666666666667,16.032,15.081333333333333,0.2099999999999973,0.6799999999999997,0.0,0.05172379760468816,18.5025,23.67537308949291,13.32962691050708,2621.311475409962,28956505,0.5449266442047616,0.3634301465219506,1.190925624213852,1.2485795454545443,-13.176923076923002,83.33333333333334,20.05,47.43153877656566,43.242501107929534,18.5025,20.016,19.584,20.49,0,0,1,1,0,0,0,0,0,1.0,0,0.0,1,0,0.0,0,1,0,0,1.0
20150515,4553,000415XSHE20150515,20200210004725,0,281427,21.76,594685248.0,000415.XSHE,20.8,1500,20.8,21.53,155777.453125,177430.34375,-0.0480538203,20.81,4.0,20.43314898397126,20.279966808842193,19.627302527533953,18.85327361680392,20.63492694854736,19.51688846273661,17.98614066324538,16.936484102178664,18.44357262134497,16.666226476731335,15.638376167262646,20.034865200323765,18.961068987119308,17.241015355236588,15.473825441569668,21.046143453490398,20.63591115633348,19.52990105673289,17.758245815893687,15.938040204816758,19.820154514452128,19.43381924431405,18.392236917505727,16.723784894579488,15.009610678322575,19.9,1.940795922368167,33.213782502882026,-24.38745649426,62.524796205050976,52.9007910949382,81.77280642527654,38.095238095238074,99.40828402366877,47.1830985915493,13.166485310119706,-5.282331511839709,72.78708133971294,1.5752709241797302,-0.164331179922514,18.347125066707807,19.840230400926284,20.404,20.017000000000003,19.265,17.236666666666665,16.2225,15.208333333333336,-0.7300000000000004,0.23000000000000045,0.0,0.052858790063210016,18.884,23.40119603293902,14.366803967060983,7569.565217392114,29237932,0.7328616860433828,0.6388941651240722,0.6738260708661874,1.16087516087516,-14.015503875968893,83.33333333333334,20.6,57.78136340378639,48.08878853988182,18.884,19.977,20.07,20.81,0,0,1,1,0,0,0,0,0,1.0,0,0.0,1,0,0.0,1,1,0,0,1.0
20150518,4554,000415XSHE20150518,20200210004725,0,232085,21.2,477376448.0,000415.XSHE,20.3,1500,20.32,21.2,155777.453125,177430.34375,-2.3076923077,20.8,1.0,20.39543265598084,20.289975106631644,19.719662190529426,18.986612378912653,20.47746347427368,19.61727740489453,18.13671223335858,17.08359348904046,18.587913188933815,16.809511712937947,15.761576794439945,20.086707891173987,19.09049098834604,17.391209728151882,15.593484072642024,21.007295635660263,20.68930912790921,19.663205717996426,17.912946019996433,16.061288594821285,19.783569676301415,19.48410665443877,18.51777625869566,16.86947343630732,15.125679550462761,20.02,-0.8199921905505626,28.96019496344435,-9.09184980606678,61.0223617071574,55.60798129901126,71.85112252344966,50.125313283208,65.0000000000001,49.4100294985251,6.220595922634613,-4.150943396226411,70.75581395348838,1.544372170907926,-0.2471900261744344,18.49326395065538,19.914041108476084,20.488000000000003,19.917,19.622,17.474666666666668,16.401,15.327333333333335,-0.879999999999999,0.0,0.01999999999999957,0.05165940609783797,19.265,22.830448639372054,15.699551360627954,350.6203473945436,29005847,0.6136377714402708,0.6732497287418268,0.7466951126398614,1.0403690888119947,-23.39240506329086,66.66666666666666,21.53,62.524796205050976,52.9007910949382,19.265,20.017000000000003,20.404,20.8,0,0,1,1,0,0,0,0,0,1.0,0,1.0,1,0,0.0,1,1,0,0,2.0
20150519,4555,000415XSHE20150519,20200210004725,0,288914,21.48,604666752.0,000415.XSHE,20.28,1500,21.1,20.33,155777.453125,177430.34375,3.8385826772000002,20.32,2.0,20.63028843732056,20.492481329973735,19.903707231792172,19.17873852628423,20.788731737136843,19.802617729282712,18.32789208927093,17.258219859082182,18.781150635938907,16.977766155567828,15.902061615638894,20.27094282005145,19.281872798979748,17.572126326778616,15.729447428873087,21.24919709044018,20.879071104652997,19.860328982949145,18.099290116581976,16.201330851739275,20.011379784200944,19.662814535449904,18.703416615010358,17.044962536975255,15.257564006006891,20.49,1.9126738794436071,32.57766160651452,-34.1138247815372,67.6009136356754,59.605625411232644,83.5914900845609,26.329787234042506,76.21359223300978,48.3433734939759,6.03015075376886,3.4313725490196223,72.02447163515015,1.5175258992644598,-0.21477017314772784,18.686355509866093,20.096496322556693,20.704,20.025,19.952,17.738666666666667,16.599,15.459333333333333,0.7700000000000031,0.37999999999999895,0.049999999999997165,0.05105290359560085,19.622,22.354534354770312,16.889465645229688,340.67796610169734,29294761,0.6804114638834197,0.6470246176618453,1.1032182896566292,1.1662844036697246,-26.1866666666663,66.66666666666666,21.2,61.0223617071574,55.60798129901126,19.622,19.917,20.488000000000003,20.32,0,0,1,1,0,0,0,0,0,1.0,0,0.0,1,0,1.0,0,1,0,0,2.0
20150520,4556,000415XSHE20150520,20200210033915,1,0,21.1,0.0,000415.XSHE,21.1,1500,21.1,21.1,,,0.0,21.1,,20.78685895821371,20.6443609974803,20.063212934219877,19.353398660258392,20.944365868568426,19.96479051312237,18.506737760930868,17.42525377825252,18.95952366394361,17.13942238476125,16.038849467858924,20.421680489133006,19.455027770505488,17.744217725472343,15.862053665197205,21.41046472696012,21.034330903807,20.038678603620653,18.276544257236512,16.337915275153122,20.163253189467298,19.809030074459017,18.871376937390327,17.211891193708173,15.386192055241287,20.81,1.315663113415927,31.27115269759107,-57.28586839266449,71.65214283278155,63.62113121841561,87.71416606151342,19.241982507288615,69.18238993710702,60.11235955056181,5.394605394605403,-1.0318949343339534,72.02447163515015,1.4911682220285791,-0.2108614178870432,18.865143990616755,20.25088150370181,20.826,20.205,20.2095,18.002666666666666,16.797,15.591333333333335,0.0,0.0,0.0,0.04333269634171484,19.952,22.01643672705172,17.887563272948285,367.45562130177717,29294761,0.7173608171167187,0.6988861405000693,0.8850659110508808,1.1662844036697246,-26.1866666666663,50.0,20.33,67.6009136356754,59.605625411232644,19.952,20.025,20.704,21.1,0,0,1,1,0,0,0,0,0,1.0,0,0.0,1,0,1.0,0,1,0,0,2.0
20150521,4557,000415XSHE20150521,20200210004725,0,447159,22.85,986278784.0,000415.XSHE,21.3,1500,22.12,21.85,155777.453125,177430.34375,4.8341232227,21.1,3.0,21.23123930547581,21.013270748110227,20.337451209657225,19.604907872962176,21.53218293428421,20.23419169898208,18.73985145377404,17.629373179198065,19.202637228255643,17.334739153986305,16.19887974502053,20.730465854745187,19.708834649504965,17.957670519351737,16.01657085864913,21.868176484640077,21.352379830387548,20.30009968899012,18.496400634932293,16.497067984408602,20.594302126311533,20.10855187910283,19.117569610019814,17.418940403771188,15.536073732889655,20.8,4.893778452200302,36.10297556053259,-142.90416838869214,74.43476188852105,67.22567477511743,88.85293611532825,16.150442477876105,78.60262008733629,75.0,7.955100048804308,10.489510489510495,73.52631578947368,1.479373329559612,-0.0943591397517407,19.106244435756253,20.538438195439998,21.088,20.579,20.438,18.300666666666665,17.0205,15.740333333333336,0.2699999999999996,0.7300000000000004,0.5500000000000007,0.042342105893334536,20.2095,22.044837571129626,18.37416242887037,467.3846153846153,29741920,1.0071541367891153,0.862257476952917,1.4575649795737555,1.2049622437971952,-22.515789473683988,50.0,21.1,71.65214283278155,63.62113121841561,20.2095,20.205,20.826,21.1,0,0,1,1,0,0,0,0,0,1.0,0,0.0,1,1,0.0,0,1,0,0,2.0
20150522,4558,000415XSHE20150522,20200210004725,0,608460,23.64,1379100288.0,000415.XSHE,21.86,1500,23.45,22.5,155777.453125,177430.34375,6.012658227799999,22.12,4.0,21.97082620365053,21.622453061082673,20.75245771503626,19.95446170269289,22.491091467142105,20.63616773660932,19.04373200514345,17.88244391053728,19.52935744146674,17.57455330481037,16.38969869909894,21.22492660842788,20.065136111456876,18.22558903060288,16.2001123189294,22.62995098976005,21.861674406680716,20.667090194800576,18.77235670152096,16.686115688497278,21.31170141754102,20.58817881017504,19.463182028113167,17.67882135968479,15.714108949361515,20.32,8.474419465260418,42.485629914083276,-228.25552040392415,81.36521814343612,71.93885589789033,100.2179426345277,3.5781544256120754,86.70360110803324,91.90082644628102,12.686208553580014,21.502590673575124,73.54024197790636,1.4951719983627303,0.12638935042494734,19.428004107181717,20.98637078075692,21.618,21.011000000000006,20.645000000000003,18.643000000000004,17.27725,15.911500000000002,0.9499999999999992,0.19000000000000128,0.6400000000000006,0.046273550158083536,20.438,22.61905937562461,18.2569406243754,488.61788617886214,30350380,1.589651966293593,1.2984030515413545,2.4576160784113705,1.2421796165489405,-33.20289855072424,50.0,21.85,74.43476188852105,67.22567477511743,20.438,20.579,21.088,22.12,1,0,1,1,0,0,0,0,0,2.0,0,0.0,1,1,0.0,0,1,0,0,2.0
20150525,4559,000415XSHE20150525,20200210004725,0,476883,24.24,1137963648.0,000415.XSHE,23.04,1500,23.85,23.56,155777.453125,177430.34375,1.7057569296000001,23.45,4.0,22.59721746910036,22.179339795812005,21.165463353031427,20.308601547902626,23.170545733571053,21.037896769533152,19.35381381126323,18.1419028709487,19.861714561353914,17.820649253641335,16.586022417543706,21.702212679622807,20.425599338937168,18.49995054130517,16.38899843451139,23.27513399317337,22.35327906001149,21.038367319105284,19.05494905754433,16.88066838754673,21.91930094502734,21.051146299234127,19.81283135876905,17.94495202506602,15.897328481476045,21.1,6.835692528220746,43.06108738423147,-258.72269920168674,84.68148915575773,76.18640031717945,101.67166683291427,6.598984771573553,100.0,91.40350877192984,14.663461538461542,29.760609357997843,71.99331848552339,1.5304115514256522,0.2819164245033763,19.75555935850159,21.42692912217893,22.324,21.406,20.809500000000003,18.998666666666672,17.544,16.089333333333332,0.2900000000000027,0.389999999999997,0.5199999999999996,0.0474356499652957,20.645000000000003,23.233771716470965,18.056228283529038,2262.886597938147,29873497,2.0287422095799155,1.8091970879367545,3.796131090076801,1.2454458293384467,-84.6428571428547,66.66666666666666,22.5,81.36521814343612,71.93885589789033,20.645000000000003,21.011000000000006,21.618,23.45,1,0,1,1,0,0,0,0,0,2.0,0,0.0,1,1,0.0,0,1,0,0,2.0
20150526,4560,000415XSHE20150526,20200210004725,0,541004,24.8,1296718464.0,000415.XSHE,23.24,1500,24.62,23.88,155777.453125,177430.34375,3.2285115304,23.85,4.0,23.27147831273357,22.789504846859003,21.626068239293904,20.70054686172966,23.895272866785522,21.485659673341512,19.69356775892367,18.42355926786398,20.22773651817284,18.08729045938089,16.797442880239924,22.23271946514593,20.8250660685622,18.79848953929029,16.592233041066663,23.969622662115587,22.89970104910032,21.449818050619072,19.362444225468995,17.090000032298665,22.57333396335157,21.56573788119156,20.200314086505333,18.234534853111576,16.094466049834658,21.1,6.9133229112384855,45.68047337278108,-231.1803050439848,88.46022580885322,80.27767548107072,104.82532646441828,2.7820710973724827,100.0,91.40350877192984,21.161417322834648,28.698379508625212,70.636310566258,1.584785741296719,0.4349935189685348,20.115888294908878,21.918170795689864,23.028,21.866,21.0145,19.380000000000006,17.830000000000005,16.280000000000005,0.7400000000000021,0.17999999999999972,0.6400000000000006,0.05107465920950398,20.809500000000003,23.87884178611637,17.740158213883642,1136.5482233502553,30414501,2.3611987786558597,2.194970494117888,4.277094071989594,1.2565492321589882,74.6969696969709,83.33333333333334,23.56,84.68148915575773,76.18640031717945,20.809500000000003,21.406,22.324,23.85,1,0,1,1,0,0,0,0,0,2.0,0,0.0,1,1,0.0,0,1,0,0,2.0
20150527,4561,000415XSHE20150527,20200210004725,0,452508,25.28,1111574400.0,000415.XSHE,23.88,1500,24.8,24.68,155777.453125,177430.34375,0.7311129163,24.62,4.0,23.780985541822385,23.29212863514425,22.04925914072139,21.073224419754236,24.34763643339277,21.899952214173823,20.02301500028343,18.700795821435108,20.57944909369801,18.350533970777718,17.00803648865466,22.69949774421031,21.20363120488961,19.091246147129787,16.794893953632915,24.494415108077053,23.380482676536626,21.839740141036295,19.66398353154368,17.298740772241906,23.067555975567714,22.018512811883998,20.567522268742927,18.51850876271589,16.291047135023927,22.12,4.341972399865365,44.754967196656615,-184.5651474961819,89.10681720590216,83.2207227226812,100.87900617234405,7.079646017699122,100.0,91.49305555555559,17.535545023696674,24.62311557788946,67.65273311897107,1.6475625135356682,0.5022141779115898,20.462859532323037,22.3615291348145,23.768,22.297000000000004,21.1565,19.767333333333333,18.1205,16.473666666666666,0.12000000000000098,0.4800000000000004,0.8000000000000007,0.050619283652584016,21.0145,24.482555795398923,17.546444204601087,618.4652278177459,29961993,2.4304815818156227,2.3958401802357416,4.588375852515499,1.2224094355518114,10.037656903765708,83.33333333333334,23.88,88.46022580885322,80.27767548107072,21.0145,21.866,23.028,24.62,1,0,1,1,0,0,0,0,0,2.0,0,0.0,1,1,0.0,0,1,0,0,2.0
20150528,4562,000415XSHE20150528,20200210004725,0,702458,27.0,1840535936.0,000415.XSHE,25.0,1500,25.28,25.51,155777.453125,177430.34375,1.935483871,24.8,4.0,24.28065702788159,23.78909647635819,22.4800245886252,21.455658563412946,24.813818216696387,22.322458187402095,20.362175322845786,18.986848177024893,20.94102993264432,18.622277736629574,17.225719738953227,23.16867997253571,21.591856804423934,19.393136578977114,17.00440274490124,25.009076738718036,23.863740371711785,22.239612508556654,19.974930676346432,17.514534827248276,23.552237317045144,22.473619573359642,20.94410110029121,18.811342481607802,16.4942706625542,23.45,3.6065573770491914,45.5014273874206,-174.88182908712483,84.20613210552206,83.5491925169615,85.52001128264322,22.051282051282033,100.0,91.50779896013869,19.81042654028436,26.273726273726282,65.96752368064953,1.7162179909054118,0.54924381895795,20.81968475215096,22.810524652535342,24.4,22.744000000000003,21.3605,20.170666666666666,18.423,16.675333333333334,-0.23000000000000045,1.4899999999999984,0.28000000000000114,0.054253886052841926,21.1565,25.063061019618157,17.24993898038185,751.4745308311021,30664451,2.385659756588023,2.4080706692018228,2.7730322294135545,1.2924071082390949,6.796703296703304,100.0,24.68,89.10681720590216,83.2207227226812,21.1565,22.297000000000004,23.768,24.8,1,0,1,1,0,0,0,0,0,2.0,0,0.0,1,1,0.0,1,1,0,0,2.0
20150529,4563,000415XSHE20150529,20200210004725,0,511103,26.27,1305222016.0,000415.XSHE,24.01,1500,26.0,25.28,155777.453125,177430.34375,2.8481012658,25.28,4.0,24.853771351921054,24.34182235726864,22.94935464347518,21.868780512193585,25.40690910834819,22.782150913976828,20.725905947178315,19.29176782150207,21.330181476287066,18.91160017833037,17.456621851086034,23.68346543207467,22.011679965907373,19.715422599514813,17.226516257372815,25.59938449247869,24.393969395036912,22.67203036488459,20.306885277500253,17.743311745093997,24.108158211363424,22.97296146911243,21.351329566930147,19.123959921529373,16.70972076965163,23.85,4.375752709755118,47.46920162442997,-121.53661762274751,84.51043727669726,83.86960743687342,85.79209695634489,13.623978201634882,100.0,92.05834683954622,17.540687160940326,26.891166422645203,67.72315653298836,1.7925346647208735,0.6105333905236954,21.203411807547187,23.301213167529912,24.91,23.264000000000006,21.640500000000007,20.598000000000003,18.7435,16.889,0.7199999999999989,0.2699999999999996,1.2699999999999996,0.058330809129764995,21.3605,25.727203447682253,16.993796552317754,262.1505376344093,30153348,2.3671994355975916,2.3764295960928075,2.9571461466976983,1.2446886446886445,3.706605222734257,100.0,25.51,84.20613210552206,83.5491925169615,21.3605,22.744000000000003,24.4,25.28,1,0,1,1,0,0,0,0,0,2.0,0,0.0,1,1,0.0,0,1,0,0,2.0
20150601,4564,000415XSHE20150601,20200210004725,0,688167,27.38,1818328704.0,000415.XSHE,25.84,1500,27.27,26.58,155777.453125,177430.34375,4.8846153846,26.0,4.0,25.659180901280703,25.07386676795148,23.52544069101182,22.35980046563053,26.338454554174096,23.34313204972973,21.14810556348939,19.638647481436763,21.787090593495744,19.239380563493892,17.714868644478507,24.335562626242915,22.512472350106673,20.083938570270192,17.47450351027719,26.42895632831913,25.0656295050302,23.18784652060987,20.686456727378296,17.99873861558551,24.889405474242288,23.60549574745563,21.837098179603466,19.48142041316208,16.950268404968874,24.62,6.548409783543012,52.23920592208836,-135.09464092809162,89.08976073223553,85.60965853532745,96.04996512605172,1.4416775884665718,100.0,93.53970390309557,16.28997867803838,31.04276790004806,67.36429038587312,1.8858291410664705,0.7463558107647743,21.652788710691837,23.911795757140695,25.594,23.959,21.938000000000002,21.067666666666664,19.09575,17.123833333333334,0.6900000000000013,0.10999999999999943,0.7399999999999984,0.059548906661302935,21.640500000000007,26.64367739041901,16.63732260958099,339.0977443609029,30841515,2.5393147009589816,2.4532570682782873,3.301231115899241,1.2362751911049341,2.81731909845789,100.0,25.28,84.51043727669726,83.86960743687342,21.640500000000007,23.264000000000006,24.91,26.0,1,0,1,1,0,0,0,0,0,2.0,0,0.0,1,1,0.0,0,1,0,0,2.0
20150602,4565,000415XSHE20150602,20200210004725,0,567074,28.49,1562741504.0,000415.XSHE,26.8,1500,28.28,27.27,155777.453125,177430.34375,3.7037037037,27.27,4.0,26.532787267520472,25.87540007596361,24.159381932210245,22.898000423300484,27.30922727708705,23.960240543513518,21.60822778519975,20.014358460504727,22.286545163226837,19.593914659043147,17.99289841699223,25.052733057835113,23.06176069771556,20.48374644489116,17.741305892739483,27.32877088554609,25.804315049570164,23.753613518647022,21.098258838237893,18.273545069521667,25.736803649494856,24.30115106610005,22.369907876784097,19.86923405154442,17.209066715957302,24.8,7.422320139785764,55.26006610082025,-131.5579781861737,91.75293274592244,87.65741660552578,99.94396502671577,2.55785627283797,100.0,100.0,18.57442348008385,35.96153846153846,72.7799227799228,1.9966900985488687,0.8868876598591884,22.143693250640588,24.58382717911905,26.326,24.677,22.351,21.527,19.47325,17.3755,1.0100000000000016,0.2099999999999973,0.4699999999999989,0.059837657608164715,21.938000000000002,27.564540322436162,16.31145967756384,445.3987730061352,30274441,2.7699273049498965,2.654621002954439,4.9021521749133,1.4060650887573964,2.4278187565858813,100.0,26.58,89.08976073223553,85.60965853532745,21.938000000000002,23.959,25.594,27.27,1,0,1,1,0,1,0,0,0,2.0,0,0.0,1,1,0.0,0,1,0,0,2.0
20150603,4566,000415XSHE20150603,20200210004725,0,1110960,14.45,1537255808.0,000415.XSHE,13.33,1500,13.62,14.23,311553.6875,354860.6875,-3.3356990774,14.09,4.0,22.22852484501365,22.81155005697271,22.75413100791555,22.05454583936408,20.46461363854352,22.667710475574328,21.092858250670734,19.73634287526539,21.619887842978624,19.359643495943416,17.877822142860857,22.97405432004691,22.16254539317122,20.148929545140373,17.639545253412578,22.89538059036406,23.66327594964832,22.82742175496636,20.75339743149458,18.16873161101496,21.561669099663238,22.284832690445494,21.497669031376084,19.54446165878616,17.110358895810204,25.28,-43.46201743462018,-25.260928257076074,396.0018133368711,61.80626475057978,79.04036598721045,27.338062277318468,98.08707124010556,19.18412348401323,32.875457875457876,-44.67912266450041,-32.97244094488189,38.46938775510204,1.8743072729930368,-0.9790626044466616,21.512308565407952,22.89708453617766,24.09,23.929000000000002,22.066999999999997,21.44933333333333,19.48425,17.382833333333334,-0.6100000000000012,0.21999999999999886,0.28999999999999915,0.06806085878290773,22.351,29.038277772008577,15.66372222799142,-45.58382050876918,31385401,-1.0688802030303275,0.8505235509597844,2.526318807908601,1.225401256106071,0.3348681456676433,83.33333333333334,27.27,91.75293274592244,87.65741660552578,22.351,24.677,26.326,28.28,0,0,1,1,0,0,0,0,0,1.0,0,0.0,1,1,0.0,1,0,0,1,3.0
20150604,4567,000415XSHE20150604,20200210004725,0,904574,13.55,1180340352.0,000415.XSHE,12.52,1500,13.28,13.51,311553.6875,354860.6875,-2.496328928,13.62,1.0,19.2456832300091,20.42866254272953,21.490913540193468,21.256859853967345,16.87230681927176,21.49424666612753,20.58880287965972,19.455632315471238,20.978358008903342,19.121226103945638,17.756826823311886,21.21149898912929,21.316588689059678,19.813859811231087,17.531902160735726,19.82305372690937,21.847843958803168,21.956086349731468,20.40827560556801,18.057859225557802,18.668312733108827,20.575154019455407,20.67709102838789,19.219444016894148,17.005945095913653,26.0,-38.77362840018442,-27.1346582242365,746.2286353375454,42.79048416058272,66.95707204500121,-5.542691608254246,95.2410770194114,16.666666666666664,32.37150586113616,-46.451612903225815,-37.06161137440759,36.05135322692574,1.6024508460224527,-2.1748514157646697,20.90250793093329,21.417533069073404,21.69,23.045,21.811999999999998,21.307,19.48675,17.3845,-0.23000000000000045,0.040000000000000924,0.7599999999999998,0.06880964960623723,22.066999999999997,29.62894842616637,14.505051573833633,-56.009788397869606,30480827,-4.449891686476104,-2.759385944753216,1.5792386438223511,1.0639686684073104,0.24048646528050216,66.66666666666666,14.23,61.80626475057978,79.04036598721045,22.066999999999997,23.929000000000002,24.09,13.62,0,0,1,1,0,0,0,0,0,1.0,0,0.0,0,0,0.0,1,0,0,0,0.0
20150605,4568,000415XSHE20150605,20200210004725,0,1018263,13.73,1367353344.0,000415.XSHE,13.01,1500,13.39,13.52,311553.6875,354860.6875,0.8283132529999999,13.28,2.0,17.293788820006068,18.668996907047152,20.41079173483434,20.54169077633395,15.13115340963588,20.481215832861594,20.1243639841978,19.19190917132032,20.394638162064624,18.89647213908502,17.641910327961572,19.789408263833057,20.561675480577804,19.500500796049078,17.429632971581754,17.81260248460625,20.383090511748048,21.178525744995135,20.085515819930553,17.95252196072921,16.774975155405887,19.195726015918066,19.94482521616047,18.91548577216761,16.906743982434303,27.27,-30.143989983305502,-26.54803177250185,2746.8100358422835,30.342894261928873,54.75234611731043,-18.47600944883426,94.55228553537884,13.743530764807373,29.478138222849086,-47.03322784810127,-36.540284360189574,38.00217155266015,1.2492611007276393,-2.8255179623585085,20.346025861975264,20.18252798152365,19.168,22.039,21.525,21.109666666666666,19.492,17.387999999999998,-0.129999999999999,0.21000000000000085,0.3800000000000008,0.06659617839407017,21.811999999999998,30.15472017989337,13.469279820106635,-61.59899276046586,31499090,-6.515653581781081,-5.482772634128592,1.1488396803751348,1.1232130701157248,0.26071139854486675,66.66666666666666,13.51,42.79048416058272,66.95707204500121,21.811999999999998,23.045,21.69,13.28,0,0,1,0,0,0,0,0,0,1.0,0,0.0,0,0,0.0,1,0,0,0,0.0
20150608,4569,000415XSHE20150608,20200210004725,0,1168989,13.92,1598782720.0,000415.XSHE,13.13,1500,13.84,13.39,311553.6875,354860.6875,3.3607169529000003,13.39,3.0,16.142525880004047,17.461747680285367,19.534686170189765,19.93244616030359,14.48557670481794,19.65106385375389,19.718921146507615,18.959217468219432,19.890435226521188,18.698179114022864,17.541860056173114,18.707697670408866,19.92151591099897,19.224378805997898,17.341000058703198,16.626801656404165,19.26892860052113,20.519161388328932,19.80111017017784,17.861230060464298,15.658250103603926,18.146466740296603,19.323870433669,18.647647441817966,16.820770056942102,28.28,-16.0296080572746,-24.134453044488783,-1320.7238762405166,22.98376211074949,44.16281811512345,-19.37434989799844,91.73450219160928,9.47495473747738,26.434526728788622,-46.769230769230774,-37.43218806509946,40.021929824561404,0.8679401656935438,-3.0505674802727616,19.864098020347463,19.206754445904625,16.482,21.038,21.221999999999998,20.885666666666673,19.5085,17.398999999999994,0.4499999999999993,0.08000000000000007,0.2599999999999998,0.0672728243387388,21.525,30.49815240035518,12.551847599644814,-67.38799146601643,32668079,-7.294896374306253,-6.905274978043669,1.342035808583729,1.1344709897610918,0.2926829268292682,66.66666666666666,13.52,30.342894261928873,54.75234611731043,21.525,22.039,19.168,13.39,0,0,1,0,0,0,0,0,0,1.0,0,0.0,0,0,0.0,0,0,0,0,0.0
20150609,4570,000415XSHE20150609,20200210004725,0,801380,13.91,1086000640.0,000415.XSHE,13.3,1500,13.44,13.85,311553.6875,354860.6875,-2.8901734104,13.84,4.0,15.241683920002695,16.456310760214027,18.722061347497803,19.34222378209417,13.962788352408971,18.874680872034656,19.31382945963616,18.719251491340327,19.39424790140417,18.491976011512165,17.43391637048435,17.749934457607257,19.304228681380017,18.942213986193124,17.244679069599414,15.698934437602775,18.282432491335467,19.883355541821423,19.510480405778925,17.762019441687396,14.784433402402613,17.217436423879036,18.72510182093861,18.373947566607328,16.727338697511435,13.62,-0.5475802871096629,-26.34809294169223,-501.59033303860923,17.24277524143892,35.18947049056194,-18.650615256807114,94.23919849718222,3.508771929824564,24.47278077488965,-50.71507150715071,-42.68656716417911,40.797317436661686,0.4806166418544071,-3.0985881907130937,19.38823890772913,18.319561454226992,13.514000000000001,19.92,20.893,20.649666666666672,19.515000000000004,17.403333333333332,-0.41000000000000014,0.0600000000000005,0.1399999999999988,0.06547520287341829,21.221999999999998,30.808837017494355,11.635162982505648,-74.35050307854031,31866699,-7.331399618191331,-7.313147996248793,0.9709304516559838,1.0412508316699929,0.2466477041852904,50.0,13.39,22.98376211074949,44.16281811512345,21.221999999999998,21.038,16.482,13.84,0,0,0,0,0,0,1,0,0,1.0,0,0.0,0,0,0.0,1,0,0,0,0.0
20150610,4571,000415XSHE20150610,20200210004725,0,691931,13.66,926131456.0,000415.XSHE,12.98,1500,13.59,13.25,311553.6875,354860.6875,1.1160714286,13.44,4.0,14.69112261333513,15.739733070160518,18.03778650116476,18.81929434735834,13.776394176204484,18.21409576303033,18.94455013965963,18.496240556934225,18.947767293603853,18.29974165811953,17.332760676524238,16.9935827380423,18.76001642601049,18.68113037711053,17.15444008022659,15.131856291735186,17.50339022018357,19.322816918790807,19.241564288423852,17.66907328263339,14.250388934935074,16.48377525590103,18.197215933230176,18.120696465797213,16.639806877819794,13.28,0.6070476754515765,-25.559535938475694,-287.97500471198896,13.72853770009516,28.035826227073013,-14.886039353860545,93.29993738259235,48.96551724137933,22.10419828022256,-51.94483734087695,-43.018867924528294,39.44359756097561,0.11113269063078994,-2.955871609788937,18.95873972937883,17.591936615115152,13.508,18.799,20.548000000000002,20.370666666666672,19.52525,17.410166666666665,0.33999999999999986,0.07000000000000027,0.2699999999999996,0.06483372075896031,20.893,30.995753288089343,10.790246711910655,49.75562072336271,31174768,-6.771070567686106,-7.051235092938717,1.0183225402660196,1.1438746438746434,0.2679022746419545,50.0,13.85,17.24277524143892,35.18947049056194,20.893,19.92,13.514000000000001,13.44,0,0,0,0,0,0,1,0,0,1.0,0,0.0,0,0,0.0,0,0,0,0,0.0
20150611,4572,000415XSHE20150611,20200210004725,0,874987,13.65,1174632192.0,000415.XSHE,13.3,1500,13.51,13.59,311553.6875,354860.6875,-0.5886681383,13.59,4.0,14.297415075556755,15.182299802620387,17.434081634342785,18.336631224871216,13.643197088102246,17.626083792651535,18.593934001617068,18.27944748924143,18.529477501788172,18.111908651918768,17.232161711352543,16.360204058398246,18.260014861628534,18.428880114812454,17.064453905406182,14.726337527823455,16.851010180150194,18.807815307477394,18.981746518256827,17.576387522568368,13.868492623290052,15.869397936646298,17.71221441577968,17.876013711368085,16.552520288243993,13.39,-0.32462741626089897,-26.024486935190676,-184.6852788158572,11.218732918827788,22.430128457657933,-11.204058158832504,93.80087664370696,59.6638655462185,21.301474326385364,-0.8076358296622572,-45.12591389114542,37.49510763209394,-0.2293304499790824,-2.7237051248789785,18.555129379054467,16.963946366635895,13.554000000000002,17.622,20.183,20.11433333333333,19.5335,17.415666666666667,-0.08000000000000007,0.0600000000000005,0.20999999999999908,0.05951300192902655,20.548000000000002,31.103836489828744,9.992163510171254,113.197969543147,32049755,-5.904830928018019,-6.337950747852062,0.7537515089729155,1.1547619047619044,0.25259515570934243,50.0,13.25,13.72853770009516,28.035826227073013,20.548000000000002,18.799,13.508,13.59,0,0,0,0,0,0,1,0,0,1.0,0,0.0,0,0,0.0,1,0,0,0,0.0
20150612,4573,000415XSHE20150612,20200210004725,0,1096020,13.67,1478191104.0,000415.XSHE,13.35,1500,13.52,13.49,311553.6875,354860.6875,0.074019245,13.51,4.0,14.038276717037835,14.76672485196529,16.91220408309708,17.898755658973833,13.581598544051122,17.112823318570097,18.266583420867587,18.072514989709195,18.14413307857369,17.93183380282391,17.13447324526432,15.843803320507655,17.808584874806773,18.189422548236237,16.97693652502578,14.459425018548973,16.319117420122886,18.342842421050975,18.735105224683327,17.486244620776557,13.617128415526702,15.368489220892426,17.27432732856257,17.643739871789148,16.467628429275006,13.84,-0.441826215022108,-25.997285107500986,-127.19505506966696,9.566402200529318,18.14221970528173,-7.585232808975513,93.73825923606762,55.96330275229353,19.375,1.807228915662652,-45.483870967741936,37.224842767295605,-0.5330740336595291,-2.4299486694435735,18.182156832457842,16.434108464076527,13.580000000000002,16.374000000000002,19.819000000000003,19.885,19.542,17.421333333333337,0.029999999999999364,0.15000000000000036,0.14000000000000054,0.0531875581420443,20.183,31.123689009381447,9.24231099061855,86.75721561969402,33145775,-4.903704786875747,-5.404267857446884,0.872642501175955,1.1743549648162626,0.2465262214253697,66.66666666666666,13.59,11.218732918827788,22.430128457657933,20.183,17.622,13.554000000000002,13.51,0,0,0,0,0,0,1,1,0,1.0,1,0.0,0,0,0.0,0,0,0,0,0.0
20150615,4574,000415XSHE20150615,20200210004725,0,1262976,13.75,1715150592.0,000415.XSHE,13.4,1500,13.4,13.6,311553.6875,354860.6875,-0.8875739645,13.52,4.0,13.825517811358562,14.425043638973966,16.443910205350804,17.489777871794395,13.490799272025562,16.648720403748833,17.95261029694064,17.869362164069663,17.779199764837262,17.75411483016415,17.036197633546838,15.399475444051713,17.388719648634698,17.95579218002959,16.888617104654774,14.240283345699314,15.86145970737327,17.910381238093745,18.49446594543048,17.395275617794418,13.410752277017801,14.937491180730165,16.867058059175662,17.417118414628707,16.38195859151513,13.44,-0.6818855618144124,-26.671774105286197,-90.70590991139959,21.57621977444616,19.286886395003208,26.154886533332057,94.4896681277395,21.05263157894739,16.129032258064527,0.07468259895444201,-46.993670886075954,35.87086488640893,-0.7985793162256688,-2.1240422605291176,17.827922993016518,15.967322546526294,13.492,14.987,19.472999999999995,19.621,19.547500000000007,17.425000000000004,-0.1999999999999993,0.15000000000000036,0.0,0.050152267050746116,19.819000000000003,31.106618172138887,8.531381827861114,72.71028037383141,34408751,-3.957129583986781,-4.4304171854312635,0.7907539418128489,1.1639085894405046,0.21773835920177373,50.0,13.49,9.566402200529318,18.14221970528173,19.819000000000003,16.374000000000002,13.580000000000002,13.52,0,0,0,0,0,0,1,1,0,1.0,1,0.0,0,0,0.0,1,0,0,0,0.0
20150616,4575,000415XSHE20150616,20200210004725,0,1647947,13.78,2238878464.0,000415.XSHE,13.01,1500,13.78,13.13,311553.6875,354860.6875,2.8358208955,13.4,4.0,13.810345207572372,14.263782729230476,16.088722177970695,17.152525337994902,13.635399636012783,16.29013035328023,17.683409632621892,17.69156380911011,17.47156901369593,17.59826718976555,16.95050822213771,15.105025363315043,17.045032063050446,17.75209500051595,16.811861126762064,14.224655563799546,15.558176124214492,17.556383024941958,18.28465785053143,17.316216960564926,13.396034851345206,14.65187460241559,16.53368110115893,17.21953215050047,16.307505292959206,13.59,1.6224188790560516,-24.64180247183637,-64.89081003196907,44.38414651629743,27.652639768767948,77.84716001135641,92.11020663744522,72.97297297297301,11.914172783738007,-0.4335260115606973,-47.0,36.02385685884692,-1.0183165449532183,-1.757897829820398,17.528076845385662,15.630811385522248,13.56,13.537,19.107,19.413,19.5295,17.435,0.6499999999999986,0.0,0.12000000000000098,0.04976412073041225,19.472999999999995,30.99806503235448,7.947934967645513,72.42582897033137,36056698,-2.9402715027598565,-3.4487005433733184,0.9810799679900354,1.1436377829820452,0.1933941764450237,50.0,13.6,21.57621977444616,19.286886395003208,19.472999999999995,14.987,13.492,13.4,0,0,0,1,0,0,1,1,0,1.0,1,0.0,0,0,0.0,0,0,0,0,0.0
20150617,4576,000415XSHE20150617,20200210004725,0,1126903,13.94,1523288192.0,000415.XSHE,13.19,1500,13.68,13.84,311553.6875,354860.6875,-0.7256894049,13.78,4.0,13.76689680504825,14.117837046922855,15.767559220907936,16.836841216359,13.65769981800639,15.9638640591202,17.42512514019467,17.517147991322712,17.179909858796243,17.444609652912,16.86444221629198,14.845929842712307,16.724552818950404,17.553456220002982,16.734531222397568,14.179903709199696,15.291307737993677,17.226289403518916,18.08005990660307,17.236567159069494,13.353889900896801,14.400551947430936,16.22281623438189,17.026852533402888,16.23249528572564,13.51,0.7512152010605414,-25.22955837341495,-42.90146239181833,53.8949865664205,36.4000887013188,88.88478229662391,92.73638071383844,56.52173913043479,6.547619047619045,1.7857142857142874,-49.83498349834985,35.89540412044374,-1.1971227477860698,-1.4304496226628096,17.24303411609784,15.330686556980364,13.578,13.543,18.736,19.225666666666665,19.47275,17.443333333333335,-0.16000000000000014,0.09999999999999963,0.4900000000000002,0.0470233756960201,19.107,30.827606468950314,7.386393531049683,97.28155339805824,34929795,-2.1068873675491604,-2.523579435154508,0.7284407995838899,1.1284615384615386,0.18450342465753408,50.0,13.13,44.38414651629743,27.652639768767948,19.107,13.537,13.56,13.78,0,0,0,1,0,0,0,0,0,0.0,1,0.0,0,0,0.0,1,0,0,0,0.0
20150618,4577,000415XSHE20150618,20200210004725,0,990355,13.58,1304074112.0,000415.XSHE,12.58,1500,12.6,13.58,311553.6875,354860.6875,-7.8947368421,13.68,1.0,13.3779312033655,13.738377785192142,15.345217991453545,16.451673833053633,13.128849909003195,15.543381051730176,17.113826744053082,17.303358948221724,16.827609100427306,17.254624960640946,16.75222005270535,14.437578962219158,16.331738264764653,17.311824209271126,16.632444031721086,13.779269139466464,14.870706331085731,16.821690412707593,17.83117893554926,17.13141735267272,12.976593267264533,14.004451593352584,15.841786116821714,16.792469482992992,16.133470710769448,13.52,-5.942072260376239,-31.08879700728489,-36.230123337162716,36.420187122711695,36.40678817511643,36.446985017902215,99.49906073888542,23.07692307692304,34.16149068322981,-7.284768211920531,-55.44554455445545,35.06191950464396,-1.3554031442736587,-1.2662431719007117,16.899105663053554,14.91058093282954,13.395999999999999,13.475,18.26,19.033,19.349,17.433666666666664,-0.9800000000000004,0.0,0.01999999999999957,0.047203859536142485,18.736,30.640037970369548,6.831962029630446,46.66666666666684,33939440,-1.951923711736857,-2.0294055396430086,0.5691792913030979,1.0014598540145987,0.1335262505167423,33.33333333333333,13.84,53.8949865664205,36.4000887013188,18.736,13.543,13.578,13.68,0,0,0,0,0,0,0,0,0,0.0,0,0.0,0,0,1.0,1,0,0,0,1.0
20150619,4578,000415XSHE20150619,20200210004725,0,848170,12.19,983914368.0,000415.XSHE,11.34,1500,11.34,12.16,311553.6875,354860.6875,-10.0,12.6,2.0,12.698620802243669,13.138783338894108,14.811188925926409,15.986976211866944,12.234424954501598,15.017958420263904,16.74132179282385,17.044082472212086,16.405485323471357,17.022678883753063,16.609793209213105,13.874382787270221,15.856334620501352,17.0205157112579,16.50176640130822,13.079579426310975,14.290614270888328,16.332024659116392,17.531131182595633,16.996819393347472,12.317662178176358,13.458151303652112,15.380644581886314,16.509900239920164,16.006713409268972,13.4,-12.499999999999995,-37.85484118459413,-35.61214195580442,24.280124748474464,32.36456703290244,8.111240179618505,100.0,12.925170068027187,26.57004830917875,-16.06217616580311,-16.74008810572687,31.458966565349535,-1.5095343692320504,-1.233049799667134,16.48732005838292,14.361260789317305,12.96,13.27,17.6545,18.773333333333326,19.14975,17.403,-0.8200000000000003,0.029999999999999364,0.0,0.04932230324034671,18.26,30.277889124134898,6.242110875865095,5.307855626327019,33091270,-2.46959548386054,-2.2107595977986985,0.588287890757943,0.8856749311294769,0.071205007824726,33.33333333333333,13.58,36.420187122711695,36.40678817511643,18.26,13.475,13.395999999999999,12.6,0,0,0,0,0,0,0,0,0,0.0,0,1.0,0,0,0.0,1,0,0,0,1.0
20150623,4579,000415XSHE20150623,20200210004725,0,711167,11.47,761773952.0,000415.XSHE,10.21,1500,10.93,11.3,311553.6875,354860.6875,-3.6155202822000003,11.34,2.0,12.109080534829113,12.58658750417058,14.293697069136217,15.527251101697221,11.5822124772508,14.506963617730912,16.366397806190054,16.778252799507214,15.984294144742794,16.78375030007647,16.460324966865393,13.339040462311996,15.38715989473932,16.723417383879465,16.364191922263572,12.472352950873985,13.739211676181354,15.8487746915815,17.225119905395857,16.855117679931475,11.74580811878424,12.938869248442636,14.92554509789714,16.221714862363086,15.873266164595664,13.78,-12.321514519493029,-39.953632997483865,-27.079996345808333,22.621066186203702,29.116733417336196,9.629731723938713,83.01886792452831,11.764705882352915,22.297297297297273,-19.156804733727807,-17.695783132530114,30.97643097643098,-1.6560859367230818,-1.17241253992825,16.075666720724925,13.833374514037716,12.466,12.979000000000005,17.0085,18.474333333333327,18.909000000000002,17.365499999999994,-0.37000000000000105,0.16999999999999993,0.7199999999999989,0.055142115603836916,17.6545,29.659804286022908,5.649195713977091,-2.7310924369746976,32380103,-3.0313770862075904,-2.750486285034065,0.6031917420041729,0.8602150537634412,0.037481259370314636,16.666666666666664,12.16,24.280124748474464,32.36456703290244,17.6545,13.27,12.96,11.34,0,0,0,0,0,0,1,0,0,1.0,0,1.0,0,0,1.0,1,0,0,0,2.0
20150624,4580,000415XSHE20150624,20200210004725,0,681614,11.28,754860736.0,000415.XSHE,10.68,1500,11.12,11.15,311553.6875,354860.6875,1.7383348582,10.93,2.0,11.779387023219408,12.219940628127935,13.870537459918056,15.126591910633836,11.351106238625398,14.08359316551455,16.027920528371347,16.532241808224292,15.61011767207027,16.561642445171508,16.3197900993163,12.935578560073452,14.980763714287956,16.450079950519495,16.23470570196077,12.132768633915989,13.323645916875654,15.430186625716596,16.94358234903508,16.72174687301959,11.426005412522823,12.547511203271249,14.531340802859313,15.95657755200391,15.747664530901945,13.68,-6.820847997318602,-38.77124010263526,-25.17029854668882,23.21297173807681,27.14881285758307,15.341289499064288,75.60321715817699,6.249999999999987,17.464114832535866,-17.01492537313434,-16.95294996265871,28.764478764478763,-1.7833983525502024,-1.0184993266169649,15.708580296967526,13.415932281108839,11.934,12.747,16.3335,18.177666666666664,18.674,17.331166666666665,-0.030000000000001137,0.129999999999999,0.4399999999999995,0.05599910858088386,17.0085,28.741050063818182,5.275949936181822,-0.6128133704734559,31698489,-3.1698426019165664,-3.1006098440620784,0.6310180455034784,0.8948096885813149,0.03594400302686325,33.33333333333333,11.3,22.621066186203702,29.116733417336196,17.0085,12.979000000000005,12.466,10.93,0,0,0,0,0,0,1,0,0,1.0,1,1.0,0,0,1.0,1,0,0,0,2.0
20150625,4581,000415XSHE20150625,20200210004725,0,778360,11.48,868596544.0,000415.XSHE,10.78,1500,11.0,11.2,311553.6875,354860.6875,-1.0791366906,11.12,2.0,11.519591348812938,11.914955471095949,13.487799131928986,14.751447191485305,11.1755531193127,13.698144019825232,15.703538558798998,16.2917095556928,15.255493235757172,16.343538819870666,16.179795623018506,12.583655185514644,14.601643360546248,16.18422239195757,16.105453709319757,11.865179089277325,12.961164841080082,15.039692661362634,16.669749063716296,16.588617320599347,11.174003608348551,12.206145529949202,14.16359405972986,15.698695720198842,15.622290098040164,12.6,-3.4918406738024186,-39.286226804578924,-25.14558854811868,22.53518938034432,25.610938365170156,16.383691410692652,78.82037533512066,6.209150326797372,18.717948717948694,-20.17416545718432,-20.52023121387283,24.787363304981774,-1.8898279179519109,-0.8514365232136667,15.359796571266225,13.04425039170748,11.398,12.488,15.6435,17.861333333333327,18.4,17.29483333333333,-0.1999999999999993,0.28000000000000114,0.22000000000000064,0.057359065768655626,16.3335,27.607419061267034,5.0595809387329735,1.1467889908257871,32476849,-3.0480580572880447,-3.1089503296023056,0.4254501534935002,0.8137651821862347,0.005611672278338825,16.666666666666664,11.15,23.21297173807681,27.14881285758307,16.3335,12.747,11.934,11.12,0,0,0,0,0,0,1,0,0,1.0,1,1.0,0,0,1.0,1,0,0,0,2.0
20150626,4582,000415XSHE20150626,20200210004725,0,684814,10.76,694639680.0,000415.XSHE,9.9,1500,9.9,10.4,311553.6875,354860.6875,-10.0,11.0,2.0,10.979727565875292,11.411216603321964,13.009425914338456,14.310406537713915,10.537776559656349,13.223376017347078,15.329116716295838,16.013809140227895,14.843532217622005,16.09085102301299,16.014537843465387,12.095717879057435,14.15386780239899,15.87767495820354,15.952232630077296,11.309119392851553,12.458589415429161,14.578483836470962,16.354005206949648,16.430799608979616,10.650335738899033,11.732846342685713,13.729251768327018,15.401344709457431,15.473665651174974,11.34,-8.822987658869037,-45.15903878751618,-38.75824131711579,15.023459586896214,22.08177877241217,0.9068212158642908,100.0,6.168831168831156,11.958762886597912,-27.63157894736841,-26.33928571428571,22.52855454903505,-1.9908318610420992,-0.8080315447215063,14.955367195616875,12.560519562214024,10.857999999999999,12.127,14.874499999999998,17.497666666666664,18.1175,17.240166666666667,-0.5,0.35999999999999943,0.0,0.06345526088039477,15.6435,26.26239537569704,5.024604624302958,-4.740658114891215,31792035,-3.2971545859941624,-3.1726063216411036,0.4316809446404265,0.810704960835509,-0.0032339202299677826,16.666666666666664,11.2,22.53518938034432,25.610938365170156,15.6435,12.488,11.398,11.0,0,0,0,0,0,0,1,0,0,1.0,1,1.0,0,0,1.0,1,0,1,0,3.0
20150629,4583,000415XSHE20150629,20200210004725,0,819562,10.35,758849856.0,000415.XSHE,8.91,1500,8.91,10.19,311553.6875,354860.6875,-10.0,9.9,2.0,10.289818377250194,10.785912452491472,12.46283579242666,13.819460488830831,9.723888279828175,12.684204015178693,14.91498015395417,15.704947873261466,14.387106662420313,15.809249022110526,15.827576321268925,11.516496446501536,13.654451821218133,15.53778837487654,15.778350342914887,10.598512928567699,11.861991339896585,14.064085375854676,16.003922026122837,16.251700853202337,9.981123825932688,11.171001553106489,13.244818266581587,15.071654723630244,15.30499983262744,10.93,-14.095642113382182,-50.40853129104793,-51.09228051244622,10.015639724597477,18.05973242314061,-6.072545672488793,100.0,6.761565836298917,10.069444444444422,-29.285714285714285,-34.437086092715234,19.328387348691916,-2.094397698860984,-0.8285267025510805,14.507562218163773,11.998901168027249,10.372,11.665999999999999,14.02,17.101333333333333,17.83025,17.168999999999997,-1.2799999999999994,0.16000000000000014,0.0,0.07725001313668547,14.874499999999998,24.47658102444465,5.272418975555347,16.05970149253735,32611597,-3.9066021977753698,-3.601878391884766,0.3125635899134608,0.7214953271028037,-0.047898001378359874,16.666666666666664,10.4,15.023459586896214,22.08177877241217,14.874499999999998,12.127,10.857999999999999,9.9,0,0,0,0,0,0,1,0,0,1.0,1,1.0,0,0,1.0,1,0,1,0,3.0
20150630,4584,000415XSHE20150630,20200210004725,0,978005,9.51,851191168.0,000415.XSHE,8.02,1500,9.46,8.7,311553.6875,354860.6875,6.1728395062,8.91,2.0,10.01321225150013,10.454434339368603,12.062457686769768,13.423145898937118,9.591944139914089,12.281178513281358,14.563045950473258,15.433428400510964,14.008098457618749,15.560258864380698,15.660008523340798,11.142588001683075,13.254980219197359,15.241310893175244,15.622341692472546,10.313608619045132,11.47686564173357,13.65262962577328,15.698550219970505,16.091011943246723,9.712815883955127,10.808310361632584,12.857330812621438,14.784071566379987,15.153671441698373,11.12,-6.132169081166884,-47.128389707361784,-56.95890032192442,14.785201257839766,16.968222034706994,10.419159704105304,75.67567567567566,25.08474576271188,17.777777777777768,-16.578483245149904,-29.977794226498887,20.477290223248648,-2.18059170552704,-0.6895520533284438,14.133668720522012,11.60830098833075,10.078,11.272,13.129499999999998,16.739333333333335,17.53375,17.106999999999996,0.7600000000000016,0.04999999999999893,0.6799999999999997,0.09038860137940424,14.02,21.64064426410261,6.399355735897392,24.29792429792428,33589602,-3.9122020820772985,-3.909402139926334,0.470901973843109,0.6991920447482909,-0.07790893760539641,33.33333333333333,10.19,10.015639724597477,18.05973242314061,14.02,11.665999999999999,10.372,8.91,0,0,0,0,0,0,1,0,0,1.0,1,1.0,0,0,1.0,0,0,1,0,2.0
20150701,4585,000415XSHE20150701,20200210004725,0,731405,9.75,687200768.0,000415.XSHE,8.59,1500,8.9,9.46,311553.6875,354860.6875,-5.9196617336,9.46,2.0,9.642141501000088,10.065825754526452,11.640796661867135,13.011950817215565,9.245972069957043,11.858531199121186,14.19768814721692,15.14936629614092,13.615167807032693,15.299072242248121,15.482113562200249,10.734844728649788,12.840220198321418,14.93197865448377,15.456357946979393,9.931405746030089,11.056890070509283,13.225426804271065,15.379938014118284,15.92004868538878,9.352877255970084,10.412799386790297,12.45501359237178,14.484019294849254,14.992667208570015,11.0,-7.618849906580842,-49.94488312973836,-54.076061478099696,15.132580215058649,16.356341428157545,12.685057788860853,85.13513513513513,16.566265060240983,16.617210682492573,-18.57273559011893,-34.17159763313609,18.57252494244052,-2.2553434160657457,-0.5980136843096506,13.7459895560389,11.191639297818327,9.634,10.784,12.1605,16.332666666666668,17.25575,17.035666666666668,-0.5600000000000005,0.28999999999999915,0.3100000000000005,0.09783450082657567,13.129499999999998,16.591952743359823,9.667047256640169,28.045325779036798,32858197,-3.8793128940416097,-3.8957574880594543,0.3040941361102059,0.6605839416058393,-0.09332447691796757,33.33333333333333,8.7,14.785201257839766,16.968222034706994,13.129499999999998,11.272,10.078,9.46,0,0,0,0,0,0,1,0,0,1.0,1,1.0,0,0,1.0,1,0,1,0,3.0
20150702,4586,000415XSHE20150702,20200210004725,0,664508,9.16,558887680.0,000415.XSHE,8.01,1500,8.01,8.91,311553.6875,354860.6875,-10.0,8.9,2.0,9.098094334000061,9.55186931589484,11.156690440284851,12.55722801565051,8.627986034978521,11.377464799231038,13.798482460299695,14.838959065873926,13.184001052645565,15.013226271963878,15.285478994773927,10.239418414349828,12.380199227052712,14.594321159143098,15.27249725693052,9.371037164020061,10.546600966780323,12.751605203864296,15.032150793917392,15.730672174638435,8.825151503980056,9.932235861919331,12.008793250241132,14.156491524368803,14.814322339222604,9.9,-11.354581673306773,-54.54442275389294,-65.58241280452185,10.088386810039099,14.267023222118066,1.7311139858811693,100.0,13.447432762836197,10.20689655172414,-27.967625899280574,-40.223880597014926,15.707205489897065,-2.328063755223309,-0.5817627132604981,13.321101440776761,10.702156328923202,9.036,10.217,11.88,15.896333333333333,16.9735,16.9495,-0.9000000000000004,0.25,0.0,0.1067090983691212,12.1605,15.993665793440194,8.327334206559808,18.045476536042518,32193689,-4.173813593569402,-4.026563243805505,0.3267386334311245,0.6101796407185627,-0.11516946363935515,16.666666666666664,9.46,15.132580215058649,16.356341428157545,12.1605,10.784,9.634,8.9,0,0,0,0,0,0,1,0,0,1.0,1,1.0,0,0,1.0,1,0,1,0,3.0
20150703,4587,000415XSHE20150703,20200210004725,0,895587,8.15,663393408.0,000415.XSHE,7.21,1500,7.21,7.85,311553.6875,354860.6875,-9.987515605499999,8.01,2.0,8.46872955600004,8.96640198692113,10.630465048246869,12.071116377864099,7.918993017489263,10.856531699327162,13.373419075764232,14.507265193444624,12.724462510134366,14.707217398553528,15.072966389648302,9.688615066286225,11.88779930066674,14.234110370892214,15.073423250586558,8.722791442680041,9.97927351827481,12.244433279686742,14.661133682018981,15.525625948104155,8.21466766932004,9.397956614297637,11.531165321646734,13.807087059765447,14.621220553068962,8.91,-15.156507413509074,-58.59843351631945,-79.42534215040358,6.725591206692733,11.75321255030962,-3.3296514805410453,100.0,14.511873350923496,9.308176100628932,-34.45454545454545,-47.677793904209004,11.063664596273297,-2.4031561543565707,-0.6007391930660981,12.868427259978482,10.164901509088864,8.498000000000001,9.677999999999999,11.5765,15.399333333333333,16.69425,16.85,-0.6399999999999997,0.3000000000000007,0.0,0.11181003842151756,11.88,16.15720598054384,7.602794019456158,21.414538310412567,33089276,-4.74638254985376,-4.460098071711581,0.1094890592665278,0.5979443772672307,-0.1320197044334976,16.666666666666664,8.91,10.088386810039099,14.267023222118066,11.88,10.217,9.036,8.01,0,0,0,0,0,0,1,0,0,1.0,1,1.0,0,0,1.0,1,0,1,0,3.0
20150706,4588,000415XSHE20150706,20200210004725,0,973216,7.93,703644864.0,000415.XSHE,6.5,1500,7.38,7.92,311553.6875,354860.6875,2.3578363384,7.21,2.0,8.105819704000027,8.569801490190848,10.197069708480619,11.644651252603726,7.6494965087446305,10.421965236911264,12.98674687732783,14.197384098077464,12.313350009354801,14.419875539786725,14.870519905710184,9.268866872416,11.458485081555619,13.899763523531618,14.883462182670838,8.348994295120027,9.54693287858848,11.802239634002287,14.316756429237564,15.329966048150963,7.862645112880026,8.99080086624352,11.114730529108954,13.48277061782567,14.436958317190713,9.46,-9.912109375000004,-57.03356970692004,-77.50198402647626,10.373955048103053,11.293460049574099,8.53494504516096,88.1720430107527,24.24242424242425,12.926136363636365,-25.454545454545453,-46.05263157894736,8.065810593900478,-2.467609317384752,-0.5156253042254502,12.461877092572667,9.736455123075194,8.192,9.281999999999998,11.276,14.863666666666665,16.4005,16.753333333333334,-0.54,0.009999999999999787,0.8799999999999999,0.12369114135953108,11.5765,16.136944715156623,7.016055284843374,27.743271221532087,34062492,-4.87422929141205,-4.8103059206329055,0.11140585034921796,0.4819484240687678,-0.17538265306122452,33.33333333333333,7.85,6.725591206692733,11.75321255030962,11.5765,9.677999999999999,8.498000000000001,7.21,0,0,0,0,0,0,1,0,1,2.0,1,1.0,0,0,1.0,1,0,1,0,3.0
20150707,4589,000415XSHE20150707,20200210033915,1,0,7.38,0.0,000415.XSHE,7.38,1500,7.38,7.38,,,0.0,7.38,,7.863879802666683,8.272351117643138,9.821460414016538,11.256955684185208,7.514748254372317,10.041719582297356,12.625021272338936,13.900976093813224,11.933861547096738,14.143801989206855,14.673400960823074,8.925436531976725,11.070057930931275,13.581726278481295,14.698191511493784,8.099796196746682,9.193199627936027,11.402159668859214,13.989178066835734,15.139137256838596,7.627963408586682,8.657673436017426,10.737956193003335,13.174274490126855,14.257245766148968,8.9,-5.092592592592601,-56.363894374608286,-65.80993633232436,12.806197609043267,11.797705902730488,14.823181021668825,88.1720430107527,7.024793388429747,15.743944636678204,-17.171717171717173,-41.428571428571416,19.5906432748538,-2.51639109124842,-0.39025419090934393,12.0854417523821,9.373923565679007,7.776000000000002,8.926999999999998,10.953,14.314666666666666,16.0875,16.65666666666667,0.0,0.0,0.0,0.11216323651049173,11.276,15.977200272270904,6.574799727729098,33.809864188706214,34062492,-4.6042024427758115,-4.7392158670939315,0.12557195615070252,0.4585908529048207,-0.21568627450980396,33.33333333333333,7.92,10.373955048103053,11.293460049574099,11.276,9.281999999999998,8.192,7.38,0,0,0,0,0,0,1,0,1,2.0,1,1.0,0,0,1.0,0,0,1,0,2.0
20150708,4590,000415XSHE20150708,20200210033915,1,0,7.38,0.0,000415.XSHE,7.38,1500,7.38,7.38,,,0.0,7.38,,7.702586535111122,8.049263338232352,9.495932358814336,10.9045051674411,7.4473741271861575,9.709004634510183,12.28663280315578,13.617455394082215,11.583564505012374,13.878554852375212,14.48146935659089,8.644448071617322,10.718623842271153,13.279203045384646,14.517495424790232,7.933664131164456,8.903781513765841,11.040182557539287,13.677579136746186,14.953020287533937,7.471508939057789,8.385114629468802,10.39706512700302,12.880826954023107,14.081970562046525,8.01,-1.2312633832976398,-55.675143244963905,-55.35128443206438,15.423224071130564,13.006211958863847,20.25724829566401,87.57062146892656,9.139784946236556,16.945996275605214,-21.987315010570832,-34.920634920634924,20.26209677419355,-2.547057756484501,-0.2453333218886469,11.736890511464908,9.067166094036084,7.471999999999999,8.552999999999999,10.65,13.74,15.7715,16.56,0.0,0.0,0.0,0.10676755305725433,10.953,15.75407071391372,6.151929286086276,18.31932773109247,34062492,-4.072627461977767,-4.338414952376789,0.1409181795481506,0.4287564766839377,-0.2629468760441029,16.666666666666664,7.38,12.806197609043267,11.797705902730488,10.953,8.926999999999998,7.776000000000002,7.38,0,0,0,0,0,0,1,0,1,2.0,1,1.0,0,0,1.0,0,0,1,0,2.0
20150709,4591,000415XSHE20150709,20200210033915,1,0,7.38,0.0,000415.XSHE,7.38,1500,7.38,7.38,,,0.0,7.38,,7.595057690074083,7.881947503674264,9.213808044305756,10.584095606764636,7.413687063593079,9.417879055196412,11.97007584811347,13.346261681296033,11.260213389242187,13.623709564046777,14.294588584049025,8.414548422232356,10.400659666816756,12.991437043170759,14.341260969857139,7.8229094207763055,8.666984874899326,10.71267945682126,13.381180154465886,14.771498798952855,7.3672059593718595,8.162111969565387,10.088639876812254,12.601693931875634,13.911023140761426,7.21,0.4628369180506494,-54.88501179836413,-46.07053420484024,17.90119699980133,14.63787363917634,24.427843721051307,84.53427065026362,17.525773195876287,13.899613899613913,-17.07865168539326,-32.47941445562672,19.36799184505605,-2.5589573654710067,-0.09519687189204797,11.414157880986025,8.807602079568994,7.345999999999999,8.190999999999999,10.339499999999996,13.15933333333333,15.44375,16.46333333333333,0.0,0.0,0.0,0.10040391669361796,10.65,15.453592301600962,5.846407698399043,21.538461538461586,34062492,-3.41757885132668,-3.745103156652224,0.1570066844692286,0.36072144288577146,-0.3085539714867617,16.666666666666664,7.38,15.423224071130564,13.006211958863847,10.65,8.552999999999999,7.471999999999999,7.38,0,0,0,0,0,0,1,0,1,2.0,1,1.0,0,0,1.0,0,0,1,0,2.0
20150710,4592,000415XSHE20150710,20200210033915,1,0,7.38,0.0,000415.XSHE,7.38,1500,7.38,7.38,,,0.0,7.38,,7.523371793382722,7.756460627755697,8.969300305064989,10.29281418796785,7.39684353179654,9.163144173296859,11.673941922428732,13.086858999500553,10.96173543622356,13.37885820859396,14.112625726574052,8.2264487090992,10.11297779378659,12.717708406918527,14.169377982947088,7.749072947184203,8.473242170372176,10.416367127600187,13.099239659126086,14.594459322435501,7.2976706395812405,7.979655247826224,9.809588459972993,12.336177154710972,13.744296643458677,7.38,0.0,-54.10961459538112,-39.47401154208117,20.95977235884191,16.7451732123982,29.388970651729327,82.32931726907631,100.0,14.229249011857718,-7.8651685393258415,-33.63309352517985,15.491452991452984,-2.552637968552569,0.05055517534749576,11.115331371283355,8.587970990404534,7.38,7.938999999999997,10.033,12.562666666666665,15.108,16.366666666666667,0.0,0.0,0.0,0.09171704800674926,10.339499999999996,15.076592357132164,5.6024076428678296,65.79710144927536,34062492,-2.747118961795931,-3.0823489065613057,0.17629805539552212,0.3681592039800996,0.3266712611991732,16.666666666666664,7.38,17.90119699980133,14.63787363917634,10.339499999999996,8.190999999999999,7.345999999999999,7.38,0,0,0,0,0,0,1,0,0,1.0,1,1.0,0,0,1.0,0,0,1,0,2.0
20150713,4593,000415XSHE20150713,20200210033915,1,0,7.38,0.0,000415.XSHE,7.38,1500,7.38,7.38,,,0.0,7.38,,7.475581195588481,7.662345470816772,8.75739359772299,10.02801289815259,7.388421765898269,8.940251151634751,11.396913411304295,12.83873469517444,10.686217325744822,13.143608867080472,13.935451365348413,8.072548943808437,9.85269419437834,12.457332387068845,14.001739020405186,7.699848631456136,8.31472541212269,10.148275020209693,12.831052358680909,14.42179119101734,7.251313759720826,7.830372475494182,9.557113368546993,12.083612415456779,13.581686849793028,7.38,0.0,-53.354317569873714,-33.676940946533435,22.9988225982023,18.82972300766623,31.33702177927444,82.32931726907631,,18.18181818181819,2.3578363384188616,-32.90909090909091,16.183035714285708,-2.529412546646582,0.18580337524790205,10.838640158595698,8.402129299573067,7.38,7.785999999999999,9.726,11.941999999999998,14.7725,16.27,0.0,0.0,0.0,0.07555543184513311,10.033,14.619817633174444,5.446182366825557,-100.0,34062492,-2.1312555337123658,-2.4391872477541483,0.2050715314361728,0.392966360856269,0.3586875466070099,16.666666666666664,7.38,20.95977235884191,16.7451732123982,10.033,7.938999999999997,7.38,7.38,0,0,0,0,0,0,1,0,0,1.0,1,1.0,0,0,1.0,0,0,1,0,2.0
20150714,4594,000415XSHE20150714,20200210004725,0,37274,8.12,30266626.0,000415.XSHE,8.12,1500,8.12,8.12,311553.6875,354860.6875,10.027100271,7.38,3.0,7.690387463725654,7.77675910311258,8.672407784693258,9.854557180138716,7.754210882949136,8.837719757680407,11.18549964283305,12.63357231712338,10.488815992995221,12.946604597783196,13.782413171523462,8.08117640857054,9.687675699675642,12.245755197455725,13.856510896444563,7.921099087637423,8.323611700827657,9.978305970665913,12.6131278533794,14.2722062233379,7.459675839813883,7.838741116313423,9.397045428685374,11.878382541532053,13.440815569551225,7.38,7.863974495217836,-47.80618869476905,-7.014045984944314,35.63330027850077,24.430915431277747,58.03806997294682,67.4698795180723,100.0,39.35309973045821,10.027100271002698,-17.979797979797986,21.36125654450261,-2.4792369601494033,0.4014046919774312,10.637259406107127,8.358724791946441,7.528,7.651999999999999,9.462,11.303666666666668,14.4675,16.18566666666667,0.0,0.0,0.0,0.0598049033039069,9.726,14.036023665828294,5.4159763341717015,-100.0,34099766,-0.9988161589436464,-1.5650358463280063,0.2429107110432461,0.392203659506762,0.4112903225806452,16.666666666666664,7.38,22.9988225982023,18.82972300766623,9.726,7.785999999999999,7.38,7.38,0,0,0,0,0,0,1,0,0,1.0,0,1.0,0,0,1.0,0,0,1,0,2.0
20150715,4595,000415XSHE20150715,20200210004725,0,1481494,8.93,1277074176.0,000415.XSHE,8.19,1500,8.33,8.93,311553.6875,354860.6875,2.5862068966,8.12,4.0,7.903591642483769,7.915069327334434,8.626753413400824,9.71596107285338,8.042105441474568,8.774254787970357,11.001273859424472,12.446460477248447,10.322753224303284,12.76556128022307,13.638928614378107,8.126417061557715,9.558373252087486,12.054742748799352,13.720053837273095,8.140699391758282,8.370209573404447,9.845124449650113,12.416385031263331,14.131655452391287,7.6664838932092545,7.8826245497109815,9.271622054524864,11.693100466335373,13.308452222154902,7.38,7.929515418502215,-45.639405883734895,10.160157286103775,48.85841417743672,32.57341501333074,81.42841250564872,57.04225352112676,100.0,33.234421364985145,12.872628726287266,-6.509539842873178,23.24380165289256,-2.405798709872641,0.5875060022140941,10.466351301951043,8.354305593185451,7.717999999999999,7.5950000000000015,9.1895,10.638666666666666,14.14825,16.082833333333333,-0.5999999999999996,0.0,0.14000000000000054,0.055654748860106906,9.462,13.309926584538744,5.614073415461257,-191.3580246913581,35581260,0.10384527209973772,-0.4474854434219544,0.20916558286131748,0.33716475095785425,0.4457332228666115,33.33333333333333,8.12,35.63330027850077,24.430915431277747,9.462,7.651999999999999,7.528,8.12,0,0,0,1,0,0,0,0,0,0.0,0,1.0,0,0,1.0,1,0,0,0,2.0
20150716,4596,000415XSHE20150716,20200210004725,0,768604,8.67,639714176.0,000415.XSHE,7.7,1500,8.41,7.89,311553.6875,354860.6875,0.9603841537000001,8.33,4.0,8.072394428322513,8.038801995500826,8.597852958280715,9.597237338957619,8.226052720737284,8.728722939474062,10.834094900751925,12.270962195628954,10.175618360895335,12.594754955508444,13.501325229789204,8.177977595819948,9.449004370936297,11.876950419589626,13.588941396846595,8.314566261172189,8.423316923694546,9.732474502064386,12.23325893217732,13.996609638751993,7.830222595472837,7.932638267945349,9.165534239808206,11.520641907001936,13.181273154941199,7.38,6.133266027258946,-44.32602046895892,8.135768414853318,58.772550466713646,41.306460164458365,93.70473107122422,50.38961038961038,100.0,41.522491349480966,13.956639566395669,-11.099365750528548,23.794871794871803,-2.3148699718627914,0.7274299040787975,10.314028983288004,8.362873963464612,7.924000000000001,7.635,8.926,10.465,13.831,15.957166666666668,0.5200000000000005,0.2599999999999998,0.1899999999999995,0.05283158340551016,9.1895,12.447937662438855,5.931062337561142,-2730.769230769251,34812656,0.8667746968635379,0.4853099844816378,0.16521852642907528,0.4034672970843182,0.4646381578947369,50.0,8.93,48.85841417743672,32.57341501333074,9.1895,7.5950000000000015,7.717999999999999,8.33,0,0,1,1,0,0,0,0,0,1.0,0,1.0,0,0,1.0,0,0,0,0,2.0
20150717,4597,000415XSHE20150717,20200210004725,0,867059,9.13,765417216.0,000415.XSHE,8.3,1500,9.01,8.55,311553.6875,354860.6875,7.1343638526,8.41,4.0,8.384929618881676,8.281601496625619,8.65280589717662,9.543852126325108,8.618026360368642,8.763882572039806,10.716411358767928,12.129181230601606,10.085955410057236,12.454176329802227,13.383132460584225,8.329254396579957,9.407194430847127,11.737099179609645,13.475881115442975,8.636477507448129,8.579132028477355,9.689410263772542,12.089212154997936,13.880157548906267,8.133381730315225,8.079376764682559,9.124978597921713,11.384986204221356,13.071604681979684,7.38,9.212121212121232,-39.604783354783336,33.891008707562904,70.22931935876147,50.94741322922607,108.79313161783227,22.76923076923077,100.0,69.23076923076923,22.086720867208673,1.235955056179769,28.543499511241446,-2.202896463199413,0.8957880693070228,10.217434243785187,8.462431815239286,8.249999999999998,7.815,8.746500000000001,10.322666666666663,13.50325,15.814833333333333,0.4599999999999991,0.12000000000000098,0.25,0.0490061220980709,8.926,11.717109277688714,6.1348907223112885,-3862.962962963019,35679715,1.7121352245664214,1.2894549607149797,0.41014597457952784,0.4175217048145223,0.5207451312447079,66.66666666666666,7.89,58.772550466713646,41.306460164458365,8.926,7.635,7.924000000000001,8.41,0,0,1,1,0,0,0,0,0,1.0,0,1.0,0,0,1.0,0,0,0,0,2.0
20150720,4598,000415XSHE20150720,20200210004725,0,880788,9.49,812938112.0,000415.XSHE,8.9,1500,9.24,9.05,311553.6875,354860.6875,2.5527192009,9.01,4.0,8.66995307925445,8.521201122469215,8.731098444219736,9.516229205750095,8.92901318018432,8.82339725053483,10.621159013040963,12.003564655358057,10.020881916975908,12.328130199221746,13.274102658989904,8.494844506292692,9.39127115171883,11.615289463531127,13.371291458271545,8.930051671632084,8.749689841481473,9.673009286270394,11.96374814743706,13.77243020201969,8.409854486876815,8.23999917110391,9.109533017167264,11.266830779625193,12.970152714523394,8.12,7.167710508002787,-37.23081939594852,60.64212731392418,76.20343249509848,59.36608631785021,109.87812484959505,15.692307692307685,100.0,100.0,25.20325203252033,15.3558052434457,27.48015873015873,-2.074911974037661,1.0238759132940194,10.145031707208508,8.582057689817857,8.622,8.001000000000001,8.641499999999999,10.184333333333337,13.148,15.647,0.1899999999999995,0.25,0.15000000000000036,0.036014709716414614,8.746500000000001,11.286116309602695,6.2068836903973095,-3080.952380952419,36560503,2.324875030229435,2.0185051273979284,0.7524896599339732,0.4525139664804466,0.5649183147033535,83.33333333333334,8.55,70.22931935876147,50.94741322922607,8.746500000000001,7.815,8.249999999999998,9.01,1,0,1,1,0,0,0,0,0,2.0,0,1.0,1,1,1.0,0,1,0,0,4.0
20150721,4599,000415XSHE20150721,20200210004725,0,668540,9.37,616195200.0,000415.XSHE,8.91,1500,9.16,9.01,311553.6875,354860.6875,-0.8658008657999999,9.24,4.0,8.833302052836302,8.680900841851912,8.788285318323773,9.483844732500089,9.04450659009216,8.865472594217977,10.526890689618966,11.879931409472926,9.954660231054683,12.20388979925227,13.165836799542804,8.615781868784929,9.369245327745606,11.495519245797901,13.267308953129033,9.098301114421387,8.874255324848477,9.650322687577974,11.840384823171837,13.665328221722907,8.568302991251212,8.35730841272138,9.088167967913238,11.150653668423963,12.869289684535165,8.33,3.7372593431483376,-36.85284506886897,71.40532552270906,78.92235152121891,65.88484138563977,104.99737179237715,11.036789297658864,93.33333333333331,95.8762886597938,24.119241192411927,27.04576976421637,27.53479125248509,-1.9401484800659476,1.0781079517737076,10.072066395563434,8.670971891384339,8.830000000000002,8.178999999999998,8.552999999999999,10.028333333333334,12.78075,15.457,0.15000000000000036,0.20999999999999908,0.09999999999999963,0.04103654377754997,8.641499999999999,10.970586516211881,6.3124134837881165,280.90185676392565,35891963,2.4283023135396467,2.376588671884541,1.2952602283464472,0.4683746997598076,0.5542372881355933,83.33333333333334,9.05,76.20343249509848,59.36608631785021,8.641499999999999,8.001000000000001,8.622,9.24,1,0,1,1,0,0,0,0,0,2.0,0,1.0,1,1,1.0,0,1,0,0,4.0
20150722,4600,000415XSHE20150722,20200210004725,0,636695,9.31,577699712.0,000415.XSHE,8.85,1500,9.08,9.17,311553.6875,354860.6875,-0.8733624454000001,9.16,4.0,8.915534701890866,8.780675631388934,8.827180609213935,9.447131575000078,9.06225329504608,8.892288519940731,10.433542903191936,11.758195261234972,9.887378674819711,12.081384316928652,13.058314778502204,8.700185165369486,9.341698153674596,11.377689038685805,13.16391860860733,9.183000742947595,8.96119072033057,9.621949098284832,11.719019709846384,13.558836166865552,8.648068660834141,8.439179610408402,9.061447209064358,11.036358367525231,12.769001050349114,8.41,1.113585746102446,-36.445719885210316,86.90171588822884,79.47114114052825,70.4136079706026,97.58620748037956,13.712374581939805,85.04672897196261,92.07920792079209,11.82266009852218,23.035230352303525,30.573951434878587,-1.8050549246892067,1.0807484430139267,9.998579995892069,8.733899292709825,8.98,8.349,8.450999999999999,9.883,12.39225,15.266333333333336,-0.08999999999999986,0.14000000000000054,0.23000000000000045,0.04610262307270417,8.552999999999999,10.582944826836435,6.523055173163566,152.1904761904763,35255268,2.1570213051832985,2.2926618093614732,1.4992460780615735,0.4631245043616175,0.5387823185988322,66.66666666666666,9.01,78.92235152121891,65.88484138563977,8.552999999999999,8.178999999999998,8.830000000000002,9.16,1,0,1,1,0,0,0,0,0,2.0,0,1.0,1,1,1.0,1,1,0,0,4.0
20150723,4601,000415XSHE20150723,20200210004725,0,786969,9.36,723463680.0,000415.XSHE,9.0,1500,9.29,9.1,311553.6875,354860.6875,2.3127753304,9.08,4.0,9.040356467927245,8.9080067235417,8.888889861318741,9.432846886363707,9.17612664752304,8.942002454948137,10.359765941695683,11.650882423789975,9.841426469064348,11.971918265284392,12.95914860012057,8.807424226211399,9.336774519991302,11.27585054899382,13.068266297283692,9.311567161965062,9.07164695299774,9.61687775559104,11.614126065463633,13.460314286202204,8.769145773889427,8.543201499425058,9.05667128439156,10.937575032524002,12.676218308365181,9.01,1.4635211882918149,-33.940126573277375,146.20009101578424,83.15453643175816,74.66058412432113,100.1424410466322,6.6889632107023775,86.66666666666664,92.82511210762331,11.524609843937563,25.880758807588066,37.20349563046192,-1.6693718079736466,1.08546493372448,9.946092588788952,8.819453247677544,9.156,8.540000000000001,8.3655,9.739666666666666,12.0045,15.055166666666667,0.1899999999999995,0.07000000000000027,0.09999999999999963,0.04997775762598727,8.450999999999999,10.163524160413507,6.738475839586487,316.9884169884175,36042237,1.921539529010822,2.03928041709706,1.867534839055684,0.4328832406671961,0.5445205479452053,66.66666666666666,9.17,79.47114114052825,70.4136079706026,8.450999999999999,8.349,8.98,9.08,1,0,1,1,0,0,0,0,0,2.0,0,1.0,1,1,0.0,0,1,0,0,3.0
20150724,4602,000415XSHE20150724,20200210004725,0,854383,9.48,791750208.0,000415.XSHE,8.95,1500,9.02,9.27,311553.6875,354860.6875,-2.906350915,9.29,4.0,9.033570978618163,8.936005042656275,8.90637121314291,9.395315351239732,9.098063323761519,8.951752148079619,10.273329429328221,11.536496231451281,9.778239817597859,11.856156764685005,12.855486794854233,8.846074366900234,9.306605518087366,11.165809058799,12.968309104758168,9.304578107976708,9.111456597907242,9.585803683629988,11.500783330562971,13.357358377900916,8.76256384925962,8.580692135893226,9.027407352544746,10.830834787035027,12.579259831615422,9.24,-1.5068792312731836,-34.766257810691954,292.89539450196514,80.01736320776428,76.44617715213549,87.15973531902182,22.2748815165877,50.57471264367816,82.80000000000003,7.253269916765747,22.222222222222214,37.86531130876747,-1.5409347550946886,1.0274964230316632,9.877493137767548,8.850306594188691,9.157999999999998,8.704,8.3215,9.59,11.597999999999999,14.852166666666665,-0.25,0.21000000000000085,0.07000000000000027,0.055853589111574856,8.3655,9.9591533500106,6.771846649989402,156.68449197861,36896620,1.4484103486340911,1.6849749388224566,1.334108382262824,0.4535073409461663,0.5590551181102362,50.0,9.1,83.15453643175816,74.66058412432113,8.3655,8.540000000000001,9.156,9.29,1,0,1,1,0,0,0,0,0,2.0,0,1.0,1,1,0.0,1,1,0,0,3.0
20150727,4603,000415XSHE20150727,20200210004725,0,615018,8.99,528591968.0,000415.XSHE,8.12,1500,8.12,8.74,311553.6875,354860.6875,-9.977827051,9.02,1.0,8.729047319078775,8.732003781992205,8.801521718057188,9.27937759203612,8.60903166188076,8.847783129569667,10.134404950016725,11.38795291704035,9.65068290855187,11.709640813128727,12.73086872130544,8.714060845645648,9.193595468745713,11.017233007150269,12.848597768838214,8.990918738651139,8.975482671015016,9.469403332808085,11.347749997364776,13.234055701903362,8.467175899506412,8.452639020276276,8.91778760468334,10.686716016935758,12.463139835773067,9.16,-9.11126035370495,-40.17799257381976,312.1621621621933,61.1661378554555,71.35283071990885,40.79275212654881,64.92890995260667,13.636363636363585,60.882352941176464,-9.87791342952276,10.027100271002698,32.51748251748251,-1.4346191495460707,0.8505248443889419,9.747308460895876,8.737951733544277,8.934,8.777999999999999,8.282,9.41,11.151,14.6475,-0.620000000000001,0.25,0.0,0.06656787482586059,8.3215,9.89386891345511,6.749131086544892,36.040609137055995,36281602,0.3482180624082073,0.8983142055211493,1.1065850818597942,0.489057239057239,0.5752448797862868,33.33333333333333,9.27,80.01736320776428,76.44617715213549,8.3215,8.704,9.157999999999998,9.02,0,0,1,1,0,0,0,0,0,1.0,0,1.0,1,1,0.0,1,1,0,0,3.0
20150728,4604,000415XSHE20150728,20200210004725,0,813395,8.28,637904384.0,000415.XSHE,7.36,1500,8.15,7.95,311553.6875,354860.6875,0.3694581281,8.12,2.0,8.536031546052518,8.586502836494153,8.714652155649564,9.176706901851018,8.379515830940381,8.76056023837346,10.006378824209195,11.2471723554299,9.535245761740187,11.570047055751132,12.610319544428982,8.611504328255528,9.094205424103263,10.877367982411233,12.732583009113812,8.792112492434095,8.869849458103193,9.367031586826364,11.20368902188357,13.114560499387224,8.279950599670942,8.353159198407862,8.821379261380168,10.551046942938894,12.350605518840398,9.08,-6.665139715987163,-38.8606322485784,296.03900060938395,53.140492529615095,65.28205132314426,28.857374942556763,62.91079812206573,16.107382550335586,61.224489795918366,-11.796536796536795,10.433604336043368,33.21554770318022,-1.3439936586274606,0.7250039273488817,9.628989315644333,8.647497620691311,8.732000000000001,8.781,8.2165,9.234999999999998,10.673,14.427999999999995,0.20000000000000015,0.129999999999999,0.5899999999999999,0.07785621838414278,8.282,9.758865261288246,6.805134738711754,18.93939393939409,37094997,-0.4901792202548672,-0.07098057892332993,1.3321379935317441,0.5244635193133047,0.6551724137931035,33.33333333333333,8.74,61.1661378554555,71.35283071990885,8.282,8.777999999999999,8.934,8.12,0,0,1,1,0,0,0,0,0,1.0,0,1.0,0,0,0.0,0,0,0,0,1.0
20150729,4605,000415XSHE20150729,20200210004725,0,495961,8.5,404886912.0,000415.XSHE,7.73,1500,8.5,8.3,311553.6875,354860.6875,4.2944785276,8.15,3.0,8.524021030701679,8.564877127370615,8.686031868229621,9.115188092591834,8.43975791547019,8.727990208576777,9.909193093615055,11.127730079106863,9.455611472375557,11.449653053564816,12.502153240628221,8.59123081402725,9.037614431331523,10.761398812537513,12.628074786666556,8.779741661622731,8.848967738448067,9.308742864271473,11.08424077691364,13.006917030266555,8.268300399780628,8.333493889606434,8.766485998391579,10.438556848161387,12.249232543066562,9.29,-1.3463324048282226,-35.0063464391124,74.62880619913179,53.26737060659785,61.27715775096211,37.247796317869295,46.47887323943664,33.52272727272727,56.25000000000002,-7.2052401746724914,15.176151761517618,40.95607235142119,-1.2593058865823603,0.6775021763607998,9.545360477448458,8.624805679046494,8.616,8.798,8.1965,9.059,10.1785,14.236,0.1999999999999993,0.0,0.5700000000000003,0.07803148849218601,8.2165,9.666386547285683,6.766613452714317,32.94797687861283,36599036,-0.6990818838179459,-0.5946305520364066,1.4696670509094407,0.5516621743036836,0.7235528942115768,50.0,7.95,53.140492529615095,65.28205132314426,8.2165,8.781,8.732000000000001,8.15,0,0,1,1,0,0,0,0,0,1.0,0,1.0,0,0,1.0,0,1,0,0,2.0
20150730,4606,000415XSHE20150730,20200210004725,0,489530,8.67,415239616.0,000415.XSHE,8.12,1500,8.2,8.49,311553.6875,354860.6875,-3.5294117647000003,8.5,4.0,8.416014020467786,8.47365784552796,8.62122761913234,9.031989175083488,8.319878957735096,8.66199143250468,9.79892257144634,11.000437466971784,9.359025974500515,11.322215678915214,12.388938681664321,8.520097938749569,8.957841628347571,10.636452528999095,12.518739606748865,8.66849444108182,8.775700876912056,9.226576877198,10.955546104869068,12.89430179495133,8.163533599853753,8.264495000587079,8.689106379497144,10.317358953129123,12.1431774185464,9.02,-2.3577042152893597,-36.03843933791985,49.38105891126112,48.657120310501845,57.070478604142025,31.83040372322145,60.56338028169018,20.540540540540565,47.92332268370606,-9.691629955947146,0.9852216748768484,44.9645390070922,-1.1846953465843724,0.5968843199839053,9.445704145785607,8.559450959193187,8.398,8.777000000000001,8.206,8.876333333333333,10.043,14.050999999999998,-0.2900000000000009,0.17999999999999972,0.08000000000000007,0.0732049173370571,8.1965,9.643861737783613,6.749138262216388,34.690101757631886,36109506,-0.8760355200610646,-0.7875587019395052,1.2953545640059652,0.5611967361740706,0.6965517241379309,50.0,8.3,53.26737060659785,61.27715775096211,8.1965,8.798,8.616,8.5,0,0,1,1,0,0,0,0,0,1.0,0,1.0,1,0,1.0,1,1,0,0,3.0
20150731,4607,000415XSHE20150731,20200210004725,0,572952,8.7,479384800.0,000415.XSHE,8.03,1500,8.56,8.05,311553.6875,354860.6875,4.3902439024,8.2,4.0,8.464009346978523,8.495243384145969,8.61306393658136,8.989081068257716,8.439939478867547,8.649242503441595,9.718992082965931,10.894331490146921,9.297562438000476,11.213893495428342,12.288177137409994,8.52735285897692,8.919951949457326,10.535162161730847,12.420992949792106,8.717929627387878,8.783173444746229,9.187550507941047,10.851217026582773,12.793622738285865,8.210089066569168,8.271532273207612,8.652353390973607,10.219107296878919,12.04836316129834,8.12,3.0580303395135986,-31.787393417802182,35.68040971559316,51.30600473530311,55.148987314529045,43.62003957685124,43.661971830985905,38.14432989690726,52.19941348973608,-7.857911733046273,2.761104441776716,43.440233236151606,-1.1118684781221675,0.5826149476976368,9.380096431282967,8.559535427009621,8.306000000000001,8.732000000000001,8.2735,8.741666666666667,9.925,13.887333333333332,0.5099999999999998,0.1399999999999988,0.02000000000000135,0.07182003345933037,8.206,9.585598129891457,6.826401870108545,40.78212290502796,36682458,-0.6649997254386333,-0.7705176227498489,2.255435875584541,0.6171213546566318,0.7224448897795589,50.0,8.49,48.657120310501845,57.070478604142025,8.206,8.777000000000001,8.398,8.2,0,0,1,1,0,0,0,0,0,1.0,0,1.0,0,0,1.0,0,0,0,0,2.0
20150803,4608,000415XSHE20150803,20200210004725,0,585952,8.7,494536256.0,000415.XSHE,8.28,1500,8.61,8.68,311553.6875,354860.6875,0.5841121495,8.56,4.0,8.512672897985682,8.523932538109477,8.612655411703846,8.95461915296156,8.524969739433773,8.644337190511395,9.647444206645547,10.795012729705752,9.244673019692748,11.111780025019385,12.191383002214994,8.542379611890208,8.890432716175676,10.44125181237812,12.326894358439212,8.768053084925253,8.798651000246915,9.157145697660946,10.754489366749468,12.696701189192385,8.257292711046112,8.286108223533503,8.623719734690406,10.128014258006775,11.957087527686035,8.15,2.451213707758205,-29.726906188276363,22.63130525220995,53.858091207183186,54.71868861208043,52.136896397388746,41.314553990610364,72.47706422018345,43.00699300699301,-4.545454545454547,2.378121284185485,47.71653543307086,-1.040645391241385,0.5697846950462586,9.323052251187931,8.567299207469677,8.404,8.669,8.334999999999999,8.650666666666666,9.8055,13.711999999999998,-0.07000000000000027,0.01999999999999957,0.3300000000000001,0.0703128008545368,8.2735,9.596806464882569,6.950193535117433,78.07486631016037,37268410,-0.3612677069251157,-0.5131337161818745,1.5984722046732784,0.5906932573599235,0.8286026200873357,66.66666666666666,8.05,51.30600473530311,55.148987314529045,8.2735,8.732000000000001,8.306000000000001,8.56,0,0,1,1,0,0,0,0,0,1.0,0,1.0,1,0,1.0,1,1,1,0,4.0
20150804,4609,000415XSHE20150804,20200210004725,0,586383,9.09,518719520.0,000415.XSHE,8.61,1500,9.06,8.69,311553.6875,354860.6875,5.2264808362,8.61,4.0,8.695115265323787,8.657949403582109,8.672301356810001,8.964199229965056,8.792484869716887,8.696295041697471,9.609544580410352,10.719577393631589,9.230467402793305,11.031318063253925,12.108978186367233,8.636492409728353,8.906581981301802,10.373873675188946,12.246230300206143,8.955968723283501,8.895587182020202,9.173779440740855,10.685089885444617,12.613617209212327,8.434261807364074,8.377397637436504,8.639384521862747,10.062657464933276,11.878843391199961,8.5,5.520614954577222,-24.22468301495431,-40.723120837297785,62.634953886549795,57.357443703570226,73.18997425250896,20.187793427230037,80.13245033112581,47.077922077922075,11.576354679802973,0.5549389567147692,58.88324873096447,-0.964609826963242,0.6082845142251467,9.303566899248088,8.643099329397419,8.586,8.658999999999999,8.419,8.588333333333333,9.685999999999998,13.531333333333333,0.37000000000000105,0.029999999999999364,0.08000000000000007,0.07058898003843454,8.334999999999999,9.617823448491645,7.052176551508353,247.1471471471466,37854793,0.21713586564988815,-0.07206592063761375,1.5102530882474043,0.6923901393354764,0.9326805385556912,83.33333333333334,8.68,53.858091207183186,54.71868861208043,8.334999999999999,8.669,8.404,8.61,0,0,1,1,0,0,0,0,0,1.0,0,0.0,1,0,1.0,0,1,1,0,2.0
20150805,4610,000415XSHE20150805,20200210004725,0,511830,9.14,457471648.0,000415.XSHE,8.71,1500,8.75,8.95,311553.6875,354860.6875,-3.4216335541000005,9.06,4.0,8.713410176882523,8.680962052686581,8.682661175902004,8.944726572695506,8.771242434858442,8.703008161485286,9.554090091351618,10.633943593908477,9.193508371809203,10.941854609792983,12.020584023568096,8.657130153414107,8.89166941165401,10.294660325179727,12.159903626126981,8.974812482189,8.91684405801653,9.158419494003633,10.60350013493512,12.524700734910793,8.452007871576049,8.397416248811684,8.62491932930439,9.985820515424336,11.795106517343173,8.2,1.3200555812876422,-24.82172007904459,-24.000123109120985,63.611981836316225,59.44228974781888,71.9513660133109,34.7417840375587,58.5034013605442,43.80664652567976,7.361963190184044,-5.3030303030303045,64.20664206642066,-0.8922911330375994,0.5785495514051402,9.262561943748231,8.6595455864132,8.636000000000001,8.626000000000001,8.4875,8.509333333333332,9.56875,13.3435,-0.1999999999999993,0.19000000000000128,0.03999999999999915,0.07043718645756608,8.419,9.616027568604837,7.2219724313951685,210.0303951367776,37342963,0.4042574095363336,0.31069663759311084,1.0624875453781442,0.6569178852643416,0.9305373525557008,66.66666666666666,8.69,62.634953886549795,57.357443703570226,8.419,8.658999999999999,8.586,9.06,0,0,1,1,0,0,0,0,0,1.0,0,0.0,1,0,1.0,1,1,1,0,3.0
20150806,4611,000415XSHE20150806,20200210004725,0,314914,8.74,269471776.0,000415.XSHE,8.4,1500,8.46,8.52,311553.6875,354860.6875,-3.3142857143,8.75,1.0,8.628940117921683,8.625721539514936,8.652973019115068,8.900660520632277,8.615621217429224,8.672632141299626,9.483503633845066,10.539424307216803,9.137084650900805,10.844526978036397,11.926884444000516,8.621288307338814,8.850558039115535,10.205164699561204,12.068547981037426,8.887808321459334,8.879926956558979,9.116074780289,10.511319640548043,12.430604420468548,8.370071914384033,8.362649658118649,8.58504129794207,9.899009758574367,11.7064915416063,8.56,-2.6243093922651903,-25.213486324499183,40.623924762014106,63.00723882720708,60.63060610761496,67.76050426639135,48.35680751173706,58.904109589041134,41.19318181818184,-0.4705882352941077,-7.641921397379904,59.747292418772574,-0.8286862355203664,0.5088391801378642,9.203112910877989,8.628846265426555,8.687999999999999,8.543000000000001,8.541500000000001,8.424666666666665,9.4405,13.142999999999999,-0.05999999999999873,0.22000000000000064,0.0600000000000005,0.0705809644338338,8.4875,9.571958851224887,7.403041148775115,118.18181818181822,37028049,0.1979989918811398,0.3011282007087367,0.8122251655430877,0.7088452088452086,0.9563994374120957,50.0,8.95,63.611981836316225,59.44228974781888,8.4875,8.626000000000001,8.636000000000001,8.75,0,0,1,1,0,0,0,0,0,1.0,0,1.0,1,0,1.0,1,1,1,0,4.0
20150807,4612,000415XSHE20150807,20200210004725,0,428226,8.83,370566848.0,000415.XSHE,8.46,1500,8.77,8.55,311553.6875,354860.6875,3.6643026005,8.46,2.0,8.675960078614455,8.661791154636202,8.668576616566392,8.888782291483889,8.69281060871461,8.684803123637174,9.437471141338934,10.46249281559868,9.108847370062284,10.763172978897712,11.843808537579449,8.648326796913574,8.842885844914056,10.135156665436268,11.987102351876006,8.936238880972889,8.907776600820982,9.10817242026148,10.439211365399355,12.346715422432284,8.415681276256022,8.388876993006166,8.577599269566633,9.831101965473179,11.627489281319725,8.61,0.4581901489117886,-20.142050628300844,-3.1577251490257914,68.40932026682718,63.223510827352364,78.78093914577677,33.49056603773589,57.44680851063828,42.817679558011065,6.9512195121951255,-3.4140969162995654,61.88034188034187,-0.7670426381049877,0.4931487793230294,9.171030473035174,8.6505622245917,8.73,8.517999999999999,8.611,8.387,9.322000000000001,12.942333333333332,0.21999999999999886,0.0600000000000005,0.08999999999999986,0.06892406111244231,8.541500000000001,9.488788762732888,7.594211237267117,137.20930232558146,37456275,0.19850785247605265,0.1982534221785962,1.0926137440470136,0.7912687585266027,1.1109324758842445,66.66666666666666,8.52,63.00723882720708,60.63060610761496,8.541500000000001,8.543000000000001,8.687999999999999,8.46,0,0,1,1,0,0,0,0,0,1.0,0,1.0,0,0,1.0,0,1,1,0,2.0
20150810,4613,000415XSHE20150810,20200210004725,0,760339,9.26,690764544.0,000415.XSHE,8.71,1500,9.18,8.71,311553.6875,354860.6875,4.6750285063,8.77,3.0,8.84397338574297,8.791343365977152,8.736766401024207,8.915256628621716,8.936405304357304,8.746702733182525,9.420860099962226,10.406732258398737,9.11432064928826,10.70108776403898,11.773708312906306,8.744994652020196,8.874991954922242,10.088563657366207,11.917791182693882,9.10929258731526,9.007344491580804,9.14124171356991,10.391220567087194,12.275324918174698,8.57865418417068,8.482644812459593,8.608742196274575,9.785906747645221,11.560257447213068,9.06,3.7991858887381103,-13.767190200646253,-161.47040768425256,77.19662745457322,67.88121636975931,95.82744962420101,14.150943396226447,66.10169491525426,52.1276595744681,7.242990654205599,-1.1840688912809412,64.37699680511182,-0.7015702489641592,0.5237791131266281,9.171694882439978,8.73201419003913,8.844000000000003,8.623999999999999,8.701,8.396000000000003,9.2135,12.748666666666667,0.4699999999999989,0.08000000000000007,0.0,0.06420106080120667,8.611,9.40260343607137,7.81939656392863,221.48148148148255,38216614,0.5341915920866697,0.3663497222813612,1.084715480093142,0.9043348281016436,1.3248175182481754,66.66666666666666,8.55,68.40932026682718,63.223510827352364,8.611,8.517999999999999,8.73,8.77,0,0,1,1,0,0,0,0,0,1.0,0,1.0,1,0,1.0,0,1,0,0,3.0
20150811,4614,000415XSHE20150811,20200210004725,0,1029510,9.91,999789056.0,000415.XSHE,9.38,1500,9.66,9.51,311553.6875,354860.6875,5.2287581699,9.18,4.0,9.115982257161981,9.008507524482862,8.859864214220979,8.982960571474289,9.298202652178652,8.86086489153471,9.436288480609829,10.374265638468355,9.156295983958394,10.660260792900198,11.718084409935088,8.911359260743797,8.949754625882028,10.06765811310444,11.862043252256994,9.389461724876838,9.178700038566113,9.218247264658489,10.369687856497574,12.217904549824707,8.842502789447119,8.644018482921481,8.681261987105566,9.765628369711306,11.506181954689287,8.75,7.764390896921035,-6.153457555326698,-414.60467559758416,80.36512752290695,72.04252008747521,97.01034239377049,9.803921568627453,66.66666666666666,73.05389221556888,12.195121951219521,7.095343680709541,66.91394658753708,-0.6278730780040174,0.5895773676811351,9.207865631888868,8.874781237725418,8.963999999999997,8.775,8.778000000000002,8.402666666666667,9.12,12.571,0.15000000000000036,0.25,0.129999999999999,0.05839925968598868,8.701,9.549141497628787,7.852858502371213,407.4285714285749,39246124,1.1399397410324914,0.8370656665595806,1.861864006826513,1.192592592592592,1.5908096280087536,66.66666666666666,8.71,77.19662745457322,67.88121636975931,8.701,8.623999999999999,8.844000000000003,9.18,0,0,1,1,0,0,0,0,0,1.0,0,0.0,1,1,1.0,0,1,0,0,3.0
20150812,4615,000415XSHE20150812,20200210004725,0,665728,9.58,624227264.0,000415.XSHE,9.17,1500,9.19,9.49,311553.6875,354860.6875,-4.8654244306,9.66,1.0,9.140654838107986,9.053880643362149,8.903882318991515,9.001782337703897,9.244101326089323,8.902006780092874,9.420398901215645,10.322775828100168,9.15888860057698,10.602603506904114,11.651555872831533,8.962021213335833,8.972635137702786,10.024845522221296,11.796066875658061,9.414874483251227,9.230881849735908,9.24181419183387,10.325590887887936,12.149948881927802,8.866435192964746,8.693160576935757,8.703456083571702,9.724100156554655,11.442184869388313,8.46,1.5245249668581518,-7.280358367972884,-332.49833950090186,74.14412756846278,72.74305591447106,76.94627087644622,28.23529411764709,61.22448979591836,63.75661375661375,1.434878587196457,13.177339901477838,62.55201109570041,-0.5589516263687029,0.5513716130825155,9.206542251748953,8.923276431921506,9.052,8.844,8.821,8.412333333333333,9.00525,12.3725,-0.3000000000000007,0.08999999999999986,0.01999999999999957,0.053801807212072006,8.778000000000002,9.618092852011015,7.937907147988987,225.92592592592686,38580396,1.160778900460897,1.1503593207466942,1.8250973342980443,1.1416083916083908,1.4209486166007912,50.0,9.51,80.36512752290695,72.04252008747521,8.778000000000002,8.775,8.963999999999997,9.66,0,0,1,1,0,0,0,0,0,1.0,0,0.0,1,1,0.0,1,1,0,0,2.0
20150813,4616,000415XSHE20150813,20200210004725,0,565723,9.5,530763808.0,000415.XSHE,9.03,1500,9.5,9.1,311553.6875,354860.6875,3.3732317737,9.19,2.0,9.260436558738656,9.16541048252161,8.983364676459312,9.04707485245809,9.372050663044662,8.976755932581261,9.425534455975926,10.287002966008854,9.185127938994137,10.559364153692187,11.59493598144123,9.059835538183863,9.022860362683476,9.999243301625135,11.739373866382554,9.538249655500817,9.331630604329382,9.293546173563977,10.29922060067389,12.091555082374027,8.982623461976498,8.788040472038348,8.75217455180297,9.699266002576381,11.387192650391073,8.77,2.591792656587476,-3.3492044113457875,-394.60615030422883,74.3782936345989,73.28813515451367,76.55861059476939,16.078431372549026,76.26262626262624,63.36898395721925,8.571428571428571,16.564417177914105,64.09574468085107,-0.4904166467005018,0.5482798373456088,9.22827986273051,9.012003134702812,9.26,8.974,8.875499999999997,8.462,8.900749999999997,12.179166666666667,0.4000000000000004,0.0,0.07000000000000027,0.0520418585599539,8.821,9.68835171643342,7.9536482835665785,375.51020408163373,38014673,1.1977404160128715,1.1792596582368842,1.7286501237950525,1.196891191709844,1.436781609195403,66.66666666666666,9.49,74.14412756846278,72.74305591447106,8.821,8.844,9.052,9.19,0,0,1,1,0,0,0,0,0,1.0,0,0.0,1,1,0.0,0,1,0,0,2.0
20150814,4617,000415XSHE20150814,20200210004725,0,640799,9.72,612155968.0,000415.XSHE,9.44,1500,9.46,9.64,311553.6875,354860.6875,-0.42105263159999995,9.5,2.0,9.326957705825773,9.239057861891206,9.046916052931405,9.084613502234626,9.41602533152233,9.037161441008603,9.427758039461349,10.25104631531282,9.206271943686897,10.51625183393955,11.538753455613831,9.132592713059523,9.064492709094573,9.972938750326348,11.683093030175574,9.606766437000543,9.40657049445131,9.336427490367408,10.272126912836141,12.033585821080846,9.047148974650998,8.85861493166774,8.792557927821735,9.673750587816556,11.332600239270306,9.18,0.6597148329431918,-3.0022147485850184,-315.72271386430737,72.98508758862887,73.18711929921874,72.58102416744916,17.647058823529388,70.17543859649126,68.10344827586209,11.820330969267138,11.294117647058833,59.82404692082113,-0.42523703495623055,0.5214368939541699,9.245444317343065,9.08092572936392,9.398,9.064000000000002,8.898,8.537,8.82225,11.968166666666667,-0.17999999999999972,0.08000000000000007,0.02000000000000135,0.04717458662302322,8.875499999999997,9.778264642639485,7.972735357360513,493.3774834437094,38655472,1.1151487955952886,1.15644460580408,1.2288677252502764,1.1702838063439058,1.4621212121212128,66.66666666666666,9.1,74.3782936345989,73.28813515451367,8.875499999999997,8.974,9.26,9.5,0,0,1,1,0,0,0,0,0,1.0,0,0.0,1,1,0.0,1,1,0,0,2.0
20150817,4618,000415XSHE20150817,20200210004725,0,823018,9.93,789657088.0,000415.XSHE,9.2,1500,9.85,9.49,311553.6875,354860.6875,4.1226215645,9.46,3.0,9.50130513721718,9.391793396418404,9.153993912540553,9.154194092940573,9.633012665761164,9.138766260882528,9.454999456270297,10.233609518994873,9.25578948648021,10.490124311039963,11.494312575202937,9.263030401594158,9.13930292727604,9.966941738115308,11.637831473874945,9.786344291333696,9.540921313641984,9.41348201509432,10.265949990258765,11.986966418091193,9.216265983100664,8.985139489546333,8.865123839457757,9.667933485971847,11.288696529658694,9.66,3.3361309274024302,1.7351786820904695,-200.50358865748933,80.24713900244103,75.54045920029284,89.6604986067374,3.636363636363641,69.8224852071006,68.37606837606836,12.314709236031929,20.1219512195122,60.85714285714285,-0.3583859023327404,0.5348090609879217,9.290226219762095,9.199244847923318,9.532,9.188,8.9285,8.619333333333335,8.785,11.741500000000002,0.35999999999999943,0.08000000000000007,0.2900000000000009,0.04970770535522577,8.898,9.882444513418609,7.913555486581393,245.71428571428538,39478490,1.237891979561195,1.1765203875782415,1.752762094171754,1.1863057324840756,1.4783393501805056,66.66666666666666,9.64,72.98508758862887,73.18711929921874,8.898,9.064000000000002,9.398,9.46,0,0,1,1,0,0,0,0,0,1.0,0,0.0,1,1,0.0,0,1,0,0,2.0
20150818,4619,000415XSHE20150818,20200210004725,0,704751,9.89,659125440.0,000415.XSHE,8.87,1500,8.87,9.86,311553.6875,354860.6875,-9.9492385787,9.85,1.0,9.29087009147812,9.261345047313805,9.116128057535144,9.128358266309613,9.25150633288058,9.105170478272212,9.417257555865762,10.174322148603789,9.226113372135579,10.426590024332514,11.425251717960755,9.191570328577036,9.113655029440226,9.913432385036511,11.569489956001489,9.569596194222463,9.46731743843435,9.387064680323435,10.210835356587609,11.916574654681533,9.012143988733776,8.915823218719726,8.84024537855702,9.616029413485416,11.222405257321444,9.19,-5.376573501173454,-7.43639513284495,-50.1754604539131,63.73774408441601,71.6062208283339,48.0007905965802,55.78947368421054,31.96347031963468,52.92792792792793,-3.3769063180827943,3.6214953271027888,52.91139240506329,-0.308810033313176,0.3966069521565148,9.259098351631572,9.148591794396651,9.374,9.169,8.914,8.669,8.733500000000001,11.491833333333338,-0.9900000000000002,0.030000000000001137,0.0,0.05590912841233472,8.9285,9.907405511272666,7.949594488727333,58.583106267029954,38773739,0.5923606306370168,0.9151263050991058,1.2246585400473249,1.0288858321870695,1.2622699386503071,50.0,9.49,80.24713900244103,75.54045920029284,8.9285,9.188,9.532,9.85,0,0,1,1,0,0,0,0,0,1.0,0,1.0,1,1,0.0,1,1,0,0,3.0
20150819,4620,000415XSHE20150819,20200210004725,0,579280,9.07,498990624.0,000415.XSHE,8.08,1500,8.91,8.5,311553.6875,354860.6875,0.4509582864,8.87,2.0,9.163913394318746,9.173508785485351,9.088644316530461,9.108507514826918,9.080753166440289,9.080774168488183,9.384531261938939,10.119351620403624,9.20179695889438,10.367115905731241,11.35906088327758,9.140375723381213,9.09425931235068,9.864484463815216,11.503823537334785,9.438830796148306,9.414586995082649,9.367087091721203,10.160418997729677,11.848938243454823,8.888995992489184,8.866164451679778,8.82143153298016,9.568549929900762,11.15870883121474,9.5,-4.378622021893123,-6.131479140328706,86.51196674594459,57.44678434456563,66.8864086670778,38.56753569954128,53.68421052631576,42.04545454545456,48.13895781637717,-7.763975155279502,3.484320557491297,49.31880108991826,-0.2713187966473811,0.29992989332635955,9.233239214473675,9.111885364489476,9.318,9.185,8.9055,8.72,8.67825,11.23,0.41000000000000014,0.16000000000000014,0.4199999999999999,0.062105953809160126,8.914,9.889940059634814,7.9380599403651875,45.56830031282586,38194459,0.008753683552939194,0.30055715709497804,1.6816215660061833,1.0468140442132634,0.9552795031055906,50.0,9.86,63.73774408441601,71.6062208283339,8.914,9.169,9.374,8.87,0,0,1,1,0,0,0,0,0,1.0,0,1.0,0,0,0.0,0,0,0,0,1.0
20150820,4621,000415XSHE20150820,20200210004725,0,487591,9.27,438156608.0,000415.XSHE,8.7,1500,8.91,8.83,311553.6875,354860.6875,0.0,8.91,2.0,9.079275596212495,9.107631589114014,9.064825074326398,9.09046137711538,8.995376583220146,9.059427397427164,9.353916341813843,10.066771115168683,9.179351038979428,10.309974105506488,11.294611912665012,9.098489228220991,9.07671080641252,9.817924246068133,11.43977851172158,9.351653864098873,9.371443905067622,9.3490121306049,10.112461973450179,11.782971867073226,8.806897328326121,8.825534551374359,8.804409482220144,9.52338651868609,11.096585156369931,9.46,-3.1521739130434687,-5.196629213483151,26.51614926309125,53.25281118466538,62.34187617294033,35.074681208115464,55.13513513513514,29.655172413793093,52.1505376344086,-3.0467899891186003,-1.6556291390728517,47.67932489451477,-0.24274893558033825,0.22855888853634265,9.209295568957106,9.08082607764494,9.2,9.23,8.8865,8.770999999999999,8.626,10.965166666666667,0.08000000000000007,0.35999999999999943,0.13000000000000078,0.0644843476769157,8.9055,9.865422392696411,7.94557760730359,64.11428571428573,37706868,-0.3576343313880306,-0.1744403239175457,1.6468114059721877,1.1991525423728806,0.8691476590636257,50.0,8.5,57.44678434456563,66.8864086670778,8.9055,9.185,9.318,8.91,0,0,1,1,0,0,0,0,0,1.0,0,1.0,1,0,1.0,0,0,0,0,3.0
20150821,4622,000415XSHE20150821,20200210004725,0,440884,9.03,383448192.0,000415.XSHE,8.25,1500,8.61,8.78,311553.6875,354860.6875,-3.3670033669999997,8.91,2.0,8.922850397474999,8.98322369183551,9.004181731082879,9.046783070104892,8.802688291610073,9.003248972748768,9.305921739116178,10.003433240596133,9.135554805211779,10.243308454310153,11.223964230752776,9.009673004908082,9.032262158182755,9.759001112113591,11.369907437358085,9.190535909399248,9.279963195055323,9.30323002292824,10.051771145476998,11.711004660478823,8.655164885550747,8.73938281476084,8.761294293437274,9.466231078750184,11.028810214237339,9.85,-4.651162790697674,-7.423336630682572,119.31600547195565,45.05142367265979,56.57839200618015,21.997487005619078,71.35135135135137,25.146198830409325,52.01072386058979,-9.368421052631586,-1.6000000000000063,46.24829467939972,-0.22550155008849404,0.13797908393475344,9.164903304589917,9.008391296468798,9.03,9.214,8.866,8.812000000000003,8.59375,10.687333333333333,-0.16999999999999993,0.25,0.35999999999999943,0.06932465296219692,8.8865,9.851640404293592,7.921359595706407,38.997451146983884,37265984,-0.7361166102978288,-0.5468754708429298,1.6890345621153882,1.0727762803234493,0.8397129186602873,33.33333333333333,8.83,53.25281118466538,62.34187617294033,8.8865,9.23,9.2,8.91,0,0,1,1,0,0,0,0,0,1.0,0,1.0,1,0,1.0,1,0,0,0,3.0
20150824,4623,000415XSHE20150824,20200210004725,0,611185,8.55,480685216.0,000415.XSHE,7.75,1500,7.75,8.19,311553.6875,354860.6875,-9.988385598099999,8.61,2.0,8.531900264983332,8.674917768876632,8.836957500271827,8.928893700095356,8.276344145805037,8.84659285115517,9.205539691431264,9.905457882309346,9.028973666349335,10.145531652180344,11.132544119417176,8.780641549470246,8.910141952641544,9.661001057864148,11.280527006806032,8.787857272932833,9.044060795954355,9.177446211220786,9.950831089600072,11.618942817010211,8.27594325703383,8.51722230298614,8.642837694062296,9.371171026128224,10.942111196601852,8.87,-9.98838559814169,-15.623298856831793,410.81233083763647,30.034282448439857,47.730355486933384,-5.357863628547179,100.0,1.8348623853211417,38.08411214953272,-18.076109936575058,-8.392434988179678,41.800246609124535,-0.2294618434556893,-0.03168234693756239,9.060095652398068,8.814792635473598,8.61,9.071,8.8475,8.824333333333332,8.56475,10.383166666666664,-0.4399999999999995,0.3600000000000012,0.0,0.07365594820430812,8.866,9.899399729049703,7.832600270950296,18.94210150107223,37877169,-1.5437393511909003,-1.1399279807443643,1.5256799180765352,1.0170827858081466,0.6849615806805711,33.33333333333333,8.78,45.05142367265979,56.57839200618015,8.866,9.214,9.03,8.61,0,0,1,0,0,0,0,0,0,1.0,0,1.0,0,0,1.0,1,0,0,0,2.0
20150825,4624,000415XSHE20150825,20200210004725,0,1184836,7.4,836943808.0,000415.XSHE,6.98,1500,6.98,7.0,311553.6875,354860.6875,-9.935483871,7.75,2.0,8.014600176655554,8.251188326657473,8.58936316690225,8.751721545541233,7.628172072902519,8.613268744760775,9.061956485532471,9.778264061339373,8.871360307399387,10.021393156016408,11.023266642590409,8.453252176839294,8.726318909532822,9.53022051845614,11.17434115478613,8.255038181955221,8.706849742144474,8.988108476818809,9.816127134009824,11.509571389429714,7.774162171355887,8.199654611534115,8.464529342246838,9.244313902902457,10.839110920142545,8.91,-15.20894071914479,-22.929134553806072,4583.841059602525,20.02285496562657,38.494521979831106,-16.920479062782498,100.0,2.0304568527919247,26.293103448275872,-29.137055837563448,-20.41049030786773,36.67820069204153,-0.25826900427663896,-0.2304572865675973,8.906014492961175,8.532516845400737,8.232000000000001,8.802999999999999,8.789,8.786333333333335,8.50275,10.045,-0.01999999999999957,0.4000000000000004,0.0,0.07418659773832131,8.8475,10.133748809523258,7.561251190476741,-1.9283746556473664,39062005,-2.6350000631655295,-2.0893697071782147,0.9993592554746348,1.029411764705882,0.5537359263050156,16.666666666666664,8.19,30.034282448439857,47.730355486933384,8.8475,9.071,8.61,7.75,0,0,0,0,0,0,0,0,0,0.0,0,1.0,0,0,1.0,1,0,1,0,3.0
20150826,4625,000415XSHE20150826,20200210004725,0,1193079,7.6,866975808.0,000415.XSHE,6.86,1500,7.29,7.0,311553.6875,354860.6875,4.441260745,6.98,2.0,7.773066784437035,8.010891244993106,8.416114744648617,8.618837768673849,7.459086036451259,8.44786015166568,8.94763671227231,9.670078667368097,8.749717206830205,9.914279698917726,10.925022783574873,8.241751781050331,8.58952663243446,9.420941468775352,11.078431496643264,8.006258787970147,8.489004334481843,8.847212431407495,9.703569712838613,11.410784441542564,7.539874780903924,7.994499227618822,8.331840833461426,9.138313224712089,10.746078551743963,8.91,-7.814871016691952,-18.33579782228796,-1435.6419987349923,18.0174081964112,31.668817385357805,-9.28541018148202,85.99348534201954,13.839285714285701,23.48993288590604,-17.812852311161212,-20.588235294117645,40.06888633754306,-0.2956050650329144,-0.2986884860502028,8.786309715704792,8.341360407646778,7.907999999999999,8.613000000000001,8.7285,8.751666666666665,8.4625,9.695166666666664,0.29000000000000004,0.3099999999999996,0.13999999999999968,0.07987611831519931,8.789,10.2286148790562,7.349385120943799,17.793594306049823,40255084,-3.0731353737968603,-2.8540677184811947,1.1012239821118817,1.0558510638297869,0.6171548117154813,33.33333333333333,7.0,20.02285496562657,38.494521979831106,8.789,8.802999999999999,8.232000000000001,6.98,0,0,0,0,0,0,1,0,0,1.0,0,1.0,0,0,1.0,0,0,1,0,2.0
20150827,4626,000415XSHE20150827,20200210004725,0,2336827,8.02,1853615744.0,000415.XSHE,7.59,1500,8.01,7.85,311553.6875,354860.6875,9.8765432099,7.29,3.0,7.852044522958024,8.01066843374483,8.361966112028801,8.56348888061259,7.734543018225629,8.39312763270747,8.887144021157967,9.597901334004264,8.692815883227881,9.839602063666051,10.848311657691324,8.199615093586639,8.534333619821654,9.352115055664356,11.002667755985405,8.087605858646764,8.445603546394237,8.790363628416301,9.632678507334287,11.332747788664966,7.616483187269282,7.953626640779038,8.278303611227003,9.071551603994427,10.672587723305842,8.61,3.6490683229813663,-9.115664783171118,-429.06568540371535,24.498033260148176,29.27855601028793,14.936987759868671,62.540716612377864,34.797297297297284,37.5,-10.101010101010106,-17.08074534161491,49.35521688159438,-0.3241687338114969,-0.2285093502286598,8.728805292319253,8.290381883393426,7.728,8.464000000000002,8.719,8.738333333333333,8.4625,9.601666666666663,0.16000000000000014,0.009999999999999787,0.2599999999999998,0.08029703953209924,8.7285,10.18435576208634,7.27264423791366,30.051282051282055,42591911,-2.5085985574538947,-2.7908669656253773,1.408959548117395,1.068364611260053,0.7240223463687153,33.33333333333333,7.0,18.0174081964112,31.668817385357805,8.7285,8.613000000000001,7.907999999999999,7.29,0,0,0,0,0,0,1,0,0,1.0,0,1.0,0,0,1.0,0,0,1,0,2.0
20150828,4627,000415XSHE20150828,20200210004725,0,2169625,8.49,1714607616.0,000415.XSHE,7.51,1500,8.29,7.68,311553.6875,354860.6875,3.4956304619,8.01,4.0,7.998029681972016,8.080501325308619,8.352370630424959,8.538626255102352,8.012271509112814,8.380236678619037,8.848618600438098,9.541036058612773,8.661830046056506,9.778833355286988,10.780987666699447,8.216048712934521,8.51106375126721,9.300304565144144,10.935688305220332,8.237970572431179,8.462530174322557,8.766395663805227,9.579313702098467,11.263758954376945,7.758088791512857,7.969567251546485,8.255731838729194,9.021295428189822,10.607617656063725,7.75,8.168058455114815,-5.009625080209049,-188.52123151188667,32.06359533074784,30.206902450441238,35.776981091361044,53.42019543973944,44.55782312925169,37.10021321961619,-6.958473625140302,-9.79325353645267,50.79726651480637,-0.3405305999471517,-0.1308949290852387,8.6963011965919,8.29032313210213,7.664,8.347000000000001,8.705499999999997,8.714333333333334,8.4895,9.518499999999998,0.6099999999999994,0.20000000000000107,0.16999999999999993,0.08915868031788511,8.719,10.185471615818047,7.25252838418195,57.660818713450354,40422286,-1.5218288607072494,-2.0152137090805717,2.276411846066454,1.131474103585657,0.7129135538954111,50.0,7.85,24.498033260148176,29.27855601028793,8.719,8.464000000000002,7.728,8.01,0,0,0,0,0,0,1,0,0,1.0,0,1.0,0,0,1.0,0,0,1,0,2.0
20150831,4628,000415XSHE20150831,20200210004725,0,946687,8.17,749258048.0,000415.XSHE,7.64,1500,7.69,8.02,311553.6875,354860.6875,-7.237635705700001,8.29,4.0,7.895353121314677,7.982875993981466,8.264054546368298,8.461478413729413,7.851135754556407,8.293957093791658,8.773869013313059,9.460556229977437,8.587073888667543,9.69691832174632,10.699645885996832,8.120403492400971,8.432867203527477,9.221753122941992,10.855547853239583,8.132213714954117,8.364015597173001,8.6858532196333,9.498405716630252,11.181214288836772,7.658492527675238,7.876791387628943,8.179881187421651,8.945100529253732,10.529881417642397,6.98,0.4966021955044583,-11.141411106745863,-147.08335551651354,32.855674895463984,31.089826598782157,36.38737148882765,72.96416938110748,48.880597014925385,33.142857142857125,-10.685249709639944,-19.052631578947366,45.51495016611296,-0.3571834079679977,-0.13322246416676795,8.621760367214721,8.19796572716334,7.651999999999999,8.131,8.659499999999998,8.662666666666668,8.49725,9.423499999999997,-0.3299999999999992,0.15000000000000036,0.05000000000000071,0.08863958042548084,8.705499999999997,10.237328645769493,7.173671354230504,75.38896746817545,39475599,-1.1432853399832557,-1.3325571003452523,1.6756860350150204,1.114624505928853,0.6580578512396696,50.0,7.68,32.06359533074784,30.206902450441238,8.705499999999997,8.347000000000001,7.664,8.29,0,0,0,0,0,0,0,0,0,0.0,0,1.0,0,0,1.0,1,0,1,0,3.0
20150901,4629,000415XSHE20150901,20200210004725,0,901103,7.57,636929344.0,000415.XSHE,6.92,1500,6.92,7.51,311553.6875,354860.6875,-10.0130039012,7.69,1.0,7.570235414209787,7.7171569954861,8.084847273519191,8.321344012481282,7.385567877278204,8.1222124570677,8.654264560841247,9.35009726345668,8.458837435693116,9.588019564030775,10.600181520575862,7.902148311964432,8.288784612715336,9.10947248279848,10.758373832171939,7.797342476636079,8.139212761323364,8.537448151096799,9.382756657282432,11.081125047137098,7.343128351783492,7.6650838626054965,8.040121074333875,8.836188308314524,10.43562261720678,7.29,-9.424083769633516,-19.290879402845828,-184.1748683333966,22.733658782314855,28.30443732662639,11.592101693691776,98.04560260586321,48.88059701492536,23.97868561278863,-10.70967741935484,-26.849894291754765,43.26315789473684,-0.3846164120594534,-0.2194640327316455,8.495704043717334,8.001355615292058,7.6400000000000015,7.936,8.552499999999998,8.587999999999997,8.48575,9.308166666666663,-0.5899999999999999,0.0600000000000005,0.0,0.0865332077071538,8.659499999999998,10.354727123426237,6.96427287657376,98.80597014925377,38574496,-1.5748681603268784,-1.3590767501550671,1.5846133352375202,1.0939153439153435,0.6575916230366495,50.0,8.02,32.855674895463984,31.089826598782157,8.659499999999998,8.131,7.651999999999999,7.69,0,0,0,0,0,0,0,0,0,0.0,0,1.0,0,0,1.0,1,0,1,0,3.0
20150902,4630,000415XSHE20150902,20200210004725,0,687715,7.1,462245056.0,000415.XSHE,6.4,1500,6.82,6.41,311553.6875,354860.6875,-1.4450867052,6.92,2.0,7.3201569428065225,7.492867746614575,7.916200970383298,8.184858193164803,7.102783938639102,7.959435899934237,8.535924911754714,9.240093034610736,8.332773017562879,9.47946977720604,10.500703059508078,7.705394073425444,8.148900363885305,8.997790898271726,10.661130033846703,7.5397616510907195,7.9365558956282065,8.393367374801864,9.267724625219877,10.980963934862109,7.100552234522327,7.47423225122268,7.904433352968747,8.727857171323572,10.341296132831305,8.01,-9.620991253644304,-19.65127238454289,-159.3249330064429,20.47896643789304,25.695947030381934,10.045005252915253,88.10198300283287,40.48582995951417,28.421052631578952,-2.2922636103151883,-30.76142131979695,40.58441558441558,-0.4180869737879573,-0.26776449382803114,8.371577818256789,7.819608597554817,7.5459999999999985,7.727000000000001,8.456,8.512666666666666,8.47175,9.197833333333334,0.41000000000000014,0.27999999999999936,0.009999999999999787,0.08568602621481099,8.552499999999998,10.404271044162854,6.700728955837142,54.27901524032829,37886781,-2.034721488935058,-1.804794824630968,1.556363095021846,1.2363896848137537,0.6766917293233085,50.0,7.51,22.733658782314855,28.30443732662639,8.552499999999998,7.936,7.6400000000000015,6.92,0,0,0,0,0,0,1,0,0,1.0,0,1.0,0,0,1.0,0,0,1,0,2.0
20150907,4631,000415XSHE20150907,20200210004725,0,743496,7.32,530106048.0,000415.XSHE,6.88,1500,7.1,7.18,311553.6875,354860.6875,4.1055718475,6.82,2.0,7.24677129520435,7.394650809960932,7.807374174332192,8.086234721058911,7.1013919693195495,7.8520064124424565,8.443284594867313,9.147045511366793,8.237944323904193,9.386157236923449,10.411210873731552,7.5953224237117265,8.049005091134322,8.905215732502374,10.573200897208515,7.464174434060482,7.8231820964230785,8.290475243868352,9.172372204477444,10.89039692412477,7.029368156348219,7.3674627510003745,7.807534938400292,8.638059260527301,10.256004870292259,8.29,-3.5850081477457927,-15.576694411415026,-86.27003014437572,24.50535747022326,25.29908384366238,22.917904723345018,80.16997167138811,27.586206896551694,31.863727454909807,-2.6063100137174264,-19.954904171364145,42.02745512143611,-0.44816703627234666,-0.2406404998751146,8.277386868756286,7.708899582546384,7.364,7.545999999999998,8.387999999999998,8.439666666666666,8.464749999999999,9.089666666666668,-0.08000000000000007,0.14000000000000054,0.21999999999999972,0.08548590291609616,8.456,10.399785996451257,6.512214003548745,39.38753959873289,38630277,-2.0034358252933684,-2.019078657114213,1.5438736785682257,1.2771982116244414,0.7304643261608154,50.0,6.41,20.47896643789304,25.695947030381934,8.456,7.727000000000001,7.5459999999999985,6.82,0,0,0,0,0,0,1,0,0,1.0,0,1.0,0,0,1.0,1,0,1,0,3.0
20150908,4632,000415XSHE20150908,20200210004725,0,719192,7.6,523746752.0,000415.XSHE,7.05,1500,7.51,7.13,311553.6875,354860.6875,5.7746478873000004,7.1,3.0,7.3345141968029,7.423488107470697,7.7677242844212335,8.033849746417193,7.305695984659775,7.809255610887152,8.383072685521034,9.075869619568234,8.181948606680793,9.31258244331861,10.334863219159667,7.579809255764139,7.997671272931052,8.837156428477865,10.497566307153985,7.554549622706988,7.807203533437063,8.237601411118987,9.1022711213322,10.812493296368604,7.114478770898813,7.352414978091215,7.757741134743122,8.572041735623527,10.182639317939364,7.69,4.1897891231964435,-10.19109803640194,-39.625167336010776,34.04025426244549,28.21280731659008,45.69514815415629,68.19484240687682,31.94444444444445,37.037037037037024,-6.242197253433209,-15.712682379349046,41.781548250265104,-0.4669823790631867,-0.15052274232672005,8.220543396996563,7.678299646770017,7.207999999999999,7.436,8.325,8.389333333333333,8.468,8.989666666666666,0.3799999999999999,0.08999999999999986,0.08000000000000007,0.08375023804185182,8.387999999999998,10.359654127883486,6.4163458721165085,42.079207920792115,37911085,-1.406882089595938,-1.7051589574446533,1.572851819656679,1.3800623052959509,0.7976470588235296,50.0,7.18,24.50535747022326,25.29908384366238,8.387999999999998,7.545999999999998,7.364,7.1,0,0,0,0,0,0,1,0,0,1.0,0,1.0,0,0,1.0,0,0,1,0,2.0
20150909,4633,000415XSHE20150909,20200210004725,0,842452,7.85,649184960.0,000415.XSHE,7.51,1500,7.75,7.65,311553.6875,354860.6875,3.1957390146,7.51,4.0,7.473009464535266,7.505116080603024,7.765361046498402,8.00804522401563,7.527847992329887,7.801848659526257,8.34222928645516,9.018223114369619,8.148721790782274,9.251304700443368,10.26684050286599,7.610753027443386,7.974083532651905,8.784124407576506,10.429725163767467,7.697199748471324,7.839075618266687,8.213306038631464,9.047648139803801,10.742616918680492,7.2488191805992095,7.382430436620084,7.734861026672347,8.520600675349211,10.116833408854443,6.92,7.340720221606638,-7.0631970260223484,-4.187785625259679,44.22460332009922,33.550072651093124,65.57366465811141,52.961672473867594,51.66666666666666,41.94756554307116,-6.513872135102522,-13.019079685746355,44.65811965811965,-0.4728574752922521,-0.047000769832523666,8.185688330552374,7.689330470343861,7.2200000000000015,7.436,8.253499999999999,8.376999999999999,8.47725,8.8935,0.09999999999999963,0.09999999999999963,0.14000000000000054,0.07781475417088407,8.325,10.270993576556718,6.379006423443282,88.40070298769777,38753537,-0.5891457213288305,-0.9980139054623842,1.6463495333966698,1.2859327217125391,0.7947178871548619,50.0,7.13,34.04025426244549,28.21280731659008,8.325,7.436,7.207999999999999,7.51,0,0,0,1,0,0,0,0,0,0.0,0,1.0,0,0,1.0,0,0,0,0,2.0
20150910,4634,000415XSHE20150910,20200210004725,0,916816,8.1,726862528.0,000415.XSHE,7.59,1500,7.8,7.77,311553.6875,354860.6875,0.6451612903,7.75,4.0,7.582006309690177,7.578837060452268,7.7699795736319475,7.989132021832391,7.663923996164942,7.801617577085475,8.307246751845149,8.965256892005721,8.121897037645173,9.194390790622062,10.201923647527414,7.645161567908223,7.957504148589819,8.736118338914237,10.364793678242343,7.809466498980884,7.8745164149454725,8.196229273047514,8.998201889081663,10.675737488589617,7.354546120399473,7.415806720870978,7.718779024132124,8.474034788746811,10.053849867895076,6.82,5.462412114656583,-6.0897204363216435,11.594579945799403,51.81161752440426,39.63725427553017,76.16034402215243,51.21951219512196,90.74074074074076,50.55187637969095,1.4304291287386142,-9.407665505226475,46.3815789473684,-0.4684384347850239,0.03535232405782551,8.157118824585531,7.70635655182942,7.395999999999999,7.517999999999999,8.1605,8.365333333333332,8.469249999999999,8.800166666666666,0.03000000000000025,0.2999999999999998,0.17999999999999972,0.07833602373226825,8.253499999999999,10.09680653988966,6.410193460110338,279.10447761194075,39670353,0.0757618912215156,-0.25669191505365746,2.0207626227204982,1.3797468354430389,0.8319123020706459,66.66666666666666,7.65,44.22460332009922,33.550072651093124,8.253499999999999,7.436,7.2200000000000015,7.75,0,0,0,1,0,0,0,0,0,0.0,0,1.0,0,0,1.0,0,0,0,0,2.0
20150911,4635,000415XSHE20150911,20200210004725,0,505293,7.88,390726464.0,000415.XSHE,7.61,1500,7.72,7.75,311553.6875,354860.6875,-1.0256410256,7.8,4.0,7.62800420646012,7.6141277953392015,7.763315630481022,7.964665474393081,7.691961998082472,7.7914153799497905,8.269359864629331,8.91111528800547,8.090981880903238,9.136571543931,10.136609867329325,7.6587685555612754,7.9348847058669785,8.686551590674519,10.299490130631424,7.856844332653923,7.888531612228112,8.172931247042989,8.947148138394754,10.608474834550368,7.399164080266316,7.429005498894436,7.69683816469097,8.425955042954284,9.990505426712481,7.1,1.9007391763463468,-6.788051483905281,11.334692550896929,55.593709928550204,44.95607282653685,76.8689841325769,49.80988593155893,92.45283018867924,59.63541666666666,11.560693641618496,-0.3870967741935516,44.09448818897639,-0.4580075695356888,0.08344692199468118,8.124739652394009,7.708455543855663,7.576,7.561,8.087,8.339333333333332,8.453999999999999,8.699166666666667,-0.03000000000000025,0.1299999999999999,0.10999999999999943,0.07168254142632001,8.1605,9.950193828563982,6.370806171436019,955.0000000000034,39165060,0.3975791260683175,0.2366705086449165,2.0707420327158195,1.3244514106583083,0.7654761904761908,66.66666666666666,7.77,51.81161752440426,39.63725427553017,8.1605,7.517999999999999,7.395999999999999,7.8,0,0,1,1,0,0,0,0,0,1.0,0,1.0,0,0,1.0,1,0,0,0,2.0
20150914,4636,000415XSHE20150914,20200210004725,0,581664,7.8,424293664.0,000415.XSHE,6.95,1500,6.95,7.72,311553.6875,354860.6875,-9.9740932642,7.72,1.0,7.402002804306745,7.448095846504401,7.654873546416884,7.872423158539168,7.320980999041237,7.686238457456068,8.184239873362925,8.825849405918278,8.00321404391068,9.050823640247431,10.05275171292592,7.529901545459225,7.841086162451076,8.601841756983077,10.216786670615832,7.6240628884359465,7.7557985918230035,8.076318747324608,8.85989700969257,10.523290270734307,7.179942720177545,7.304004499095448,7.605853577577545,8.343786504273584,9.910283070497355,7.51,-7.898224224754827,-15.869749425009122,-24.110025073945646,47.420288728261326,45.77747812711167,50.705909930560644,74.4186046511628,45.161290322580655,46.04651162790698,1.9061583577712595,-0.429799426934101,37.94594594594594,-0.4555964205874809,0.01928919158566289,8.037721900364826,7.591770075570175,7.5459999999999985,7.455,7.9595,8.297666666666666,8.4175,8.587,-0.7699999999999996,0.08000000000000007,0.0,0.07854446761570558,8.087,9.8182478158831,6.355752184116901,133.8747099767983,39746724,-0.15214114069808515,0.12271899268511614,2.4103100311752104,1.2069464544138937,0.7290249433106579,66.66666666666666,7.75,55.593709928550204,44.95607282653685,8.087,7.561,7.576,7.72,0,0,1,1,0,0,0,0,0,1.0,0,1.0,0,0,1.0,1,0,0,0,2.0
20150915,4637,000415XSHE20150915,20200210004725,0,495197,6.96,326695552.0,000415.XSHE,6.29,1500,6.39,6.77,311553.6875,354860.6875,-8.0575539568,6.95,2.0,7.064668536204497,7.183571884878299,7.486223740227968,7.7376574168537875,6.855490499520617,7.5242086502740575,8.068482462178219,8.719942910008786,7.87912065591755,8.946477615139687,9.956363509954183,7.322646719012092,7.702887480312879,8.493947037130244,10.122298110847538,7.276608592290633,7.542326120582457,7.9339741047222665,8.748765448244152,10.425967054172967,6.852728480118362,7.10296731744173,7.471800855903492,8.239128626016338,9.818629167522113,7.75,-12.728762633160345,-22.494723819227172,-76.46781383601876,33.4551464449919,41.67003423307175,17.025370868832198,95.45454545454548,17.058823529411768,30.43478260869564,-10.0,-12.345679012345686,32.475884244372985,-0.4662343473954696,-0.08510341446390901,7.915668426263727,7.406882371636303,7.322,7.2650000000000015,7.805999999999999,8.225333333333333,8.352,8.4835,-0.3799999999999999,0.1900000000000004,0.09999999999999963,0.07720812898345637,7.9595,9.675698123760773,6.243301876239227,38.94736842105267,39251527,-1.1641911146512909,-0.658166127674688,1.8384419088330008,1.143053645116919,0.7064622124863091,50.0,7.72,47.420288728261326,45.77747812711167,7.9595,7.455,7.5459999999999985,6.95,0,0,1,0,0,0,0,0,0,1.0,0,1.0,0,0,1.0,1,0,0,0,2.0
20150916,4638,000415XSHE20150916,20200210004725,0,506960,7.03,339914592.0,000415.XSHE,6.4,1500,7.0,6.42,311553.6875,354860.6875,9.546165884199999,6.39,2.0,7.0431123574696635,7.137678913658725,7.4213939081975715,7.670597651685262,6.927745249760308,7.458682568989801,7.999548109779625,8.645162783486665,7.811495990077739,8.870145159644014,9.878564470218551,7.263983679191713,7.635945815521175,8.421071571904378,10.045204330332783,7.254405728193754,7.481903189567465,7.865024189986812,8.673703719061509,10.346560460242767,6.831818986745574,7.0460641688159615,7.40686744105554,8.168439424747246,9.743848200422804,7.8,-2.3982152816508604,-15.017603496418635,-57.52584229113507,35.378937409000116,39.57300195838121,26.99080831023797,67.72727272727273,31.884057971014496,35.570469798657726,-6.790945406125164,-12.609238451935079,38.437170010559655,-0.4736986882637996,-0.059714726946640824,7.847841135429378,7.344285083692258,7.172000000000001,7.196000000000001,7.663499999999999,8.171666666666665,8.296000000000001,8.411166666666666,0.5800000000000001,0.03000000000000025,0.01999999999999957,0.07931606136317028,7.805999999999999,9.275166770656076,6.336833229343925,39.52380952380961,39758487,-1.3403536363256343,-1.2522723754884626,1.3999865818126054,1.2000000000000004,0.7368421052631584,50.0,6.77,33.4551464449919,41.67003423307175,7.805999999999999,7.2650000000000015,7.322,6.39,0,0,0,0,0,0,0,0,0,0.0,0,1.0,0,0,1.0,0,0,0,0,2.0
20150917,4639,000415XSHE20150917,20200210004725,0,694322,7.28,485697568.0,000415.XSHE,6.8,1500,6.89,6.98,311553.6875,354860.6875,-1.5714285713999998,7.0,2.0,6.992074904979776,7.075759185244044,7.3505413871045615,7.599634228804782,6.908872624880153,7.3875972478660765,7.927964360761585,8.568851358117678,7.740611683148682,8.792492408285426,9.799918036791745,7.195986646611402,7.5649033569001105,8.3463851537627,9.96729805057148,7.20183715212917,7.411866246009746,7.791850457607113,8.59677670837558,10.266316992088626,6.782312657830382,6.98010704721306,7.337956256193108,8.095993599149821,9.668279109054335,7.72,-1.430615164520739,-16.25340334500198,-42.91156060829773,34.63568202957282,37.9272286487784,28.052588791161643,72.72727272727273,28.638497652582164,39.94974874371858,-11.096774193548393,-16.88781664656212,35.92233009708737,-0.4794579244902119,-0.04607388981129757,7.776889940212387,7.274395070816525,6.989999999999998,7.193,7.564499999999998,8.099333333333332,8.23925,8.343833333333333,-0.09000000000000075,0.2999999999999998,0.08999999999999986,0.07688961606672826,7.663499999999999,9.059128532239148,6.267871467760852,42.68142681426826,40452809,-1.2860154468791989,-1.3131845416024168,0.7545839340542944,1.1368563685636863,0.7030237580993525,33.33333333333333,6.42,35.378937409000116,39.57300195838121,7.663499999999999,7.196000000000001,7.172000000000001,7.0,0,0,0,0,0,0,0,0,0,0.0,0,1.0,0,0,1.0,1,0,0,0,2.0
20150918,4640,000415XSHE20150918,20200210004725,0,319697,7.06,221490912.0,000415.XSHE,6.81,1500,6.9,6.96,311553.6875,354860.6875,0.145137881,6.89,2.0,6.961383269986517,7.031819388933033,7.290469202157286,7.536031117095258,6.904436312440077,7.326647591882817,7.861644079422128,8.49629260341691,7.675949245983398,8.718277019725212,9.723604404244591,7.142170892682056,7.501579227671528,8.275829780408422,9.891562296236383,7.170224768086113,7.356436019462517,7.726626604501675,8.524104673820675,10.188309165123473,6.7525417718869205,6.927905765901595,7.2765318508413825,8.027554886996171,9.594815427349289,6.95,1.0840902431878092,-16.03387850467292,-45.55995890209896,34.324340505903066,36.72626593448664,29.52048964873593,72.27272727272725,30.0970873786408,49.68944099378882,-11.538461538461533,-10.273081924577374,36.14718614718615,-0.4825941997269372,-0.025090201893802955,7.7119351298262835,7.216795829152446,6.8260000000000005,7.2010000000000005,7.463999999999999,8.037666666666665,8.18475,8.2735,-0.05999999999999961,0.09999999999999963,0.09000000000000075,0.07024887485375705,7.564499999999998,8.842629883853748,6.286370116146247,45.82278481012668,40133112,-1.11099937392841,-1.1985074104038045,0.8661477202735728,1.0932432432432435,0.6236897274633125,33.33333333333333,6.98,34.63568202957282,37.9272286487784,7.564499999999998,7.193,6.989999999999998,6.89,0,0,0,0,0,0,0,0,0,0.0,0,1.0,0,0,1.0,1,0,0,0,2.0
20150921,4641,000415XSHE20150921,20200210004725,0,363321,7.09,254949424.0,000415.XSHE,6.71,1500,7.09,6.85,311553.6875,354860.6875,2.7536231883999998,6.9,2.0,7.0042555133243445,7.046364541699773,7.263739975202982,7.495482833722961,6.997218156220039,7.297066642897464,7.811860590427152,8.435149446746609,7.630876227061599,8.654423018951675,9.654299025185523,7.1326852758307755,7.462381205988526,8.217984425266549,9.822387918551533,7.214383178724077,7.346665834105696,7.686252642168182,8.464523958024545,10.117059556108078,6.794127847924615,6.918704717555852,7.2385097698088705,7.971444892508551,9.527716280994989,6.39,3.4432448205427586,-13.660829537981948,-32.011564111830175,37.615858679810145,37.02279684959447,38.801982340241494,57.44680851063831,54.72972972972971,54.07854984894259,-8.16062176165803,2.4566473988439297,34.73451327433628,-0.4797907762688808,0.022427387664450626,7.665865860950262,7.197288778513608,6.853999999999999,7.200000000000001,7.372999999999999,7.991999999999999,8.12975,8.208333333333332,0.2400000000000002,0.0,0.13999999999999968,0.06941135325022896,7.463999999999999,8.564129083335223,6.363870916664776,72.14285714285734,40496433,-0.7297401402339577,-0.9203697570811836,1.208639538828549,1.1412742382271477,0.6731601731601734,50.0,6.96,34.324340505903066,36.72626593448664,7.463999999999999,7.2010000000000005,6.8260000000000005,6.9,0,0,0,0,0,0,0,0,0,0.0,0,1.0,0,0,1.0,0,0,0,0,2.0
20150922,4642,000415XSHE20150922,20200210004725,0,615712,7.47,449047648.0,000415.XSHE,7.03,1500,7.31,7.1,311553.6875,354860.6875,3.1029619182,7.09,3.0,7.106170342216231,7.112273406274832,7.2699079785092495,7.478620757929965,7.153609078110019,7.298683312535283,7.779482487818949,8.386229905583713,7.606193440364554,8.601700547620236,9.592606945575376,7.164924316588817,7.447868710180097,8.173692502082815,9.760353648957668,7.319355452482718,7.37987204608648,7.671304771485499,8.4189032771453,10.053164258426397,6.8929852319497416,6.949976587091151,7.224432648874693,7.928481727020332,9.467543039488936,7.0,3.864734299516912,-10.966578973009844,14.241730091874222,43.86176950661376,39.30245440193424,52.98039971597279,43.646408839779006,90.35087719298244,53.23076923076921,5.1798561151079054,7.184750733137818,40.57971014492754,-0.4688079130893462,0.08786290543627795,7.639505426805799,7.214628966434593,7.0379999999999985,7.18,7.308,7.9433333333333325,8.087,8.165166666666666,0.21,0.16000000000000014,0.0699999999999994,0.06810693652178118,7.372999999999999,8.315413921798697,6.430586078201303,342.63959390863045,41112145,-0.1888741153502728,-0.4593071277921152,1.1870796177705036,1.1371191135734078,0.6881838074398253,66.66666666666666,6.85,37.615858679810145,37.02279684959447,7.372999999999999,7.200000000000001,6.853999999999999,7.09,0,0,0,1,0,0,0,0,0,0.0,0,1.0,0,0,1.0,0,0,0,0,2.0
20150923,4643,000415XSHE20150923,20200210004725,0,452220,7.26,320602752.0,000415.XSHE,6.95,1500,7.0,7.16,311553.6875,354860.6875,-4.2407660739,7.31,4.0,7.070780228144153,7.084205054706121,7.23392024804135,7.435109779936331,7.0768045390550105,7.2613478984683715,7.7291932950564375,8.325959040123553,7.559563175721128,8.538888761439049,9.524380447007603,7.134938077209031,7.405214547305801,8.116439209298287,9.69219676873649,7.282903634988479,7.348986219525303,7.627370983724974,8.359932385577238,9.982962671798585,6.85865682129983,6.9208899348927595,7.183058110886626,7.872946033019337,9.401430865674397,6.89,-0.5399261153736767,-14.663285707319467,-17.08033573141486,44.125875687847326,40.9102614972386,50.55710406906478,60.77348066298342,50.0,41.904761904761905,9.54616588419406,-1.4084507042253471,38.83040935672514,-0.4571514362725086,0.0932518145347,7.592134654449813,7.181609125444656,7.0379999999999985,7.105,7.2705,7.870666666666668,8.059000000000001,8.133333333333333,-0.16000000000000014,0.09999999999999963,0.049999999999999815,0.06814841117615904,7.308,8.236665171092358,6.379334828907641,160.1398601398601,40659925,-0.07061668150965876,-0.1297453984299658,1.3005058730944468,1.1383125864453671,0.6377118644067798,66.66666666666666,7.1,43.86176950661376,39.30245440193424,7.308,7.18,7.0379999999999985,7.31,0,0,1,1,0,0,0,0,0,1.0,0,1.0,1,0,0.0,1,0,0,0,2.0
20150924,4644,000415XSHE20150924,20200210004725,0,328815,7.08,231162320.0,000415.XSHE,6.97,1500,7.05,7.01,311553.6875,354860.6875,0.7142857143000001,7.0,4.0,7.063853485429436,7.075653791029593,7.209397548302503,7.4000997999421205,7.063402269527504,7.2349294111598255,7.6853743727947315,8.270482560118179,7.520366008357962,8.480500966872814,9.459265172086353,7.119494790443753,7.3713845904195345,8.064417784454466,9.626957342347936,7.275769089992321,7.333079634157065,7.592526128132119,8.306350317988102,9.915766062618374,6.8519378808665525,6.905909946730441,7.150243052706947,7.822485250920835,9.338148622077496,6.9,-0.2828854314002894,-13.828929034150656,-35.30874430169923,46.194292401169726,42.671605131882316,53.23966693974461,58.011049723756905,60.256410256410284,38.17567567567568,0.7142857142857117,-6.125166444740347,39.1860465116279,-0.4438441418608141,0.1064583552935563,7.551976531897974,7.161361567683938,7.07,7.0299999999999985,7.274000000000001,7.783666666666666,8.0315,8.093166666666667,0.040000000000000036,0.03000000000000025,0.040000000000000036,0.06317023332564077,7.2705,8.195278892492686,6.345721107507313,101.35135135135144,40331110,-0.03660746584409838,-0.05361207367687857,1.172445941189341,1.1260744985673359,0.6112920738327908,66.66666666666666,7.16,44.125875687847326,40.9102614972386,7.2705,7.105,7.0379999999999985,7.0,0,0,1,1,0,0,0,0,0,1.0,0,0.0,0,0,0.0,0,0,0,0,0.0
20150925,4645,000415XSHE20150925,20200210004725,0,324023,7.07,221164352.0,000415.XSHE,6.55,1500,6.7,7.0,311553.6875,354860.6875,-4.9645390071,7.05,1.0,6.942568990286291,6.981740343272194,7.141477875195503,7.336454363583746,6.881701134763754,7.168063234764848,7.621801832614428,8.20220070967826,7.457260930791966,8.410677399544468,9.386652930715659,7.043223010363071,7.3074432008557695,7.997860819359128,9.554686790685023,7.15084605999488,7.254519700673963,7.526666496881442,8.237796643939904,9.841327394405576,6.734291920577703,6.831926320052179,7.088219904830097,7.757924994778353,9.268046186964472,7.09,-4.694167852062578,-17.779304928333,-104.10746812386176,42.37811583806796,42.573775367277534,41.98679677964883,77.34806629834253,41.07142857142855,33.128834355828225,-2.7576197387518064,-13.548387096774194,38.95953757225434,-0.434772172328943,0.07257575625496883,7.488867159164791,7.090382864963332,7.0299999999999985,6.928,7.244499999999999,7.700666666666668,7.986500000000001,8.056499999999998,-0.2999999999999998,0.07000000000000027,0.15000000000000036,0.06743401802906665,7.274000000000001,8.23190343981009,6.316096560189912,64.10256410256426,40007087,-0.34751724857489186,-0.1920623572094951,0.8099902265912627,1.2267080745341623,0.6426116838487976,66.66666666666666,7.01,46.194292401169726,42.671605131882316,7.274000000000001,7.0299999999999985,7.07,7.05,0,0,1,1,0,0,0,0,0,1.0,0,0.0,0,0,1.0,1,0,0,0,1.0
20150928,4646,000415XSHE20150928,20200210004725,0,203256,6.91,137967456.0,000415.XSHE,6.61,1500,6.91,6.78,311553.6875,354860.6875,3.1343283582,6.7,2.0,6.931712660190861,6.963805257454146,7.110614158502768,7.297685785076132,6.895850567381875,7.135805330419243,7.575879133736076,8.146018070127031,7.41516393611566,8.351827305444685,9.321477853591565,7.019000644842513,7.269591467440934,7.944794437926976,9.489385882273046,7.139664039996588,7.229570664187786,7.487679211464162,8.183138271064786,9.774067458741241,6.723761280385134,6.8084306254972375,7.0515037234177065,7.7064506047891665,9.204704305804857,7.31,-1.2010294538175526,-14.888899837414394,-87.39126278558453,44.13992769266837,43.09582614240781,46.22813079318946,65.74585635359115,42.10526315789474,38.05309734513275,0.14492753623188095,-11.410256410256405,44.75,-0.4244890289369138,0.08226514713623377,7.44598811033777,7.062631654968972,6.994,6.924,7.1895,7.614333333333334,7.95425,8.038166666666667,0.1299999999999999,0.0,0.16999999999999993,0.0595453362104116,7.244499999999999,8.144866036676197,6.344133963323804,66.33663366336648,39803831,-0.4124656673351232,-0.3799914579550076,0.598403043989828,1.2051696284329574,0.6998754669987549,66.66666666666666,7.0,42.37811583806796,42.573775367277534,7.244499999999999,6.928,7.0299999999999985,6.7,0,0,1,1,0,0,0,0,0,1.0,0,0.0,0,0,1.0,0,0,0,0,1.0
20150929,4647,000415XSHE20150929,20200210004725,0,244717,6.94,165828976.0,000415.XSHE,6.65,1500,6.91,6.69,311553.6875,354860.6875,0.0,6.91,2.0,6.924475106793906,6.950353943090608,7.083865604035733,7.262441622796483,6.902925283690938,7.107579664116836,7.532919189624071,8.09227815403455,7.37630517179907,8.295285058172345,9.258017910075996,6.999182345780239,7.2353446610179875,7.8943166604671235,9.425697341970013,7.1322093599977245,7.2091578161536445,7.452405000848527,8.131146160281139,9.708468262229113,6.71674085359009,6.789206875406832,7.018284321187448,7.657487160653111,9.142926421710909,7.0,-0.057853630315295924,-14.446315372424724,-60.21300270227314,42.47009672264849,42.8872496691547,41.63579082963608,65.74585635359115,28.2608695652174,49.236641221374036,-2.538787023977429,-10.492227979274608,49.51590594744122,-0.4130183082401239,0.09176576557432026,7.406285287349787,7.0391498618968225,6.914,6.975999999999999,7.1205,7.529333333333333,7.9129999999999985,8.033166666666668,0.21999999999999972,0.03000000000000025,0.040000000000000036,0.05325701939846093,7.1895,7.941177457424392,6.437822542575607,24.39024390243918,40048548,-0.3752963892294055,-0.3938810282822643,0.7892165770355859,1.1918032786885258,0.6547029702970301,50.0,6.78,44.13992769266837,43.09582614240781,7.1895,6.924,6.994,6.91,0,0,1,1,0,0,0,0,0,1.0,0,1.0,0,0,1.0,0,0,0,0,2.0
20150930,4648,000415XSHE20150930,20200210004725,0,235798,6.96,161955552.0,000415.XSHE,6.75,1500,6.83,6.91,311553.6875,354860.6875,-1.1577424023,6.91,2.0,6.892983404529272,6.9202654573179565,7.050016856830967,7.223128747996803,6.8664626418454695,7.072882206102232,7.4875695644870355,8.037396495163483,7.334281697045295,8.237822899028332,9.1941227019161,6.968421919274741,7.196740407587702,7.84239877459068,9.36160604957569,7.09977290666515,7.177474576852982,7.4126426198153315,8.0776707378284,9.642454231062962,6.686193902393392,6.7593692616964995,6.980838195360072,7.607126811352959,9.08075786808842,7.05,-0.726744186046509,-14.929128366091232,-35.10011778562989,38.45832535133089,41.41094156321343,32.5530929275658,66.0377358490566,37.68115942028985,60.28037383177571,-6.566347469220242,-1.7266187050359725,46.714285714285715,-0.4017395522361583,0.09023004803172464,7.363597488286839,7.006972960066543,6.88,6.958999999999999,7.0775000000000015,7.428666666666666,7.8685,8.024,-0.08000000000000007,0.049999999999999815,0.08000000000000007,0.04733168996947119,7.1205,7.834387245998974,6.406612754001026,42.643391521197145,39812750,-0.3783006101542071,-0.3767984996918063,0.8974812960360645,1.2338568935427583,0.6886543535620057,33.33333333333333,6.69,42.47009672264849,42.8872496691547,7.1205,6.975999999999999,6.914,6.91,0,0,1,0,0,0,0,0,0,1.0,0,1.0,0,0,1.0,1,0,0,0,2.0
20151008,4649,000415XSHE20151008,20200210004725,0,500574,7.3,357221792.0,000415.XSHE,6.98,1500,7.19,7.08,311553.6875,354860.6875,5.270863836,6.83,3.0,6.991988936352848,6.987699092988467,7.068681275920173,7.220117043633459,7.028231320922736,7.087521930339452,7.4683715280685155,8.000553169286809,7.323183104964888,8.19673180494879,9.141382630813046,7.00870884304297,7.196098464007922,7.810574444122842,9.307986147117033,7.2017486044434325,7.2189701083342595,7.4119814179281605,8.044891677446527,9.587225731530543,6.782229268262262,6.7984475777516815,6.9802155100876835,7.576257210799158,9.02874656270352,6.7,4.082223508975115,-10.003504731387352,52.93460513878148,48.82728936465539,43.883057497027416,58.715753099911346,40.39735099337745,57.00000000000003,55.02645502645503,2.71428571428572,12.519561815336475,43.825301204819276,-0.3845131315629776,0.1378113653854458,7.350738415080406,7.035130966210152,6.908,6.989,7.090999999999998,7.3726666666666665,7.82175,8.020833333333334,0.11000000000000032,0.10999999999999943,0.09999999999999963,0.044815697551361035,7.0775000000000015,7.789171272428501,6.3658287275715,109.58466453674124,40313324,-0.034204209702625964,-0.20625240992841654,1.3639058073304835,1.2857142857142865,0.8751902587519029,50.0,6.91,38.45832535133089,41.41094156321343,7.0775000000000015,6.958999999999999,6.88,6.83,0,0,1,1,0,0,0,0,0,1.0,0,1.0,0,0,1.0,0,1,0,0,2.0
20151009,4650,000415XSHE20151009,20200210004725,0,496089,7.5,359992896.0,000415.XSHE,7.1,1500,7.37,7.13,311553.6875,354860.6875,2.5034770515,7.19,4.0,7.117992624235232,7.083274319741352,7.108857105797482,7.233742766939509,7.199115660461367,7.122831689047022,7.462024977870548,7.973137814100426,7.326784404582973,8.164310949852759,9.094767298423227,7.074398144307884,7.212660515054788,7.789083007824169,9.260134637311673,7.331532402962289,7.2866300886371205,7.429040330506432,8.022755498058894,9.537938676431024,6.904452845508175,6.862166199978647,6.996280699603143,7.555410517589443,8.982330598192322,6.91,4.657767679636472,-7.353865493400367,113.0982105701207,61.323456067665006,49.69652368723993,84.57732082851513,10.743801652892554,90.36144578313251,62.24489795918368,4.5390070921985854,5.285714285714287,42.96636085626912,-0.3607136892599075,0.1903955384245608,7.352165199148524,7.0866492791008975,7.042000000000001,7.0360000000000005,7.1185,7.321333333333333,7.78725,8.020666666666665,0.2400000000000002,0.1299999999999999,0.03000000000000025,0.04661991755804698,7.090999999999998,7.801162657424339,6.38083734257566,322.22222222222166,39817235,0.4325532861162511,0.19917453820681252,1.358540220921394,1.2777777777777783,1.0882852292020375,50.0,7.08,48.82728936465539,43.883057497027416,7.090999999999998,6.989,6.908,7.19,0,0,1,1,0,0,0,0,0,1.0,0,0.0,1,0,0.0,0,1,0,0,1.0
20151012,4651,000415XSHE20151012,20200210004725,0,805949,7.82,612611072.0,000415.XSHE,7.32,1500,7.61,7.32,311553.6875,354860.6875,3.2564450475,7.37,4.0,7.281995082823488,7.214955739806013,7.175676158357817,7.267947969945007,7.404557830230685,7.1837277279161444,7.471571753491802,7.957349213487364,7.348570219615054,8.142573265544808,9.055694474780513,7.171780299888269,7.250502370763853,7.780347251344942,9.219390572192866,7.500454935308193,7.386933708884918,7.4680174418867695,8.01375766888529,9.495972289358653,7.063535230338782,6.956626890891621,7.032987299640938,7.546936833804593,8.94280885502708,6.91,5.959342801448064,-3.9311232862877534,316.07661056297155,68.70382635482129,56.032291243100396,94.04689657826309,14.788732394366194,90.69767441860463,66.21004566210047,13.582089552238807,10.449927431059516,49.35275080906149,-0.3293908111402929,0.2505830249569174,7.37126407328567,7.167164774623837,7.182,7.087999999999999,7.144,7.278,7.766,8.0245,0.29000000000000004,0.21,0.0,0.04783055829688627,7.1185,7.860103667736347,6.376896332263653,647.8260869565172,40623184,0.9501768646797698,0.6913650753980104,2.67202182411255,1.2927756653992402,1.0721649484536089,66.66666666666666,7.13,61.323456067665006,49.69652368723993,7.1185,7.0360000000000005,7.042000000000001,7.37,0,0,1,1,0,0,0,0,0,1.0,0,0.0,1,0,0.0,0,1,0,0,1.0
20151013,4652,000415XSHE20151013,20200210004725,0,514392,7.8,394772864.0,000415.XSHE,7.5,1500,7.61,7.55,311553.6875,354860.6875,0.0,7.61,4.0,7.3913300552156596,7.31371680485451,7.2335860039101085,7.299043609040916,7.507278915115343,7.237011761926626,7.480502608105235,7.942247073770522,7.368680202721587,8.121688039445011,9.01764988333892,7.251456608999492,7.284740240214917,7.772037629328116,9.17965253337329,7.613069956872128,7.469000307269478,7.5032824474213635,8.00519875820796,9.455042109374489,7.169590153559189,7.033912910729509,7.066198033008468,7.538876500448272,8.90426295737209,6.83,3.9333515432941857,-3.587898444230465,984.0255591054297,73.62407321292548,61.89621856637542,97.0797825060256,16.53543307086613,90.69767441860463,63.00000000000002,10.130246020260497,10.289855072463768,56.377079482439925,-0.29424363794617364,0.2811773855529539,7.38894821600525,7.2352932708355535,7.322,7.117999999999999,7.149000000000001,7.244666666666667,7.737,8.028333333333332,0.0600000000000005,0.1899999999999995,0.049999999999999815,0.0457535877904427,7.144,7.89667257157412,6.391327428425879,1181.4814814814665,40108792,1.2261632834768534,1.0881700740783116,4.024367589850609,1.3623762376237631,0.9149277688603532,50.0,7.32,68.70382635482129,56.032291243100396,7.144,7.087999999999999,7.182,7.61,0,0,1,1,0,0,0,0,0,1.0,0,0.0,1,0,0.0,0,1,0,0,1.0
20151014,4653,000415XSHE20151014,20200210004725,0,470567,7.8,358906848.0,000415.XSHE,7.45,1500,7.46,7.72,311553.6875,354860.6875,-1.9710906702000002,7.61,1.0,7.4142200368104385,7.350287603640883,7.263774536722094,7.313676008219013,7.483639457557672,7.264885291685798,7.479179859195219,7.9212798096935435,7.3757048025122325,8.095739488878541,8.976659096935265,7.2893735891814035,7.301431645908733,7.756816281556014,9.137191976993703,7.636646637914753,7.508054796856847,7.520474595285995,7.989520770002693,9.411307736303511,7.191793435706125,7.070692381505961,7.082388696531472,7.524111793109332,8.863076217683892,7.19,0.16111707841030568,-5.329949238578658,-1417.5668303327857,72.96722991097919,65.58655568124334,87.72857837045086,28.346456692913407,83.87096774193546,53.88601036269432,7.959479015918955,5.2186177715091695,55.860805860805854,-0.2602644652079625,0.27183338190568906,7.3942113111159715,7.269863536860853,7.4479999999999995,7.164,7.134500000000001,7.235000000000001,7.694,8.029666666666667,-0.2599999999999998,0.08000000000000007,0.009999999999999787,0.046016705369914174,7.149000000000001,7.8650858887033035,6.432914111296697,779.9999999999982,39638225,1.1327206282515838,1.1794419558642186,2.5020126695660623,1.194174757281554,0.9185059422750425,50.0,7.55,73.62407321292548,61.89621856637542,7.149000000000001,7.117999999999999,7.322,7.61,0,0,1,1,0,0,0,0,0,1.0,0,0.0,1,1,0.0,1,1,0,0,2.0
20151015,4654,000415XSHE20151015,20200210004725,0,467639,7.75,356913696.0,000415.XSHE,7.42,1500,7.67,7.42,311553.6875,354860.6875,2.8150134048,7.46,2.0,7.4994800245402935,7.430215702730662,7.317937931825813,7.346069098380923,7.576819728778836,7.315524630225072,7.491490836021335,7.910354600576433,7.398342894626678,8.079043822648009,8.942273331226444,7.358578391148423,7.336533393917425,7.752581340992306,9.100965014598797,7.724464425276501,7.579335742882876,7.556629395734947,7.985158781222074,9.373993965036759,7.274495623804084,7.137821039413969,7.116437392099902,7.5200039007625366,8.82793606416083,7.37,1.6702014846235465,-2.5462492376499086,-371.10387260224337,77.84592186902744,69.67301107717137,94.19174345273956,11.811023622047268,80.76923076923073,68.30601092896174,12.298682284040993,4.924760601915191,55.28756957328386,-0.2248549941977188,0.2832757680819503,7.4146401028851585,7.331422992728415,7.544,7.226000000000001,7.127999999999999,7.257999999999999,7.644249999999999,8.022166666666667,0.25,0.08000000000000007,0.0,0.04875889886580402,7.134500000000001,7.828318420049512,6.44068157995049,297.8835978835977,39170586,1.1072233758595962,1.11997200205559,2.4021393382471965,1.3270440251572333,1.102272727272727,66.66666666666666,7.72,72.96722991097919,65.58655568124334,7.134500000000001,7.164,7.4479999999999995,7.46,0,0,1,1,0,0,0,0,0,1.0,0,0.0,1,1,0.0,0,1,0,0,2.0
20151016,4655,000415XSHE20151016,20200210004725,0,874791,8.17,690748224.0,000415.XSHE,7.64,1500,8.1,7.67,311553.6875,354860.6875,5.6062581486,7.67,3.0,7.699653349693527,7.597661777047996,7.4222128742490385,7.414608271255382,7.838409864389418,7.413584051446938,7.5307494917618945,7.918600052725284,7.452316518116933,8.079865633524557,8.92010824356259,7.493382320030527,7.409244499258622,7.769528592651215,9.076249829053149,7.9306429501843345,7.718183789631443,7.631521834236381,8.002614450430753,9.348537323924742,7.468663749202722,7.268580850429612,7.186967164280863,7.536442734871679,8.803962334181554,7.61,5.331599479843943,3.0219780219780286,-325.63393268787445,83.69552686005338,74.3471830047987,102.39221457056273,4.320987654321005,85.43689320388347,73.75565610859728,12.65646731571626,15.714285714285708,55.452865064695004,-0.18303237404611647,0.3345809612128183,7.465407502671442,7.449665609231737,7.69,7.3660000000000005,7.146999999999999,7.285000000000001,7.616999999999999,8.018333333333334,0.4299999999999997,0.07000000000000027,0.03000000000000025,0.04754091471249648,7.127999999999999,7.901824269456574,6.354175730543426,408.86075949367137,40045377,1.4076188653853114,1.2574211206224537,4.305389814322372,1.6080760095011883,1.4185022026431715,66.66666666666666,7.42,77.84592186902744,69.67301107717137,7.127999999999999,7.226000000000001,7.544,7.67,0,0,1,1,0,0,0,0,0,1.0,0,0.0,1,1,0.0,0,1,0,0,2.0
20151019,4656,000415XSHE20151019,20200210004725,0,798641,8.2,638517568.0,000415.XSHE,7.77,1500,7.92,8.19,311553.6875,354860.6875,-2.2222222222,8.1,4.0,7.773102233129019,7.678246332785997,7.488584491015834,7.460552973868531,7.879204932194709,7.476886045016072,7.555862427777256,7.918660919998097,7.488292170569477,8.073596392994181,8.893789605574101,7.570949170934068,7.4578878802816115,7.7768686613023785,9.047700450558008,8.00629530012289,7.79807764606209,7.681624516690059,8.010174721141446,9.319131464074747,7.539909166135148,7.343820695806048,7.234151243873162,7.5435626014633055,8.776269437041266,7.61,2.16718266253869,0.804398737399452,-235.6552680779202,82.6935696308402,77.12931188014585,93.82208513222885,16.969696969696937,65.97938144329896,79.90196078431372,7.4626865671641776,12.340425531914894,51.58878504672897,-0.14183715418070694,0.329561758923276,7.499081020992078,7.522024746273007,7.752000000000002,7.467,7.1955,7.282,7.577499999999999,8.010166666666667,-0.2699999999999996,0.009999999999999787,0.15000000000000036,0.048628673633106335,7.146999999999999,7.9843404325601375,6.30965956743986,216.73469387755145,39246736,1.412607687165581,1.4101132762754462,2.2456762577301945,1.3181818181818186,1.4620689655172412,50.0,7.67,83.69552686005338,74.3471830047987,7.146999999999999,7.3660000000000005,7.69,8.1,0,0,1,1,0,0,0,0,0,1.0,0,0.0,1,1,0.0,1,1,0,0,2.0
20151020,4657,000415XSHE20151020,20200210004725,0,493665,8.07,394287232.0,000415.XSHE,7.87,1500,8.04,7.98,311553.6875,354860.6875,1.5151515152000001,7.92,4.0,7.8620681554193474,7.768684749589497,7.562106558880389,7.513229976244117,7.959602466097354,7.547275289389062,7.587097109856143,7.9239365321720925,7.530731234371824,8.072278887386567,8.871321458058993,7.656231139855146,7.513327129778599,7.789704336360798,9.022818957951637,8.097930200081928,7.8859180740507995,7.738726943671957,8.023395466451621,9.293503526690184,7.626206110756767,7.426544205659492,7.28792731588524,7.556013206269974,8.752134389213088,7.46,2.5771880581781064,2.467373572593789,-174.73938018580228,84.09079505443991,79.44980627157722,93.37277262016528,9.696969696969708,69.72477064220179,78.97435897435895,5.650459921156357,19.999999999999982,52.214022140221395,-0.10095689267752386,0.3270420920254649,7.539149093511182,7.601713246846391,7.837999999999999,7.580000000000001,7.277999999999999,7.273666666666667,7.541999999999999,7.9940000000000015,0.05999999999999873,0.030000000000001137,0.11000000000000032,0.04691941961376743,7.1955,8.024224320869129,6.366775679130871,204.13223140495938,38753071,1.3613308368303842,1.3869692619979823,3.0571785095873367,1.3634311512415351,1.3475336322869955,50.0,8.19,82.6935696308402,77.12931188014585,7.1955,7.467,7.752000000000002,7.92,0,0,1,1,0,0,0,0,0,1.0,0,0.0,1,1,0.0,0,1,0,0,2.0
20151021,4658,000415XSHE20151021,20200210004725,0,744736,8.06,574416000.0,000415.XSHE,7.28,1500,7.31,8.06,311553.6875,354860.6875,-9.07960199,8.04,1.0,7.678045436946231,7.654013562192124,7.528492351029671,7.4947545238582896,7.634801233048678,7.517615878215429,7.569219876962197,7.897243639468957,7.5137519086509155,8.042385597685133,8.830234051267967,7.593280023517847,7.493962641228256,7.766304124831003,8.980527131829373,7.908386800054617,7.821078424223383,7.718781520465104,7.999293248575934,9.249942945784255,7.447704073837844,7.365481622812313,7.2691437619914065,7.533315001086072,8.711111317874494,7.67,-6.378073770491806,-6.5265203825891245,-37.84851049057282,62.42416639992964,73.77459298102801,39.72331323773287,53.93939393939394,45.508982035928135,57.46268656716418,-3.9421813403416652,5.788712011577416,46.62273476112026,-0.07383367430028465,0.21698574701791373,7.5221750865844275,7.5568342857931015,7.808,7.627999999999999,7.293499999999999,7.2609999999999975,7.478499999999999,7.961833333333334,-0.7500000000000009,0.0,0.029999999999999364,0.054515063680240096,7.277999999999999,8.096883996668637,6.459116003331362,97.39130434782652,39497807,0.6110905682769744,0.9862107025536792,1.9548090403255132,1.0857699805068226,1.0696324951644105,50.0,7.98,84.09079505443991,79.44980627157722,7.277999999999999,7.580000000000001,7.837999999999999,8.04,0,0,1,1,0,0,0,0,0,1.0,0,0.0,1,1,0.0,1,1,0,0,2.0
20151022,4659,000415XSHE20151022,20200210004725,0,399565,7.6,297631584.0,000415.XSHE,7.24,1500,7.55,7.37,311553.6875,354860.6875,3.2831737345999996,7.31,2.0,7.635363624630821,7.6280101716440925,7.5313600375590495,7.4997768398711715,7.592400616524339,7.521663893438501,7.56797988490012,7.882146089926829,7.516540223370075,8.023076358560226,8.796543681497758,7.585410928332783,7.499299532539852,7.75575270410754,8.945205474253342,7.864424533369745,7.812973256182767,7.724278518516048,7.9884252852307664,9.213561638480943,7.406302715891896,7.3578486004828,7.274320546563655,7.523080122984314,8.676849310025741,8.1,-3.0061664953751173,-3.0833611460553194,-2.846863757234422,52.379999822175314,66.64306192807712,23.85387561037172,40.88050314465408,46.470588235294116,62.67605633802818,1.2064343163538855,9.261939218523873,55.415162454873645,-0.052757606254694264,0.1686085443647231,7.5242361912818785,7.555782857209546,7.783999999999999,7.664,7.3265,7.281999999999999,7.4455,7.935,0.17999999999999972,0.049999999999999815,0.1299999999999999,0.05483264973150703,7.293499999999999,8.097745609251302,6.489254390748696,80.0391389432488,39098242,0.14723826271046436,0.3791644154937194,2.0236382660767323,1.0937500000000002,1.0458015267175578,66.66666666666666,8.06,62.42416639992964,73.77459298102801,7.293499999999999,7.627999999999999,7.808,7.31,0,0,1,1,0,0,0,0,0,1.0,0,0.0,0,0,0.0,0,1,0,0,0.0
20151023,4660,000415XSHE20151023,20200210004725,0,491703,7.86,380927360.0,000415.XSHE,7.56,1500,7.76,7.64,311553.6875,354860.6875,2.7814569536000002,7.55,3.0,7.676909083087215,7.6610076287330715,7.5618453658845075,7.523433490791974,7.676200308262169,7.5514559067586875,7.580368279422693,7.876835390364794,7.535267898495453,8.012759638616687,8.769266216195184,7.617154395908642,7.524128148488437,7.755959889273025,8.915941141555727,7.9072163555798305,7.845669027785901,7.74985199294309,7.988638685951217,9.1834193758024,7.446601810594598,7.388639764031383,7.298404304033784,7.523281092594835,8.648462907309055,7.92,0.5702436495593635,-0.13384124369402645,-42.841052832215475,52.97555543700578,62.087226431053345,34.75221344891063,28.387096774193534,38.51351351351351,60.59479553903346,1.1734028683181206,13.616398243045385,63.19845857418112,-0.03310594459086403,0.15721329331064182,7.541700177112851,7.587200879177308,7.715999999999998,7.702999999999999,7.3695,7.313333333333333,7.416749999999999,7.912999999999999,0.1200000000000001,0.10000000000000052,0.08000000000000007,0.05327122070046729,7.3265,8.126886781500044,6.526113218499956,70.37037037037068,39589945,0.07282083441155582,0.1100295485610101,2.5047205880600454,1.0936254980079685,1.0729783037475351,66.66666666666666,7.37,52.379999822175314,66.64306192807712,7.3265,7.664,7.783999999999999,7.55,0,0,1,1,0,0,0,0,0,1.0,0,0.0,1,0,0.0,0,1,0,0,1.0
20151026,4661,000415XSHE20151026,20200210004725,0,725383,8.13,579544768.0,000415.XSHE,7.89,1500,8.0,7.89,311553.6875,354860.6875,3.0927835052,7.76,4.0,7.7846060553914755,7.745755721549803,7.620265983766574,7.566757718901795,7.838100154131085,7.607523918413852,7.607441293653487,7.882190373392412,7.5710165216881125,8.01225926063172,8.749022368400574,7.6867626875616155,7.569449277203822,7.767864284918243,8.893325310900028,8.018144237053221,7.917365568188464,7.796532755519937,8.000900213465789,9.160125070227032,7.551067873729732,7.4561598069347665,7.342365798887707,7.534828356370696,8.626525551573028,8.04,3.46611484738749,3.0768437870432215,-72.77876753003524,61.70592584689275,61.96012623633314,61.197525068012,13.79310344827582,52.5974025974026,61.45454545454546,-1.2345679012345634,11.26564673157162,60.3734439834025,-0.01147273085560637,0.1730657098820613,7.575648312141528,7.650708436226952,7.731999999999998,7.742000000000001,7.415000000000001,7.343333333333333,7.394,7.8915,0.11000000000000032,0.13000000000000078,0.0,0.04970091846656455,7.3695,8.203897986574754,6.535102013425249,127.19033232628477,40315328,0.3033872517651334,0.18810404308834466,2.616346829901924,1.1475409836065578,1.2063157894736851,66.66666666666666,7.64,52.97555543700578,62.087226431053345,7.3695,7.702999999999999,7.715999999999998,7.76,0,0,1,1,0,0,0,0,0,1.0,0,0.0,1,0,0.0,0,1,0,0,1.0
20151027,4662,000415XSHE20151027,20200210004725,0,452494,7.98,354519104.0,000415.XSHE,7.63,1500,7.96,7.91,311553.6875,354860.6875,-0.5,8.0,4.0,7.843070703594317,7.799316791162353,7.665563852597697,7.6025070171834495,7.899050077065543,7.65158342861212,7.6301870166435855,7.885573400636218,7.600938327712103,8.010209877861849,8.728258621863716,7.736442198914047,7.6066445841367925,7.77723675882467,8.87028024149509,8.078362824702147,7.968535464881469,7.8348439216608945,8.010553861589411,9.136388648739944,7.607778582486487,7.504348932946629,7.378445246612687,7.543919656059929,8.604171834250236,7.31,3.1622602384655347,2.7759845061329758,-31.056274450797297,66.13728389792851,63.352512123531596,71.70682744672234,19.67213114754095,47.260273972602775,56.862745098039206,0.5050505050505055,8.005427408412483,61.26315789473685,0.009656404553924457,0.16903308327624658,7.604118807538452,7.6982917537305,7.715999999999998,7.776999999999999,7.447500000000002,7.3583333333333325,7.377750000000002,7.873833333333333,0.049999999999999815,0.020000000000000462,0.28000000000000025,0.05015572205084602,7.415000000000001,8.2805605120383,6.549439487961704,81.25000000000031,39862834,0.4644709865044534,0.38392911913479344,2.5947002498579903,1.2733485193621872,1.2942528735632193,66.66666666666666,7.89,61.70592584689275,61.96012623633314,7.415000000000001,7.742000000000001,7.731999999999998,8.0,0,0,1,1,0,0,0,0,0,1.0,0,0.0,1,0,0.0,0,1,0,0,1.0
20151028,4663,000415XSHE20151028,20200210004725,0,389541,8.03,306779328.0,000415.XSHE,7.71,1500,7.74,7.96,311553.6875,354860.6875,-2.7638190955,7.96,4.0,7.808713802396213,7.784487593371763,7.675488672251338,7.615006379257681,7.819525038532772,7.662635500035607,7.637271725247223,7.8792441223476875,7.6116353794265565,7.999613412063344,8.702251816025196,7.737089071838768,7.619345099933287,7.7754203315649315,8.842372087384101,8.042975216468099,7.9692017439939296,7.847925452931286,8.008682941511879,9.107643250005623,7.574452388324325,7.504976399683603,7.390764746935289,7.542157721617983,8.577100924762577,7.55,-0.7946680338374698,0.308441979212549,-18.275801647100035,61.45263370973014,62.71921931893111,58.91946249132818,41.81818181818175,72.63157894736845,52.346570397111904,-3.7313432835820763,1.7082785808147158,58.467741935483865,0.02582998883286151,0.1293886742314964,7.6141840810541215,7.704708407002731,7.8020000000000005,7.804999999999998,7.4845000000000015,7.358,7.3775,7.867499999999999,-0.21999999999999972,0.0699999999999994,0.03000000000000025,0.04959839996786772,7.447500000000002,8.296487043481822,6.5985129565181815,176.65198237885485,39473293,0.34053735831375065,0.402504172409102,1.838843179799333,1.3149038461538465,1.4441624365482244,50.0,7.91,66.13728389792851,63.352512123531596,7.447500000000002,7.776999999999999,7.715999999999998,7.96,0,0,1,1,0,0,0,0,0,1.0,0,0.0,1,0,0.0,1,1,0,0,1.0
20151029,4664,000415XSHE20151029,20200210004725,0,473736,8.02,375116800.0,000415.XSHE,7.81,1500,7.88,7.83,311553.6875,354860.6875,1.8087855297,7.74,4.0,7.832475868264141,7.808365695028822,7.7027568492844924,7.639096708416075,7.849762519266387,7.689806062531155,7.65293161394095,7.879276986593442,7.632278811778359,7.994922690021645,8.680613610340322,7.763072876958993,7.644169376130117,7.7805217788056655,8.81860981362153,8.067450144312065,7.995965063267763,7.8734944574140195,8.013937432169836,9.083168108030176,7.597501592216218,7.530180690650222,7.414844294846214,7.547106125441497,8.554051519212884,7.76,0.1525165226232787,2.596151342343032,-25.39247065996036,63.19064469537565,62.87636111107929,63.819211863968384,33.3333333333333,69.41176470588236,57.60869565217392,7.797537619699045,3.5479632063074837,58.04480651731161,0.04022443011883719,0.11515553028780548,7.633874149124186,7.731676344386925,7.867999999999999,7.825999999999999,7.526000000000002,7.360666666666668,7.4,7.862999999999999,0.049999999999999815,0.13999999999999968,0.020000000000000462,0.047960897403323946,7.4845000000000015,8.32558025776379,6.643419742236214,354.40000000000055,39947029,0.2935624108124147,0.3170498845630827,1.821927742424022,1.2139423076923073,1.3737113402061858,66.66666666666666,7.96,61.45263370973014,62.71921931893111,7.4845000000000015,7.804999999999998,7.8020000000000005,7.74,0,0,1,1,0,0,0,0,0,1.0,0,0.0,1,0,0.0,0,1,0,0,1.0
20151030,4665,000415XSHE20151030,20200210004725,0,496299,8.08,395353952.0,000415.XSHE,7.82,1500,7.9,7.89,311553.6875,354860.6875,0.2538071066,7.88,4.0,7.8549839121760945,7.831274271271617,7.729055936046561,7.662815189469158,7.874881259633192,7.716080304714762,7.668871509815728,7.880177987176333,7.652872749333871,7.991200231589423,8.660071146910312,7.787968717511902,7.6685341974510575,7.786349984717583,8.795928089828402,8.090633429541379,8.021607779037259,7.8985902233745895,8.019940484259111,9.059805932523256,7.619334394810813,7.554329655986544,7.438478171527526,7.5527594851760576,8.532050247133553,8.0,0.05065856129685359,3.20321889533363,-28.529839883551478,66.84619758717926,64.19963993644595,72.13931288864589,31.249999999999925,60.606060606060645,54.474708171206224,4.63576158940398,5.8981233243967885,56.263269639065825,0.05297656735293645,0.10201709787279407,7.653587175114987,7.757572291404323,7.896000000000001,7.806,7.586000000000001,7.366666666666666,7.41525,7.852999999999999,0.010000000000000677,0.17999999999999972,0.0699999999999994,0.04470882676728705,7.526000000000002,8.290549540579287,6.761450459420713,196.7741935483874,40443328,0.2770868449311254,0.28532462787177004,2.522235811348438,1.2197530864197532,1.4037433155080221,66.66666666666666,7.83,63.19064469537565,62.87636111107929,7.526000000000002,7.825999999999999,7.867999999999999,7.88,0,0,1,1,0,0,0,0,0,1.0,0,0.0,1,0,0.0,0,1,0,0,1.0
20151102,4666,000415XSHE20151102,20200210033915,1,0,7.9,0.0,000415.XSHE,7.9,1500,7.9,7.9,,,0.0,7.9,,7.869989274784062,7.848455703453713,7.75184847790702,7.684377444971963,7.887440629816598,7.739070266625416,7.683783025311488,7.881039813820842,7.67188253784665,7.987623751919251,8.640069274623198,7.8083380416006465,7.690578559598577,7.791893887902093,8.773806408598073,8.106088953027584,8.042588182848666,7.921295916386535,8.025650704539155,9.037020600856016,7.6338895965405404,7.5740879003526285,7.45986120281062,7.558137071265029,8.510592216340129,7.96,0.30472320975115424,3.6364590439208766,-20.31544127053748,69.28323284838167,65.89417090709121,76.06135673096264,31.249999999999925,38.095238095238145,45.32710280373835,1.804123711340213,2.998696219035208,60.22727272727273,0.06391010780526199,0.08746832361860417,7.6718399769583225,7.779484246572887,7.875999999999999,7.803999999999999,7.6355,7.398333333333333,7.4125,7.847999999999999,0.0,0.0,0.0,0.03927953383799413,7.586000000000001,8.295266522542832,6.8767334774571705,76.74418604651144,40443328,0.2550221554411291,0.26605450018612725,2.280301595825586,1.2410256410256413,1.3879781420765034,50.0,7.89,66.84619758717926,64.19963993644595,7.586000000000001,7.806,7.896000000000001,7.9,0,0,1,1,0,0,0,0,0,1.0,0,0.0,1,0,0.0,0,1,0,0,1.0
20151103,4667,000415XSHE20151103,20200210033915,1,0,7.9,0.0,000415.XSHE,7.9,1500,7.9,7.9,,,0.0,7.9,,7.879992849856043,7.861341777590286,7.771602014186084,7.703979495429058,7.893720314908299,7.7591864832972375,7.697732507549458,7.881864169741674,7.689430034935371,7.984187526353789,8.62059376739627,7.82500385221871,7.710523458684428,7.797167356784918,8.752230941719107,8.116392635351723,8.059753967785271,7.94183916244496,8.031082377488465,9.01479786997068,7.643593064360361,7.590253736652149,7.479207754923895,7.563252336081369,8.489664013467534,7.74,0.4577822990844415,4.062384741029568,-16.673660651839413,70.90792302251661,67.565421612233,77.59292584308383,31.249999999999925,42.10526315789478,49.489795918367356,-1.2499999999999956,-2.469135802469127,59.77011494252874,0.07298496870614264,0.07259888720704519,7.688740719405855,7.798025131715519,7.864,7.790000000000001,7.685,7.448666666666668,7.40275,7.836999999999999,0.0,0.0,0.0,0.0367919716489394,7.6355,8.269518927162274,7.001481072837727,192.59259259259272,40443328,0.223093229973865,0.23905769270749705,1.82772626671178,1.223404255319149,1.409221902017292,33.33333333333333,7.9,69.28323284838167,65.89417090709121,7.6355,7.803999999999999,7.875999999999999,7.9,0,0,1,1,0,0,0,0,0,1.0,0,0.0,1,0,0.0,0,1,0,0,1.0
20151104,4668,000415XSHE20151104,20200210033915,1,0,7.9,0.0,000415.XSHE,7.9,1500,7.9,7.9,,,0.0,7.9,,7.886661899904027,7.871006333192715,7.7887217456279405,7.721799541299144,7.896860157454149,7.776788172885082,7.710782023191428,7.882652684100733,7.705627724555726,7.980886054732072,8.601630773517421,7.838639515451673,7.728568843571625,7.802183583283213,8.7311882024174,8.123261756901151,8.073798700915223,7.960425908878774,8.03624909078171,8.993123848489923,7.6500620429069075,7.6034803299881215,7.496711778264476,7.568118075784718,8.469252556344877,7.88,0.0506585612968761,4.59974048671981,-13.136812286991464,67.15498961735025,67.42861094727208,66.6077469575066,31.249999999999925,100.0,46.195652173913075,-0.7537688442211007,-0.2525252525252471,65.0,0.08025277856184078,0.05814247884558507,7.704389555005423,7.813713572990055,7.895999999999999,7.849000000000001,7.7385,7.478666666666667,7.407999999999999,7.8251666666666635,0.0,0.0,0.0,0.026121657011456502,7.685,8.188558338229049,7.181441661770951,382.05128205128113,40443328,0.18596317458264,0.2045282022782525,3.1146227949610186,1.146341463414634,1.3225806451612911,33.33333333333333,7.9,70.90792302251661,67.565421612233,7.685,7.790000000000001,7.864,7.9,0,0,1,1,0,0,0,0,0,1.0,0,0.0,1,1,0.0,0,1,0,0,2.0
20151105,4669,000415XSHE20151105,20200210033915,1,0,7.9,0.0,000415.XSHE,7.9,1500,7.9,7.9,,,0.0,7.9,,7.891107933269353,7.878254749894536,7.803558846210881,7.7379995829992225,7.898430078727075,7.792189651274447,7.7229896345984335,7.883406915226788,7.72057943805144,7.977714052585718,8.583166805793278,7.849795967187731,7.744895620374327,7.806955115805986,8.710665036925613,8.127841171267432,8.085289846203361,7.977242488985557,8.041163769280164,8.97198498803338,7.654374695271271,7.614302088172098,7.512548751763099,7.572746462331805,8.449345085817843,7.9,0.0,4.869112727658915,-17.726334094119803,62.7699930782335,65.87573832425922,56.55850258618207,31.249999999999925,100.0,76.5765765765766,2.0671834625323013,-1.7412935323382936,63.06068601583114,0.08582406091288225,0.044570258808331764,7.718879217597612,7.826988407914661,7.9,7.884000000000002,7.774000000000001,7.512333333333333,7.4325,7.805833333333331,0.0,0.0,0.0,0.021353445090926702,7.7385,8.178472726427445,7.298527273572555,153.65853658536557,40443328,0.14887485885551002,0.16741901671907503,2.6793984185520823,1.1867816091954024,1.4950819672131153,33.33333333333333,7.9,67.15498961735025,67.42861094727208,7.7385,7.849000000000001,7.895999999999999,7.9,0,0,1,1,0,0,0,0,0,1.0,0,0.0,1,0,1.0,0,1,0,0,2.0
20151106,4670,000415XSHE20151106,20200210033915,1,0,7.9,0.0,000415.XSHE,7.9,1500,7.9,7.9,,,0.0,7.9,,7.894071955512903,7.883691062420901,7.816417666716096,7.752726893635659,7.899215039363537,7.805665944865142,7.734409658172728,7.884128353695187,7.734381019739791,7.974666442680395,8.565188731956612,7.858923973153597,7.759667466052963,7.8114938906447176,8.69064861626078,8.13089411417829,8.094691692348206,7.992457490034552,8.045838707364059,8.951368074748602,7.6572497968475135,7.6231562539589905,7.526877442071376,7.577149073925375,8.429929157772957,7.9,0.0,5.15107147610811,-24.17514646931808,61.846662052155686,64.53271290022471,56.474560356017655,25.842696629213513,,70.11494252873565,0.25380710659899064,8.071135430916563,63.06068601583114,0.0898443264690123,0.03216212444904043,7.732295571849643,7.8382209605431745,7.9,7.8980000000000015,7.800500000000001,7.545666666666667,7.4595,7.791666666666665,0.0,0.0,0.0,0.01748746570948339,7.774000000000001,8.175620467605924,7.372379532394077,-100.0,40443328,0.11532724547120625,0.13210105216335816,7.80195152756706,1.180232558139535,1.4834437086092722,16.666666666666664,7.9,62.7699930782335,65.87573832425922,7.774000000000001,7.884000000000002,7.9,7.9,0,0,1,1,0,0,0,0,0,1.0,0,0.0,1,0,0.0,0,1,0,0,1.0
20151109,4671,000415XSHE20151109,20200210004725,0,30591,8.69,26584414.0,000415.XSHE,8.69,1500,8.69,8.69,311553.6875,354860.6875,10.0,7.9,4.0,8.159381303675268,8.085268296815673,7.932895311153951,7.837933539668782,8.294607519681769,7.916207701756997,7.7960606479680346,7.919166251360616,7.807890172067498,8.00271873904587,8.568473239010384,8.010028705307489,7.848270564524109,7.854347847198633,8.690632601044465,8.404162742785529,8.250329566466714,8.083718681459835,8.089978282614592,8.951351579075801,7.91459986456501,7.769727844148264,7.612822447588386,7.618717411782674,8.42991362301313,7.9,7.843137254901958,15.733958394374476,-300.1850079744817,74.5644413681038,67.87662238951772,87.94007932527592,0.0,100.0,82.0689655172414,9.999999999999988,15.099337748344364,70.66666666666667,0.10508091099298156,0.12189267619175405,7.803236640601519,7.969263889690378,8.058,7.967,7.8545,7.599000000000001,7.499250000000001,7.7955,0.0,0.0,0.0,0.014487465709483381,7.800500000000001,8.348787333430202,7.2522126665698,-100.0,40473919,0.7289288856149122,0.4221280655430593,6.557982049543457,1.3344481605351168,3.034682080924855,16.666666666666664,7.9,61.846662052155686,64.53271290022471,7.800500000000001,7.8980000000000015,7.9,7.9,1,0,1,1,0,0,0,0,0,2.0,0,0.0,1,0,0.0,0,1,0,0,1.0
20151110,4672,000415XSHE20151110,20200210004725,0,1622688,9.56,1520248320.0,000415.XSHE,9.16,1500,9.29,9.56,311553.6875,354860.6875,6.9044879171,8.69,4.0,8.536254202450179,8.386451222611756,8.113842603000089,7.969939581517074,8.792303759840884,8.087931739037371,7.892443831970098,7.978767718692762,7.921898620369999,8.053200357122504,8.587460785352215,8.242750758887945,7.985578129807529,7.924379659530406,8.705431796080404,8.792341828523684,8.490033281654584,8.225145473701755,8.162111049316321,8.966594749962816,8.280166576376674,7.995468236121307,7.7460107859133025,7.686648269744494,8.444268842197992,7.9,11.444337811900176,23.50110340060091,-336.51743883394107,77.90010376921205,71.21778284941584,91.26474560880443,11.637931034482815,100.0,85.63535911602209,17.594936708860747,19.716494845360817,72.1518987341772,0.13588208893258946,0.2464094235168631,7.913367259816222,8.172454060507242,8.336,8.1,7.9385,7.665000000000001,7.54375,7.804166666666666,-0.2700000000000013,0.0,0.129999999999999,0.01439618584406371,7.8545,8.674604261664332,7.034395738335668,-131.74603174603178,42096607,1.6949378922244491,1.2119333889196808,1.066920523031904,1.1987577639751552,5.051282051282053,33.33333333333333,8.69,74.5644413681038,67.87662238951772,7.8545,7.967,8.058,8.69,1,0,1,1,0,0,0,0,0,2.0,0,0.0,1,1,0.0,1,1,0,0,2.0
20151111,4673,000415XSHE20151111,20200210004725,0,1266924,9.77,1205383296.0,000415.XSHE,9.13,1500,9.6,9.14,311553.6875,354860.6875,3.3369214208999995,9.29,4.0,8.890836134966785,8.689838416958818,8.311996922600077,8.118126892288247,9.196151879920443,8.2769402716577,8.002608746036541,8.049256078749597,8.050983341879999,8.11385916664711,8.614106554158738,8.489523348181047,8.139332593635382,8.006117237114289,8.727519899880889,9.157561219015786,8.744209048626479,8.383512571444442,8.246300754227718,8.989345496877316,8.624111050917781,8.234837647735615,7.895152615826321,7.765933720000861,8.465694302884463,7.9,10.650069156293217,26.997565879987345,-250.41085419453483,82.36075294015845,74.9321062129967,97.21804639448193,7.692307692307688,100.0,89.42307692307693,21.518987341772146,20.0,72.89527720739221,0.17946037002378049,0.34862624872952835,8.038303018348351,8.392076512736896,8.676,8.285999999999998,8.0455,7.751666666666668,7.589999999999999,7.811166666666668,0.4599999999999991,0.16999999999999993,0.009999999999999787,0.01692848558566577,7.9385,9.002971230235932,6.8740287697640685,-197.65258215962425,40829683,2.501723528234937,2.098330710229693,1.3340151993231155,1.3291536050156736,5.943925233644869,50.0,9.56,77.90010376921205,71.21778284941584,7.9385,8.1,8.336,9.29,1,0,1,1,0,0,0,0,0,2.0,0,0.0,1,1,0.0,0,1,0,0,2.0
20151112,4674,000415XSHE20151112,20200210004725,0,676348,9.7,637102592.0,000415.XSHE,9.3,1500,9.34,9.62,311553.6875,354860.6875,-2.7083333332999997,9.6,4.0,9.04055742331119,8.852378812719113,8.449063999586734,8.229206265716588,9.268075939960221,8.409822737700487,8.088892052743862,8.105375379673529,8.150138469427691,8.161943120896241,8.633209013259824,8.644155466693583,8.253681870432013,8.071184688962372,8.742642865315927,9.311774146010526,8.90348013069439,8.501292326544974,8.313320229631243,9.004922151275405,8.769340700611854,8.384830802692775,8.006071414319052,7.8290491482935005,8.48036357935645,7.9,4.194556001784932,22.791333613798948,-182.58508859913087,80.57561782463327,76.8132767502089,88.10029997348202,20.093457943925227,86.73469387755102,87.73584905660377,18.227848101265813,17.336683417085432,67.68916155419224,0.2242054716997332,0.3579608134076221,8.134725016989215,8.53791089539276,8.963999999999997,8.431999999999999,8.129,7.827999999999999,7.6285,7.805833333333334,-0.27999999999999936,0.08000000000000007,0.03999999999999915,0.01854616621262909,8.0455,9.233841701700317,6.857158298299687,-271.4285714285708,40153335,2.585841519931752,2.5437825240833445,0.8329736331872157,1.2746268656716422,5.297520661157037,50.0,9.14,82.36075294015845,74.9321062129967,8.0455,8.285999999999998,8.676,9.6,1,0,1,1,0,0,0,0,0,2.0,0,0.0,1,1,0.0,1,1,0,0,2.0
20151113,4675,000415XSHE20151113,20200210004725,0,693353,9.67,658560192.0,000415.XSHE,9.33,1500,9.41,9.33,311553.6875,354860.6875,0.7494646681,9.34,4.0,9.163704948874127,8.991784109539337,8.577188799641839,8.336551150651442,9.339037969980113,8.534844895487927,8.17412482353458,8.16209818925294,8.247050894856331,8.21088652791992,8.653650881331936,8.783399927294749,8.363807406581344,8.136492752915428,8.759120819258746,9.43861609734035,9.046901925113593,8.614721628778785,8.380587535502892,9.021894443836509,8.888793800407901,8.519897929475906,8.112893184383903,7.892397970327965,8.496347194680983,8.69,1.5540686380315143,23.025834117770128,-152.5120407403404,80.63329958362361,78.08661769468047,85.72666336150988,16.822429906542034,87.19211822660101,87.31707317073172,19.113924050632907,21.576227390180875,68.14516129032259,0.2679421012402164,0.34989303632386537,8.229189830545572,8.672078449947719,9.266,8.583000000000002,8.1945,7.918333333333334,7.67075,7.8095,0.08000000000000007,0.2599999999999998,0.0,0.01886820444289853,8.129,9.441638183202057,6.816361816797942,-337.33333333333246,40846688,2.3628881282878136,2.474364824109782,1.272768183814635,1.350769230769231,4.576642335766434,66.66666666666666,9.62,80.57561782463327,76.8132767502089,8.129,8.431999999999999,8.963999999999997,9.34,1,0,1,1,0,0,0,0,0,2.0,0,0.0,1,1,0.0,0,1,0,0,2.0
20151116,4676,000415XSHE20151116,20200210004725,0,472294,9.49,437170016.0,000415.XSHE,9.11,1500,9.44,9.27,311553.6875,354860.6875,0.3188097768,9.41,4.0,9.255803299249417,9.103838082154502,8.692230293022925,8.436864682410404,9.389518984990056,8.647989283551937,8.255794189758156,8.21765913754629,8.338816210636612,8.259087056236785,8.674344279191622,8.902781758695703,8.466301939287883,8.200078472285409,8.775932650881987,9.5334773982269,9.169865211456576,8.720290997466519,8.446080826453969,9.039210630408446,8.978129200271932,8.635698305934831,8.212312881109247,7.954076118116844,8.512654671355525,9.29,0.2548853016142644,22.958293172167693,-109.070673344463,81.20651344790595,79.12658294575563,85.36637445220654,16.01941747572816,79.52755905511812,87.37864077669903,19.493670886075932,19.79695431472081,70.45454545454545,0.3086218318224649,0.3254378446579884,8.31887947272738,8.790220226878839,9.416,8.736999999999998,8.270499999999998,8.002666666666666,7.733,7.808499999999999,0.16999999999999993,0.05000000000000071,0.16000000000000014,0.022893628171712102,8.1945,9.606979734367897,6.782020265632105,461.03896103896346,40374394,2.0196887152998038,2.1912884217938084,1.2721451097217489,1.2544378698224856,3.8227848101265898,83.33333333333334,9.33,80.63329958362361,78.08661769468047,8.1945,8.583000000000002,9.266,9.41,1,0,1,1,0,0,0,0,0,2.0,0,0.0,1,1,0.0,0,1,0,0,2.0
20151117,4677,000415XSHE20151117,20200210004725,0,639465,9.68,608888512.0,000415.XSHE,9.34,1500,9.38,9.44,311553.6875,354860.6875,-0.6355932203,9.44,4.0,9.29720219949961,9.172878561615876,8.783932920619867,8.522604256736727,9.384759492495029,8.739490623107944,8.328323596870533,8.268195696783406,8.418907271356874,8.30304442658044,8.692914166581316,8.989548711660122,8.553320802212845,8.257635619978801,8.790847894070085,9.5761182654846,9.259235173009927,8.80992042627923,8.505364688578165,9.054573330892188,9.01828613351462,8.719862250310317,8.296721178146461,8.009906551379437,8.527122457247982,9.6,-0.5723977104091612,21.83083956774733,-99.25187032418958,80.51913730751664,79.5907677330093,82.37587645653133,19.897959183673407,56.164383561643966,84.90566037735856,7.940161104718082,18.734177215189877,68.23027718550108,0.3435923821227112,0.27976440240197,8.397480993266091,8.880955576589788,9.434,8.885,8.3375,8.084999999999999,7.807749999999999,7.807166666666666,-0.05999999999999873,0.2400000000000002,0.040000000000000924,0.026518361647191846,8.270499999999998,9.758019747768074,6.782980252231924,137.28813559322063,41013859,1.5978317873278678,1.8087602513138357,0.8287187353631166,1.1436781609195408,3.5766871165644245,66.66666666666666,9.27,81.20651344790595,79.12658294575563,8.270499999999998,8.736999999999998,9.416,9.44,1,0,1,1,0,0,0,0,0,2.0,0,0.0,1,1,0.0,1,1,0,0,2.0
20151118,4678,000415XSHE20151118,20200210004725,0,495759,9.4,455167008.0,000415.XSHE,9.01,1500,9.05,9.3,311553.6875,354860.6875,-3.5181236674000003,9.38,1.0,9.214801466333073,9.142158921211907,8.819408531203885,8.570549324306116,9.217379746247516,8.778304295219451,8.37488336481437,8.302187188227608,8.467452865867884,8.332336802008658,8.702311162197597,9.000539854994646,8.600623582954476,8.296287540955445,8.797246711500453,9.491245510323065,9.270556050644485,8.858642290443113,8.545176167184108,9.061164112845468,8.938357422343083,8.730523659344806,8.342604875465844,8.047398914726783,8.533329310155441,9.34,-2.938652938652948,17.130875957755254,-50.45549838002681,74.17853360608063,77.78668969069975,66.9622214368424,36.923076923076884,13.333333333333313,73.46938775510206,-2.5834230355220495,14.55696202531646,60.34858387799567,0.367103240989159,0.18808687093158227,8.44581573450564,8.90696241096059,9.324000000000002,8.999999999999998,8.4245,8.158999999999999,7.859,7.793833333333334,-0.25,0.09999999999999963,0.040000000000000924,0.030827753912385226,8.3375,9.777228793905296,6.8977712060947045,64.44444444444441,40518100,0.97281213024177,1.2853219587848188,0.7096179493270944,1.0295698924731185,2.994708994708999,50.0,9.44,80.51913730751664,79.5907677330093,8.3375,8.885,9.434,9.38,0,0,1,1,0,0,0,0,0,1.0,0,0.0,1,1,0.0,1,1,0,0,2.0
20151119,4679,000415XSHE20151119,20200210004725,0,350180,9.18,316594240.0,000415.XSHE,8.9,1500,9.15,9.06,311553.6875,354860.6875,1.1049723756999998,9.05,2.0,9.193200977555382,9.144119190908931,8.863487393710033,8.623226658460105,9.183689873123758,8.82476625831702,8.424890889665056,8.339048614826407,8.519956491570357,8.3644020254593,8.714092447402924,9.0277144268138,8.652945146482622,8.337932051152741,8.805956669241182,9.468997006882043,9.298545859618214,8.912533500877101,8.588070012687322,9.070135369318418,8.917404948228723,8.756882994009386,8.393356792088143,8.087794089618159,8.541777969163945,9.41,-1.4645703209131944,17.74546390425946,-32.15135337641649,63.64988660158465,73.07442199432805,44.80081581609784,33.155080213903716,33.89830508474575,74.50980392156866,-4.687499999999994,15.822784810126581,63.63636363636365,0.3829576482562629,0.12683525813683127,8.497977531949667,8.944352809274346,9.286,9.125000000000002,8.5045,8.224333333333334,7.915499999999999,7.7985,0.08999999999999986,0.029999999999999364,0.16000000000000014,0.0338878632020027,8.4245,9.83855056486676,7.010449435133242,53.43680709534379,40167920,0.5392915348605224,0.7560518325511462,0.8111324777931533,1.0720221606648197,2.9787234042553234,50.0,9.3,74.17853360608063,77.78668969069975,8.4245,8.999999999999998,9.324000000000002,9.05,0,0,1,1,0,0,0,0,0,1.0,0,0.0,1,1,0.0,0,1,0,0,2.0
20151120,4680,000415XSHE20151120,20200210004725,0,316739,9.23,288508224.0,000415.XSHE,9.04,1500,9.08,9.18,311553.6875,354860.6875,-0.7650273223999999,9.15,2.0,9.155467318370256,9.128089393181698,8.892355741215363,8.664751507691005,9.131844936561881,8.856670476027393,8.467155993557633,8.37126389244265,8.563036761449558,8.392464691127564,8.7237215935239,9.037220894665836,8.6936170372938,8.374130487681876,8.812723171235225,9.430131337921363,9.30833752150581,8.954425548412614,8.625354402312333,9.077104866372284,8.88080329881915,8.766104267825861,8.432808526174986,8.12290657305142,8.548341476098168,9.44,-1.5184381778741924,16.168982369949628,-26.51427309369994,49.32980945852769,65.15955114906126,17.670326077460576,36.89839572192511,22.033898305084648,72.51908396946567,-2.7837259100642378,14.93670886075949,61.659192825112136,0.3911923787023545,0.06587784356873283,8.541090307360802,8.965221607847523,9.22,9.243,8.570500000000001,8.281333333333334,7.9700000000000015,7.801333333333332,-0.09999999999999963,0.05000000000000071,0.040000000000000924,0.035980374215218575,8.5045,9.896440731496854,7.112559268503145,44.62242562929063,39851181,0.21618190984225727,0.3777367223513898,0.7429176077441634,0.957333333333333,2.764102564102566,50.0,9.06,63.64988660158465,73.07442199432805,8.5045,9.125000000000002,9.286,9.15,0,0,1,1,0,0,0,0,0,1.0,0,0.0,1,0,0.0,1,1,0,0,1.0
20151123,4681,000415XSHE20151123,20200210004725,0,290736,9.15,264100816.0,000415.XSHE,9.02,1500,9.05,9.1,311553.6875,354860.6875,-0.3303964758,9.08,2.0,9.12031154558017,9.108567044886275,8.913374975719982,8.699774097900914,9.090922468280938,8.880836666523969,8.504758832682947,8.400774157988621,8.600495472107282,8.41825038951472,8.732307867378534,9.039544368362957,8.727558271837248,8.4070997321852,8.81858185836522,9.393920891947575,9.310730699413844,8.989385019992365,8.659312724150757,9.083139314116178,8.846702199212766,8.768358037312067,8.465731523682129,8.154886740219643,8.554024402614264,9.38,-1.0063443447823095,15.210306548528385,-12.685686042999473,38.63366607580009,56.31758945797421,3.2658193114518634,38.5026737967914,16.949152542372875,71.69811320754721,-3.8257173219978684,14.55696202531646,73.13829787234044,0.39284932611769774,0.013255579322746236,8.578787321630372,8.978264437409443,9.142000000000001,9.279,8.623000000000003,8.329333333333334,8.019,7.803666666666666,-0.04999999999999893,0.05000000000000071,0.030000000000001137,0.037416838303616376,8.570500000000001,9.951573495509924,7.189426504490077,59.28143712574856,39560445,-0.0041997509181790375,0.10599107946203913,0.6896784483133661,0.8263157894736842,2.5050505050505065,33.33333333333333,9.18,49.32980945852769,65.15955114906126,8.570500000000001,9.243,9.22,9.08,0,0,1,0,0,0,0,0,0,1.0,0,0.0,1,0,0.0,1,1,0,0,1.0
20151124,4682,000415XSHE20151124,20200210004725,0,294071,9.11,263391088.0,000415.XSHE,8.81,1500,9.01,9.09,311553.6875,354860.6875,-0.4419889503,9.05,2.0,9.08354103038678,9.083925283664707,8.926258312290651,8.727976452637195,9.05046123414047,8.896982083208473,8.537355037025982,8.427262238076072,8.631995820406724,8.441456256592572,8.739615555079098,9.034172665024236,8.754457484043225,8.436509501346897,8.823308232232746,9.356047261298388,9.305197844974963,9.017091208564523,8.689604786387305,9.088007479199726,8.811034799475177,8.763147485073508,8.491823759521928,8.18341421630649,8.558608985265764,9.05,-0.6396118217909113,14.2646984223609,6.071220081728015,33.24641408798656,48.62719766797832,2.484846928003037,40.64171122994653,17.543859649122734,58.42105263157896,-4.555084745762708,14.050632911392395,70.50561797752809,0.38876302692306586,-0.03269039355705483,8.610729001509604,8.983146831654143,9.068,9.251,8.675500000000003,8.376000000000001,8.0615,7.810333333333332,-0.08000000000000007,0.01999999999999957,0.1999999999999993,0.03644076698470148,8.623000000000003,9.978868356441733,7.267131643558272,21.41176470588244,39854516,-0.1528825379806133,-0.07854114444939618,0.6430662442602177,0.8606557377049181,2.6031746031746037,16.666666666666664,9.1,38.63366607580009,56.31758945797421,8.623000000000003,9.279,9.142000000000001,9.05,0,0,1,0,0,0,0,0,0,1.0,0,0.0,1,0,0.0,1,1,0,0,1.0
20151125,4683,000415XSHE20151125,20200210004725,0,289251,9.15,262522144.0,000415.XSHE,8.98,1500,9.1,9.02,311553.6875,354860.6875,0.9988901220999999,9.01,2.0,9.089027353591186,9.087943962748529,8.9494238706519,8.761796775124722,9.075230617070236,8.922359322807413,8.573654712056562,8.45651170598581,8.6679961419139,8.46728150143208,8.749099356261228,9.046141271383467,8.787366295086727,8.468874891525099,8.830140127733172,9.361698174198922,9.317525509524973,9.05098728393933,8.72294113827085,9.09504433156517,8.81635653298345,8.774757033241963,8.523745306234124,8.214808644779344,8.565235923901177,9.15,0.2423441286627037,15.012259548545286,4.381600277364139,33.27538716976879,43.50992750190847,12.806306505489413,35.82887700534761,57.57575757575741,43.16546762589929,-2.985074626865684,4.7180667433832015,69.47674418604653,0.3818410104334151,-0.05537613191720592,8.646971297694078,9.00112424216889,9.078,9.201,8.743500000000001,8.430666666666667,8.113999999999999,7.832833333333333,0.08000000000000007,0.05000000000000071,0.03999999999999915,0.031642232186166686,8.675500000000003,9.971991804833339,7.3790081951666675,69.16996047430874,39565265,-0.161399343461617,-0.15714094072111515,0.7085192464792013,0.8885793871866301,2.6256684491978626,33.33333333333333,9.09,33.24641408798656,48.62719766797832,8.675500000000003,9.251,9.068,9.01,0,0,1,0,0,0,0,0,0,1.0,0,0.0,1,0,0.0,0,1,0,0,1.0
20151126,4684,000415XSHE20151126,20200210004725,0,707530,9.49,664258560.0,000415.XSHE,9.19,1500,9.38,9.2,311553.6875,354860.6875,3.0769230769,9.1,3.0,9.186018235727456,9.160957972061398,9.006834021231649,8.817997068295199,9.227615308535118,8.979564407456486,8.625676988698077,8.496663370942947,8.722765669458983,8.50307438372886,8.765702004780671,9.106842858404654,8.843807600316563,8.513320018767775,8.843716914702725,9.461598782799284,9.380048144156794,9.10912182832606,8.768719619330808,9.109028422143806,8.910437688655632,8.833637572652515,8.578493372307065,8.257920418204742,8.578405407261641,9.08,2.8057869355545835,18.07950854754653,-14.541062801932267,44.022671906282675,43.68084230336654,44.70633111211494,36.111111111111,72.54901960784309,41.91176470588239,3.6464088397790064,0.9687836383207928,69.82758620689657,0.3771014283886611,-0.03791665635803199,8.701269720087108,9.059412820296753,9.124,9.205,8.8185,8.487666666666668,8.17225,7.8728333333333325,0.1800000000000015,0.10999999999999943,0.009999999999999787,0.0305578711829844,8.743500000000001,10.004567405018463,7.482432594981537,266.38655462185,40272795,0.0700511610272245,-0.04567409121719625,1.393058466310717,1.2340425531914907,5.176470588235292,50.0,9.02,33.27538716976879,43.50992750190847,8.743500000000001,9.201,9.078,9.1,0,0,1,1,0,0,0,0,0,1.0,0,0.0,1,0,0.0,0,1,0,0,1.0
20151127,4685,000415XSHE20151127,20200210004725,0,543779,9.37,487854304.0,000415.XSHE,8.5,1500,8.56,9.37,311553.6875,354860.6875,-8.7420042644,9.38,1.0,8.977345490484971,9.01071847904605,8.947256151734091,8.794542789359273,8.893807654267556,8.927118856524427,8.621439763620781,8.499417137423691,8.710245233346754,8.505306760837533,8.760288794128549,9.007416884149263,8.816778305048318,8.515597091023006,8.836711558784136,9.24666585519952,9.27763939067374,9.081281654199767,8.771065003753696,9.101812905547662,8.708025125770423,8.737194377624785,8.552274955896868,8.260129178292315,8.571610212020612,9.05,-5.0997782705099866,7.529583197246442,53.3723450368447,31.043363191759077,39.46834926616405,14.19339104294913,95.27559055118108,29.365079365079414,29.687500000000014,-6.448087431693988,-10.833333333333325,57.042253521126774,0.3600360991780658,-0.1365226336847627,8.690805296376952,8.982580078712637,9.02,9.12,8.8515,8.503,8.21875,7.894000000000001,-0.8099999999999987,0.0,0.0600000000000005,0.037108245114077766,8.8185,10.014564797575783,7.622435202424217,60.544217687075175,39729016,-0.3071528829089982,-0.11855086094088685,0.7714729695166903,0.9129213483146079,2.7213114754098324,33.33333333333333,9.2,44.022671906282675,43.68084230336654,8.8185,9.205,9.124,9.38,0,0,0,0,0,0,0,0,0,0.0,0,0.0,1,0,0.0,1,1,0,0,1.0
20151130,4686,000415XSHE20151130,20200210004725,0,529448,9.04,462907904.0,000415.XSHE,8.33,1500,8.95,8.69,311553.6875,354860.6875,4.5560747664,8.56,2.0,8.96823032698998,8.995538859284537,8.947621998169547,8.808675263053884,8.921903827133779,8.929978999458871,8.642637198225891,8.519007696666138,8.728687907704696,8.522745711392924,8.765281194283057,8.996977450667577,8.82946608551991,8.536787476826763,8.839508804246258,9.23727723679968,9.266886774187606,9.094350068085506,8.792891101131563,9.104694068373645,8.699183417180281,8.727068127147552,8.56458210295431,8.28068385252196,8.57432354011887,9.01,-0.5555555555555635,11.866610004249669,69.33901313454082,38.51166741519569,39.14945531584127,37.236091613904534,56.94444444444449,46.91358024691354,39.73214285714283,-1.4317180616740173,-4.1755888650963655,63.6568848758465,0.3415414503140443,-0.14795719091217166,8.710004904052736,8.977567758910693,9.0,9.071000000000002,8.904,8.537333333333333,8.26975,7.909666666666667,0.2599999999999998,0.08999999999999986,0.35999999999999943,0.04101578227911895,8.8515,9.96523964641652,7.737760353583478,64.04886561954639,39199568,-0.3913243518890376,-0.349238617399018,1.1788406265488467,0.8802083333333344,2.4879227053140056,50.0,9.37,31.043363191759077,39.46834926616405,8.8515,9.12,9.02,8.56,0,0,0,0,0,0,0,0,0,0.0,0,0.0,0,0,0.0,0,0,0,0,0.0
20151201,4687,000415XSHE20151201,20200210004725,0,330448,9.09,296369728.0,000415.XSHE,8.83,1500,8.96,9.0,311553.6875,354860.6875,0.11173184359999999,8.95,2.0,8.965486884659986,8.986654144463403,8.949272398413607,8.822432057321713,8.940951913566892,8.933731624526512,8.663112217695188,8.538181275071958,8.746481145573567,8.539892938397122,8.770405373380871,8.990254277818927,8.841897886898963,8.557431990152285,8.842483895499436,9.234451491199787,9.259961906153496,9.107154823505931,8.814154949856851,9.10775841236442,8.696522278120186,8.720546649484358,8.576640950291996,8.300709030447718,8.577209378634452,9.1,-0.3337041156840666,11.276701440635884,43.65511986401785,43.77789321932588,40.692267950336145,49.949143757305386,54.014598540145904,48.427672955974884,39.18918918918922,-0.9944751381215452,-4.782146652497335,62.55813953488373,0.3225015537437352,-0.15231917256247296,8.728523059308088,8.974865026770589,8.989999999999998,9.029,8.957,8.568,8.321000000000002,7.9208333333333325,-0.03999999999999915,0.08999999999999986,0.13000000000000078,0.04029283451792492,8.904,9.918003944765502,7.889996055234497,98.70967741935509,38869120,-0.3508144769939915,-0.3710694144415145,0.8068380008636217,0.8054862842892775,2.120689655172411,66.66666666666666,8.69,38.51166741519569,39.14945531584127,8.904,9.071000000000002,9.0,8.95,0,0,1,1,0,0,0,0,0,1.0,0,0.0,0,0,1.0,1,1,0,0,1.0
20151202,4688,000415XSHE20151202,20200210004725,0,466935,9.28,419900096.0,000415.XSHE,8.73,1500,9.18,8.93,311553.6875,354860.6875,2.4553571429,8.96,3.0,9.036991256439991,9.034990608347552,8.980036078625128,8.854938233928829,9.060475956783446,8.964515171460697,8.696459816553563,8.566086437025351,8.779828749760215,8.564995176107036,8.781184179344532,9.024753500033668,8.874098088146681,8.587801161364368,8.85081762647476,9.308100994133193,9.295496105034678,9.140321030791082,8.845435196205301,9.116342155269002,8.765881518746793,8.75401089503266,8.60787514550228,8.330167126523436,8.585293097680516,9.38,1.93204530313124,13.394930579574073,19.470509383378687,53.610549502539094,44.99836180107046,70.83492490547636,37.037037037037045,52.32558139534884,45.798319327731065,1.886792452830188,-2.7542372881355908,64.22222222222223,0.3068929345481137,-0.12486895356497164,8.761965795655637,9.006424253421265,9.006,9.042000000000002,9.021,8.630333333333333,8.379750000000001,7.945666666666668,0.25,0.09999999999999963,0.1999999999999993,0.04197472765578164,8.957,9.850485310455634,8.063514689544366,93.8738738738738,39336055,-0.11918144628609435,-0.2349979616400429,0.8049970508385959,0.8931297709923672,2.412844036697244,83.33333333333334,9.0,43.77789321932588,40.692267950336145,8.957,9.029,8.989999999999998,8.96,0,0,1,1,0,0,0,0,0,1.0,0,0.0,0,0,1.0,0,0,0,0,1.0
20151203,4689,000415XSHE20151203,20200210004725,0,625916,9.58,585672704.0,000415.XSHE,9.19,1500,9.36,9.41,311553.6875,354860.6875,1.9607843137,9.18,4.0,9.14466083762666,9.116242956260665,9.030697934808444,8.900852939935296,9.210237978391724,9.013950775028109,8.739268860646881,8.600604418024249,8.824457307470967,8.596171835867546,8.79641617462494,9.085707409118458,8.920374460704139,8.625469397395374,8.863390030759335,9.419000662755463,9.35827863139201,9.187985694525263,8.884233479317235,9.129291731682114,8.870321012497861,8.813136186844902,8.652763226883014,8.366705315473514,8.597488329836553,8.56,3.976894023550329,14.917127071823204,-120.2919020715628,63.207033001692714,51.067918867944535,87.48526126918905,23.70370370370373,49.382716049382665,56.95067264573987,2.857142857142855,-0.21321961620470525,65.5982905982906,0.2964255269422134,-0.08373926084720262,8.806264625607072,9.060820522125685,9.001999999999997,9.062999999999999,9.094,8.690666666666667,8.434000000000001,7.986333333333333,-0.05000000000000071,0.16999999999999993,0.16999999999999993,0.04308128503283083,9.021,9.761713169857263,8.280286830142733,98.92665474060793,39961971,0.2082258645556304,0.044522209134768016,0.8087613651737667,0.9256410256410263,2.911458333333328,83.33333333333334,8.93,53.610549502539094,44.99836180107046,9.021,9.042000000000002,9.006,9.18,0,0,1,1,0,0,0,0,0,1.0,0,0.0,1,0,1.0,1,1,0,0,2.0
20151204,4690,000415XSHE20151204,20200210004725,0,449474,9.35,414036192.0,000415.XSHE,9.11,1500,9.28,9.23,311553.6875,354860.6875,-0.8547008547,9.36,4.0,9.189773891751107,9.157182217195498,9.063938210167317,8.935320854486635,9.24511898919586,9.047206928149595,8.774154740605146,8.63014335637102,8.859499053050127,8.622988626617838,8.809142064766387,9.121033334733283,8.95462451206565,8.657397719473646,8.87367669666651,9.46546710850364,9.39466433477528,9.223263247427619,8.917119651057858,9.139886997566506,8.914080674998575,8.847402334691283,8.68598577670368,8.397675787889439,8.607466395766515,8.95,1.465121364530927,13.272953641090727,-98.16530426884695,67.47135533446179,56.53573102345029,89.34260395648475,29.629629629629658,90.90909090909088,52.94117647058821,-1.0660980810234693,2.5414364640883833,64.49579831932772,0.2877772829492292,-0.06918595194387334,8.841356134821364,9.094540441798657,9.146,9.083,9.163,8.741333333333333,8.481750000000002,8.027333333333333,0.04999999999999893,0.07000000000000027,0.12000000000000098,0.0435749809161667,9.094,9.595402034299822,8.592597965700179,168.74999999999957,39512497,0.3700611019470397,0.28914348325133504,1.1628558068925658,0.8850000000000006,2.3660714285714257,66.66666666666666,9.41,63.207033001692714,51.067918867944535,9.094,9.062999999999999,9.001999999999997,9.36,0,0,1,1,0,0,0,0,0,1.0,0,1.0,1,0,1.0,0,1,0,0,3.0
20151207,4691,000415XSHE20151207,20200210004725,0,566858,9.34,520188704.0,000415.XSHE,9.08,1500,9.17,9.29,311553.6875,354860.6875,-1.1853448276,9.28,4.0,9.183182594500735,9.160386662896624,9.078079782145007,8.956655322260577,9.20755949459793,9.062556062130897,8.799693144437072,8.65361538435489,8.883383741277038,8.644440053024981,8.818638326219904,9.129936364781775,8.975136463297492,8.682402708767617,8.880993321440178,9.45867807233576,9.40383445572523,9.244390557196416,8.942874790030643,9.147423121083383,8.907687116665715,8.856038273838324,8.705882369398568,8.421930627504588,8.614563521796972,8.96,-0.21762785636562945,11.36479560855943,-176.9911504424815,67.38090355630784,60.15078853440281,81.84113360011794,32.80000000000001,68.3333333333334,52.0,7.126168224299057,0.2185792349726729,63.03901437371664,0.27831172231223683,-0.07572448509593899,8.865700124834596,9.106149604598864,9.19,9.095,9.187,8.780333333333333,8.520750000000001,8.061833333333334,-0.11999999999999922,0.05000000000000071,0.08999999999999986,0.04497384943409386,9.163,9.615066366809122,8.710933633190878,204.9327354260093,40079355,0.336910609089026,0.3534858555180328,0.8228395912208902,0.8212560386473436,2.1680672268907544,66.66666666666666,9.23,67.47135533446179,56.53573102345029,9.163,9.083,9.146,9.28,0,0,1,1,0,0,0,0,0,1.0,0,1.0,1,0,1.0,1,1,0,0,3.0
20151208,4692,000415XSHE20151208,20200210004725,0,431883,9.13,383888608.0,000415.XSHE,8.8,1500,8.8,9.1,311553.6875,354860.6875,-4.0348964013,9.17,1.0,9.055455063000492,9.070289997172466,9.041002477859006,8.942413929327797,9.003779747298967,9.029736554364533,8.799712941570164,8.6599799328612,8.876969607332653,8.650540443102432,8.818147843950959,9.069947934821453,8.958456800126303,8.688139161998464,8.878993486342889,9.327118714890506,9.342046372866095,9.227210504130092,8.948783336858417,9.145363290933176,8.783791411110478,8.797849496776811,8.689703096122514,8.427494987138509,8.612623681752604,9.18,-3.9091504695348376,6.485963213939997,-3193.969849245069,57.45393570420524,59.25183759100362,53.8581319306085,62.399999999999935,41.66666666666664,45.17374517374518,-1.6759776536312692,-3.0837004405286272,58.587786259542,0.26229262115156626,-0.12815280928536432,8.860833448920923,9.059049665429807,9.158,9.074,9.1625,8.808333333333334,8.5505,8.083333333333334,-0.2999999999999989,0.030000000000001137,0.0,0.045394215693805307,9.187,9.666369377411616,8.707630622588386,84.37500000000013,39647472,-0.0077876170796727425,0.16456149600467662,0.7921150335750242,0.7725225225225235,1.861818181818181,50.0,9.29,67.38090355630784,60.15078853440281,9.187,9.095,9.19,9.17,0,0,1,1,0,0,0,0,0,1.0,0,1.0,1,0,1.0,1,0,0,0,3.0
20151209,4693,000415XSHE20151209,20200210004725,0,299770,8.92,262983104.0,000415.XSHE,8.67,1500,8.81,8.78,311553.6875,354860.6875,0.1136363636,8.8,2.0,8.973636708666994,9.005217497879352,9.010202147477807,8.930376299388907,8.906889873649483,9.002269485068968,8.800376622759186,8.66650254447593,8.871818099076295,8.6567937590592,8.817933427004881,9.022684673944823,8.944318057257131,8.694083593120489,8.877289943470226,9.242845809927003,9.29336521416317,9.212647598974844,8.954906100914101,9.143608641774332,8.704427607406984,8.75200413372648,8.675988515539418,8.433261085326874,8.610971245166121,9.36,-3.0162923822104704,6.142020674200626,-398.12206572769014,51.10262380280353,56.535432994936905,40.23700541853671,61.59999999999997,25.333333333333325,46.09375000000002,-1.6741071428571466,-2.6519337016574607,58.66666666666668,0.2425673617265823,-0.15780207539987162,8.857068008260113,9.020734332286759,9.084,9.045,9.123,8.844000000000003,8.58425,8.101,0.030000000000001137,0.10999999999999943,0.10999999999999943,0.046363768275162656,9.1625,9.620892844621293,8.704107155378706,55.968169761273444,39347702,-0.2902865214332184,-0.14903706925644558,0.98190196404883,0.7846153846153858,1.8194444444444429,50.0,9.1,57.45393570420524,59.25183759100362,9.1625,9.074,9.158,8.8,0,0,1,1,0,0,0,0,0,1.0,0,1.0,0,0,1.0,0,0,0,0,2.0
20151210,4694,000415XSHE20151210,20200210004725,0,237487,8.93,209544016.0,000415.XSHE,8.73,1500,8.78,8.81,311553.6875,354860.6875,-0.3405221339,8.81,2.0,8.90909113911133,8.948913123409517,8.979508527814097,8.91670572671719,8.843444936824742,8.974485799435348,8.799062001936012,8.671437216455239,8.86475516837812,8.661625376350996,8.816935178925803,8.97856018777304,8.928668718470737,8.698274637358514,8.8748877226438,9.176363873284672,9.247916993406232,9.19652878002486,8.95922287647927,9.141134354323112,8.64181840493799,8.709203382139847,8.660808656916616,8.437326398237758,8.608641090964486,9.28,-2.096342551293495,5.34145990305706,-192.48550560951387,46.06841586853565,53.04642728613649,32.112393033333966,64.00000000000007,1.6666666666666323,43.6,-4.357298474945537,-2.5527192008879074,51.0022271714922,0.22052169223290727,-0.17636535594940045,8.851359266907512,8.98369828116572,8.968,8.985,9.095,8.873999999999997,8.612,8.117333333333333,-0.030000000000001137,0.11999999999999922,0.04999999999999893,0.0454433783601105,9.123,9.59321271782035,8.652787282179652,15.056179775281134,39110215,-0.4639922141867359,-0.3771393678099771,1.0022062066876165,0.7969762419006491,1.8108108108108092,33.33333333333333,8.78,51.10262380280353,56.535432994936905,9.123,9.045,9.084,8.81,0,0,1,1,0,0,0,0,0,1.0,0,1.0,0,0,1.0,1,0,0,0,2.0
20151211,4695,000415XSHE20151211,20200210004725,0,283052,8.78,244270448.0,000415.XSHE,8.56,1500,8.58,8.71,311553.6875,354860.6875,-2.277904328,8.78,2.0,8.799394092740886,8.856684842557137,8.92624072410555,8.886096115197445,8.711722468412372,8.92517507450593,8.784928969553045,8.66746168530501,8.842850924656727,8.658424381199977,8.810700042638281,8.906094699087033,8.895462173854476,8.692505142853221,8.867606544306916,9.063375915523117,9.173277540059644,9.162326039070113,8.953280297138818,9.133634740636124,8.53541226995866,8.638911858114422,8.628598308638843,8.431729988567625,8.601578347977709,9.17,-2.809243316719521,2.4795757488892,-219.2237939789609,31.36587201693225,45.819575529735076,2.4584649913265797,80.0,1.3888888888888613,33.47107438016526,-8.333333333333327,-5.71428571428571,41.320293398533025,0.194483808351156,-0.2083030710540102,8.83125858046992,8.92159085329407,8.828,8.987,9.053500000000003,8.896666666666668,8.624,8.131666666666666,-0.13000000000000078,0.06999999999999851,0.01999999999999957,0.0378439295223439,9.095,9.592404262144989,8.597595737855011,15.068493150685056,39393267,-0.6664511881725573,-0.5652217011796465,0.8124588704530634,0.7866108786610885,1.6855345911949675,16.666666666666664,8.81,46.06841586853565,53.04642728613649,9.095,8.985,8.968,8.78,0,0,1,0,0,0,0,0,0,1.0,0,1.0,0,0,1.0,1,0,0,0,2.0
20151214,4696,000415XSHE20151214,20200210004725,0,268117,8.84,230644080.0,000415.XSHE,8.41,1500,8.78,8.41,311553.6875,354860.6875,2.331002331,8.58,2.0,8.79292939516059,8.83751363191785,8.906741960891477,8.87645101381586,8.745861234206185,8.90702819019269,8.784610971517363,8.672354655509139,8.838016238144672,8.663192052525467,8.809892146779378,8.883168390162119,8.884465776344527,8.696773184665261,8.865443419756126,9.056717277015409,9.149663441866982,9.150999749634863,8.957676380205216,9.131406722348812,8.529141513305774,8.616673338457256,8.61793180305419,8.435869989125301,8.599480117163443,8.8,0.34285714285713553,4.4020071820971065,-158.389141887667,31.45189188593202,41.0303476484674,12.294980360861276,64.00000000000007,25.92592592592585,56.1111111111111,-5.387931034482759,-6.396588486140739,39.69849246231155,0.1700562459832698,-0.19542049894308955,8.827461648583258,8.899807645094983,8.75,8.97,9.020500000000002,8.925999999999998,8.6455,8.162166666666666,0.3699999999999992,0.0600000000000005,0.0,0.034808462933728336,9.053500000000003,9.531138985008557,8.575861014991451,25.991189427312808,39125150,-0.6219221853989597,-0.6441866867857585,0.6669300724012501,0.8765690376569044,1.6776119402985064,33.33333333333333,8.71,31.36587201693225,45.819575529735076,9.053500000000003,8.987,8.828,8.58,0,0,1,0,0,0,0,0,0,1.0,0,1.0,0,0,1.0,0,0,0,0,2.0
20151215,4697,000415XSHE20151215,20200210004725,0,240160,8.9,212103328.0,000415.XSHE,8.71,1500,8.81,8.72,311553.6875,354860.6875,0.3416856492,8.78,2.0,8.798619596773728,8.83063522393839,8.893843032772613,8.870410012559873,8.777930617103094,8.8948996664186,8.786248973354951,8.678339235704398,8.835861142902774,8.668949226936231,8.809894985022025,8.86986504649628,8.877373797645047,8.70229644394988,8.864074446428816,9.062578184676939,9.135960997891168,9.143695011574401,8.963365337268378,9.12999667982168,8.534661008870515,8.603769095101391,8.611052583715695,8.441227550631384,8.598152213035952,8.81,0.6627056672760492,4.287506806505853,-75.2403745223993,32.36393931996609,38.141544872300294,20.80872821529768,61.59999999999997,51.06382978723401,45.13888888888893,-3.925845147219187,2.920560747663552,42.933333333333344,0.1480095750223145,-0.17637336768764245,8.826168193132649,8.88599108431114,8.752,8.955,8.992,8.956333333333333,8.664750000000002,8.202499999999999,0.08999999999999986,0.08999999999999986,0.009999999999999787,0.03406331740105443,9.020500000000002,9.476464910930655,8.564535089069347,74.91525423728801,38884990,-0.4778231295806414,-0.5498726574898005,0.9104313867421971,0.9123173277661802,1.1757719714964372,50.0,8.41,31.45189188593202,41.0303476484674,9.020500000000002,8.97,8.75,8.78,0,0,0,0,0,0,0,0,0,0.0,0,1.0,0,0,1.0,0,0,0,0,2.0
20151216,4698,000415XSHE20151216,20200210004725,0,221760,8.88,194903360.0,000415.XSHE,8.7,1500,8.71,8.83,311553.6875,354860.6875,-1.1350737798000001,8.81,2.0,8.769079731182487,8.800476417953792,8.869330628402931,8.85582728414534,8.743965308551546,8.871787208116277,8.781329684751407,8.67971579067377,8.826179516525636,8.670559061174028,8.807266169626708,8.840798674406047,8.86143343596457,8.702672227171838,8.860270139109586,9.03215212311796,9.106022634638231,9.127276439043504,8.963752393986992,9.126078243282874,8.50600733924701,8.575574714173865,8.595590432885631,8.441592060356681,8.594462034936297,8.78,-0.2519468621163564,2.646899380111749,-65.84272120748082,32.214257418984516,36.165782387861704,24.31120748123016,69.59999999999994,41.07142857142861,41.83006535947711,-1.022727272727271,-2.6815642458100384,40.740740740740755,0.1266781382356852,-0.1706514942930344,8.817563141789488,8.858915532878656,8.732000000000001,8.908000000000003,8.975000000000003,8.983333333333333,8.69975,8.231,-0.11999999999999922,0.05000000000000071,0.010000000000001565,0.03013862212429597,8.992,9.463147535279557,8.520852464720447,92.88537549407087,38663230,-0.4036604361505796,-0.4407417828656105,0.6393020845227485,0.9778761061946912,0.866388308977035,50.0,8.72,32.36393931996609,38.141544872300294,8.992,8.955,8.752,8.81,0,0,0,0,0,0,0,0,0,0.0,0,1.0,0,0,1.0,1,0,0,0,2.0
20151217,4699,000415XSHE20151217,20200210004725,0,302558,8.88,266849408.0,000415.XSHE,8.76,1500,8.82,8.8,311553.6875,354860.6875,1.2629161883,8.71,2.0,8.786053154121658,8.805357313465342,8.862753211282541,8.852570258313946,8.781982654275772,8.865313807101742,8.783824543799701,8.685815104122735,8.82570416910059,8.676419490147595,8.807601270426007,8.837017097241311,8.857487394444133,8.708395533163454,8.859275814687127,9.049634748745307,9.10212761015855,9.123212016277458,8.969647399158358,9.12505408912774,8.522471559498006,8.571906584324072,8.591762772610807,8.447143667168548,8.593497540246513,8.58,0.9153318077803212,3.545433200281773,-49.09759644170651,36.17151211444847,36.16769229672396,36.1791517498975,60.79999999999999,53.12500000000008,37.323943661971846,0.11350737797956625,-1.5625000000000062,41.96891191709845,0.10837948619161182,-0.14638921635258698,8.817743649805083,8.8529285278204,8.74,8.854,8.9585,9.014,8.7315,8.263166666666665,0.01999999999999957,0.0600000000000005,0.040000000000000924,0.027332499675316382,8.975000000000003,9.443584037286804,8.506415962713199,107.2727272727271,38965788,-0.2657073701622437,-0.3346839031564116,0.8563800932505716,0.8505494505494513,0.8384279475982521,50.0,8.83,32.214257418984516,36.165782387861704,8.975000000000003,8.908000000000003,8.732000000000001,8.71,0,0,0,0,0,0,0,0,0,0.0,0,1.0,0,0,1.0,0,0,0,0,2.0
20151218,4700,000415XSHE20151218,20200210004725,0,249840,8.87,219718352.0,000415.XSHE,8.72,1500,8.77,8.84,311553.6875,354860.6875,-0.566893424,8.82,2.0,8.780702102747771,8.796517985099008,8.850386116444867,8.845063871194496,8.775991327137886,8.853399581214024,8.782932637748111,8.689475316986965,8.821419233015929,8.680089314063377,8.806611763309531,8.824832170470163,8.84915526163993,8.7114006291067,8.85707147358374,9.044123165830204,9.08957713558427,9.114629919489127,8.972742647979901,9.122783617791253,8.517281039665338,8.560087205356059,8.58368060379073,8.4500586102335,8.591359329376228,8.78,-0.0911369332422066,2.6211092908963503,-78.29598223298895,40.78100807629894,37.70546422324895,46.9320957823989,69.23076923076927,69.38775510204076,27.13178294573643,-0.11389521640090874,-4.466230936819174,42.07792207792206,0.09189623087694067,-0.13186604251736925,8.814207083152851,8.84017029277111,8.777999999999999,8.802999999999997,8.943000000000003,9.043,8.75675,8.294333333333332,-0.07000000000000027,0.029999999999999364,0.04999999999999893,0.026456669061546846,8.9585,9.430478813083807,8.486521186916193,164.19753086419686,38715948,-0.18133028367352325,-0.2235188269178835,0.5961790678371566,0.8781609195402303,0.8652968036529666,50.0,8.8,36.17151211444847,36.16769229672396,8.9585,8.854,8.74,8.82,0,0,0,1,0,0,0,0,0,0.0,0,1.0,0,0,0.0,1,0,0,0,1.0
20151221,4701,000415XSHE20151221,20200210004725,0,459414,9.11,410509632.0,000415.XSHE,8.68,1500,9.0,8.7,311553.6875,354860.6875,2.6225769669,8.77,3.0,8.853801401831847,8.847388488824256,8.87033463425222,8.85914897381318,8.887995663568944,8.871724633562271,8.796936983699842,8.702976390161444,8.835156215091626,8.69263483115893,8.811700927432966,8.856680866748318,8.86352142719803,8.725478647199058,8.860600573001426,9.119415443886805,9.122381292750767,9.129427070013973,8.98724300661503,9.126418590191467,8.588187359776889,8.590980440745868,8.59761578438209,8.463714287783086,8.594782555811383,8.81,2.0176830650646207,4.970958034943684,9.253783266655821,55.28257681277074,43.56450175308953,78.71872693213314,49.572649572649574,71.15384615384616,40.27777777777779,4.895104895104893,-3.84615384615384,49.33333333333332,0.0808749761137131,-0.08817003810582061,8.82796952143783,8.86475947849863,8.822000000000001,8.786,8.9405,9.053333333333336,8.781749999999999,8.326166666666666,0.3000000000000007,0.10999999999999943,0.01999999999999957,0.02839911423299965,8.943000000000003,9.413211654470622,8.472788345529379,265.81196581196536,39175362,0.040454148910389516,-0.07043806738156685,1.014372036486378,0.8901601830663622,0.8520179372197294,66.66666666666666,8.84,40.78100807629894,37.70546422324895,8.943000000000003,8.802999999999997,8.777999999999999,8.77,0,0,1,1,0,0,0,0,0,1.0,0,0.0,0,0,0.0,0,0,0,0,0.0
20151222,4702,000415XSHE20151222,20200210004725,0,254215,9.03,226952832.0,000415.XSHE,8.85,1500,8.93,9.0,311553.6875,354860.6875,-0.7777777778,9.0,4.0,8.879200934554564,8.868041366618193,8.878290016351922,8.865589976193796,8.908997831784472,8.879009054366987,8.805521694428885,8.712846981893556,8.842451890853807,8.701943269152697,8.814814060921572,8.870011618248624,8.869852719845838,8.735455298555202,8.862314139100159,9.145576962591203,9.136111966796083,9.135948301441212,8.997518957511858,9.12818356327316,8.612824906517927,8.603911269701165,8.603757138250463,8.473391639598546,8.596444714927152,8.71,0.949581731856202,3.834794539661875,21.350195276176716,61.61695597041861,49.58198649219924,85.68689492685735,55.55555555555559,60.71428571428563,41.428571428571416,1.7084282460136715,-3.771551724137928,47.04301075268816,0.07255381031934648,-0.06656932635493293,8.835527334664654,8.874796481806534,8.846,8.799000000000003,8.936499999999997,9.041333333333334,8.806000000000003,8.353166666666667,-0.07000000000000027,0.029999999999999364,0.08000000000000007,0.026664791724600997,8.9405,9.409638572279023,8.471361427720977,166.66666666666623,38921147,0.16043001415751482,0.10044208153395218,0.6993107195909305,0.8486238532110094,0.8700696055684438,50.0,8.7,55.28257681277074,43.56450175308953,8.9405,8.786,8.822000000000001,9.0,0,0,1,1,0,0,0,0,0,1.0,0,0.0,1,0,0.0,1,1,0,0,1.0
20151223,4703,000415XSHE20151223,20200210004725,0,441498,9.19,398662976.0,000415.XSHE,8.91,1500,9.07,8.95,311553.6875,354860.6875,1.5677491601,8.93,4.0,8.942800623036378,8.918531024963642,8.903851347505,8.884172705630725,8.989498915892236,8.902882922571113,8.822584810917345,8.72837537398514,8.859955591557359,8.716376866440827,8.821529480371002,8.906373142203421,8.888914365574808,8.751774552284216,8.8674421850483,9.211084641727467,9.17356433646952,9.155581796542052,9.014327788852745,9.13346545059975,8.674516604345285,8.639181947937317,8.622246934607563,8.489221315715689,8.601418919496851,8.82,1.7044180309486547,5.069273898336539,117.37693511915023,69.28309885207398,56.14902394549082,95.5512486652403,29.787234042553138,79.9999999999999,61.538461538461505,2.9511918274687834,-1.0905125408942165,49.868073878627975,0.06842947066603465,-0.03299471722649458,8.85289568024505,8.904827792297837,8.918,8.825,8.935,9.023666666666664,8.839250000000002,8.387666666666666,0.12000000000000098,0.11999999999999922,0.03999999999999915,0.026914207605872518,8.936499999999997,9.403725855448943,8.469274144551052,268.2539682539683,39362645,0.307074377231028,0.2337521956942714,1.1985893529936475,0.8604651162790702,0.8912529550827405,50.0,9.0,61.61695597041861,49.58198649219924,8.936499999999997,8.799000000000003,8.846,8.93,0,0,1,1,0,0,0,0,0,1.0,0,1.0,0,0,0.0,0,1,0,0,1.0
20151224,4704,000415XSHE20151224,20200210004725,0,422671,9.27,386010528.0,000415.XSHE,9.02,1500,9.15,9.1,311553.6875,354860.6875,0.8820286659000001,9.07,4.0,9.011867082024253,8.976398268722733,8.936671167837666,8.90833882330066,9.069749457946116,8.933772557249725,8.843708371503325,8.746706879464046,8.882266699899102,8.733381695207854,8.830173441413871,8.95066893453007,8.913779664091491,8.771200183880108,8.874418921219947,9.282223094484976,9.219189002565972,9.181193054014235,9.03433618939651,9.140651488856546,8.741511069563524,8.682148866494169,8.646366274168747,8.508064178363705,8.608186353583347,8.77,1.847729296527184,5.633802816901446,203.11718299018642,74.87090311068499,62.38965033388888,99.83340866427729,20.430107526881677,78.94736842105253,63.70967741935482,5.051664753157286,3.9772727272727235,51.30208333333333,0.06827221370252337,-0.0012580557080901775,8.874903407634307,8.942546593482785,8.983999999999998,8.862,8.9235,9.017333333333333,8.871,8.422666666666666,0.05000000000000071,0.11999999999999922,0.08000000000000007,0.027368543715012773,8.935,9.36790992134623,8.502090078653769,253.42465753424736,38939974,0.4451153251816138,0.3760948512063209,1.9530470476285229,0.9217603911980448,1.010230179028131,66.66666666666666,8.95,69.28309885207398,56.14902394549082,8.935,8.825,8.918,9.07,0,0,1,1,0,0,0,0,0,1.0,0,1.0,1,0,0.0,0,1,0,0,2.0
20151225,4705,000415XSHE20151225,20200210004725,0,244196,9.24,222660848.0,000415.XSHE,9.05,1500,9.11,9.2,311553.6875,354860.6875,-0.4371584699,9.15,4.0,9.044578054682834,9.009798701542051,8.959781678792643,8.926671657546054,9.089874728973056,8.955800987593511,8.860888476567627,8.762502232530828,8.899784646060711,8.748151040493822,8.83753729821877,8.979638219160966,8.932467315130399,8.787727004178636,8.880235737979948,9.315915396323321,9.249027365735797,9.20044133458431,9.051358814303997,9.146642810119348,8.773240713042348,8.710249072586139,8.664493295676483,8.524095194053281,8.613828665840549,9.0,0.6407423773751639,4.927322568012731,224.2623910974473,74.2077207178578,66.32900712854519,89.96514789648302,18.604651162790727,80.35714285714272,63.19999999999999,3.2879818594104213,3.4052213393870474,51.30208333333333,0.06981590816044465,0.012349555663370232,8.892317970031765,8.968308656023895,9.052,8.915000000000003,8.951000000000002,9.007333333333333,8.901250000000003,8.462833333333332,-0.08999999999999986,0.040000000000000924,0.05999999999999873,0.026890061348495288,8.9235,9.329598510216426,8.517401489783575,266.89655172413853,38695778,0.4740454384983896,0.4595803818400017,1.4319667236925966,0.9044117647058838,1.0129533678756462,50.0,9.1,74.87090311068499,62.38965033388888,8.9235,8.862,8.983999999999998,9.15,0,0,1,1,0,0,0,0,0,1.0,0,0.0,1,1,0.0,1,1,0,0,2.0
20151228,4706,000415XSHE20151228,20200210004725,0,369174,9.25,333778880.0,000415.XSHE,8.83,1500,8.85,9.2,311553.6875,354860.6875,-2.8540065862,9.11,1.0,8.979718703121891,8.969849026156538,8.945144121620293,8.919701506860049,8.96993736448653,8.94257586414432,8.860185994208425,8.766306483290355,8.895955057902192,8.7521451173372,8.837865264055118,8.956067633858973,8.924613285117976,8.790764711291875,8.879489176548347,9.249110264215547,9.224749662874741,9.192351683671518,9.05448765263063,9.145873851844797,8.710327142028232,8.687385604843202,8.656874886564436,8.527041769953119,8.613104501251895,8.93,-1.9064508978053711,1.7147848473703622,112.34567901234628,59.0763335859165,63.91144928100229,49.40610219574492,48.837209302325604,37.288135593220346,60.305343511450346,0.912200684150514,0.7972665148063816,46.88279301745636,0.06803753027694437,-0.014227023068002359,8.889183305584966,8.950107324327913,9.022,8.921999999999997,8.946,8.987666666666666,8.925,8.495166666666666,-0.34999999999999964,0.05000000000000071,0.01999999999999957,0.02673832975512052,8.951000000000002,9.35948010967488,8.542519890325124,136.7713004484298,39064952,0.25218676938387313,0.36311610394113136,1.3157251375723769,0.8561484918793519,0.9851116625310165,50.0,9.2,74.2077207178578,66.32900712854519,8.951000000000002,8.915000000000003,9.052,9.11,0,0,1,1,0,0,0,0,0,1.0,0,0.0,1,1,0.0,1,1,0,0,2.0
20151229,4707,000415XSHE20151229,20200210004725,0,195369,8.93,172697024.0,000415.XSHE,8.76,1500,8.85,8.9,311553.6875,354860.6875,0.0,8.85,2.0,8.936479135414594,8.939886769617402,8.932458238737585,8.913365006236408,8.909968682243264,8.93100388112628,8.859528833291753,8.769945331842948,8.892420053448177,8.755982563716133,8.838184599211564,8.936782609520977,8.917507257963885,8.793654237570317,8.878761048732336,9.204573509477033,9.204886087806608,9.185032475702805,9.057463864697429,9.145123880194307,8.668384761352156,8.668679131235349,8.649982040224968,8.52984461044321,8.612398217270366,9.07,-1.7321785476349163,1.5257542732591591,-52.913385826774,48.988742164622295,58.937213575542295,29.091799342782288,48.837209302325604,42.30769230769232,53.153153153153156,-1.6666666666666703,3.1468531468531418,42.89544235924932,0.06411509602228191,-0.031379474037299626,8.8862808385046,8.934706197508232,9.006,8.925999999999998,8.9405,8.97,8.94875,8.5275,-0.05000000000000071,0.029999999999999364,0.08999999999999986,0.026502593528310976,8.946,9.356535016776887,8.535464983223111,103.10077519379783,38869583,0.03955012747760346,0.1458684484307383,1.390904458233467,0.8398169336384451,0.9802955665024622,33.33333333333333,9.2,59.0763335859165,63.91144928100229,8.946,8.921999999999997,9.022,8.85,0,0,1,1,0,0,0,0,0,1.0,0,0.0,0,0,0.0,1,0,0,0,0.0
20151230,4708,000415XSHE20151230,20200210004725,0,204365,9.02,182290896.0,000415.XSHE,8.83,1500,8.93,8.86,311553.6875,354860.6875,0.9039548023,8.85,2.0,8.934319423609729,8.937415077213053,8.932130473572574,8.914877278396734,8.919984341121634,8.930878395985493,8.864075360176153,8.776904230458474,8.895310818567546,8.762806776903735,8.840600793969154,8.93554940778989,8.918697042919705,8.800305250371768,8.880026208022896,9.202349006318023,9.203615890023588,9.186257954207296,9.064314407882922,9.146426994263583,8.666289840901436,8.667482925556193,8.651136131632114,8.536296092860614,8.613625421782208,9.15,-0.5346402316774342,2.0641415411342505,100.38574994327305,46.78345522839228,54.88596079315896,30.57844409885891,39.534883720930246,34.782608695652144,55.1724137931034,0.0,1.7084282460136715,56.18729096989964,0.060184651259962224,-0.03144355809855752,8.889519294911668,8.93398216712235,8.978,8.947999999999997,8.927999999999999,8.966000000000001,8.9745,8.5625,0.07000000000000027,0.08999999999999986,0.029999999999999364,0.026563662976487417,8.9405,9.336055305867587,8.544944694132413,91.37254901960732,39073948,-0.041650658149929715,-0.0010502653361631233,1.3493601398191266,0.9247572815533996,1.0651041666666663,50.0,8.9,48.988742164622295,58.937213575542295,8.9405,8.925999999999998,9.006,8.85,0,0,1,1,0,0,0,0,0,1.0,0,0.0,0,0,1.0,0,0,0,0,1.0
20151231,4709,000415XSHE20151231,20200210004725,0,305668,9.1,275770880.0,000415.XSHE,8.9,1500,9.02,8.95,311558.59375,354860.6875,1.0078387458,8.93,3.0,8.96287961573982,8.958061307909787,8.943846410429563,8.924433889451576,8.969992170560815,8.942018596487307,8.87413501435834,8.787473611742886,8.904902294062351,8.772892785652608,8.845321825706806,8.950904060919003,8.928344943594016,8.811022067426803,8.883482351034676,9.231766004212014,9.219431182746574,9.19619529190184,9.075352729449607,9.149986821565717,8.693993227267624,8.682376939091432,8.660494595286197,8.546691405404001,8.616977880503635,9.11,0.7596067917783493,2.7475281359639245,-841.3145539905838,50.3980097002841,53.38997709553401,44.41407490978432,29.069767441860485,36.17021276595739,63.47826086956514,-0.5512679162072845,2.3836549375709315,51.301115241635706,0.05775395051739793,-0.019445605940514504,8.899184532325616,8.947215679872759,8.952000000000002,8.968,8.911000000000003,8.961666666666666,9.002500000000003,8.593,0.07000000000000027,0.08000000000000007,0.04999999999999893,0.027420413659022053,8.927999999999999,9.273942191702602,8.582057808297401,87.19999999999916,39379616,0.0009308352683627645,-0.02035991144078347,1.3920487646573532,0.9273607748184034,1.0729166666666659,50.0,8.86,46.78345522839228,54.88596079315896,8.927999999999999,8.947999999999997,8.978,8.93,0,0,1,1,0,0,0,0,0,1.0,0,1.0,1,0,0.0,0,1,0,0,2.0
20160104,4710,000415XSHE20160104,20200210004725,0,292610,9.09,253814576.0,000415.XSHE,8.12,1500,8.14,9.0,311558.59375,354860.6875,-9.756097561,9.02,1.0,8.688586410493214,8.753545980932339,8.836666889038955,8.853121717683251,8.554996085280408,8.841766271926396,8.8267714650449,8.75932258514537,8.846063656057554,8.748073460725054,8.826760725030313,8.803466958933729,8.853264472775539,8.778289283649888,8.865124762120239,8.94924400280801,9.06757096770174,9.118862406958806,9.041637962159383,9.131078504983844,8.427928818178417,8.539362950165717,8.587666538592273,8.514940605140389,8.599171019256632,8.85,-7.056405572048397,-7.356824182827988,-9120.552677030144,34.178383278450305,46.98611248983944,8.562924855672051,98.26086956521729,12.977099236641227,32.29166666666669,-11.038251366120218,-6.544202066590129,38.48314606741573,0.042219162645475684,-0.12427830297537786,8.842948641042238,8.823028652200025,8.758,8.905,8.854000000000003,8.930333333333332,9.008500000000002,8.605833333333333,-0.8599999999999994,0.08999999999999986,0.02000000000000135,0.03762649929270178,8.911000000000003,9.35634930111094,8.465650698889064,37.56613756613729,39087006,-0.5736015245903268,-0.286335344660982,1.3306145991912317,0.7260000000000005,0.7867494824016557,33.33333333333333,8.95,50.3980097002841,53.38997709553401,8.911000000000003,8.968,8.952000000000002,9.02,0,0,1,0,0,0,0,0,0,1.0,0,1.0,1,0,0.0,1,1,0,0,2.0
20160105,4711,000415XSHE20160105,20200210004725,0,338617,8.39,273836896.0,000415.XSHE,7.69,1500,8.18,7.83,311558.59375,354860.6875,0.49140049140000003,8.14,2.0,8.519057606995476,8.610159485699256,8.749111303833761,8.791928834257503,8.367498042640204,8.759045487935596,8.78504427375168,8.734134646660786,8.794827990206974,8.725796070108386,8.809740705950569,8.690109330036687,8.789144046796919,8.749104440545015,8.848208101327149,8.77462933520534,8.950812609937786,9.052818368200828,9.011577573761363,9.113654344366964,8.263485878785612,8.429406050135588,8.525469725393009,8.486631307328665,8.582761858287332,8.85,-5.148423005565854,-6.939704209328758,-1085.0976112525825,33.123141594916234,42.3651221915317,14.639180401685294,68.98734177215192,19.266055045871507,34.554973821989535,-10.208562019758503,-7.256235827664405,35.20710059171597,0.019827296705941442,-0.17913492751627394,8.793841334298369,8.724101167246172,8.623999999999999,8.822999999999997,8.8045,8.901333333333334,8.99575,8.615333333333332,0.34999999999999964,0.21000000000000085,0.13999999999999968,0.041406178727637945,8.854000000000003,9.363331915355797,8.34466808464421,23.71705963938964,39425623,-1.0197548014801792,-0.7966781630352529,1.3530756121200644,0.9812646370023428,0.9227272727272724,50.0,9.0,34.178383278450305,46.98611248983944,8.854000000000003,8.905,8.758,8.14,0,0,1,0,0,0,0,0,0,1.0,0,1.0,0,0,1.0,0,0,1,0,2.0
20160106,4712,000415XSHE20160106,20200210004725,0,196026,8.3,161086528.0,000415.XSHE,8.13,1500,8.24,8.2,311558.59375,354860.6875,0.7334963325,8.18,2.0,8.42603840466365,8.517619614274443,8.681229796655924,8.741753485688639,8.303749021320101,8.694164801943646,8.749880127058024,8.712650531588581,8.752148914037205,8.706745243829625,8.794747529478187,8.608271270030018,8.736844613768639,8.7242700775916,8.83319061734376,8.678819556803559,8.86651940813092,8.998949952181697,8.985998179919347,9.098186335864073,8.17325725252374,8.350023131929117,8.47473927535558,8.462541975263854,8.568194898823448,8.93,-3.0816278522700387,-6.3167947610168556,-503.06748466257767,33.68546992403699,39.47190476903347,22.112600234044024,65.18987341772151,23.47826086956521,28.160919540229894,-6.892655367231632,-6.043329532497142,32.82208588957056,-0.004776559771917,-0.1968308518228675,8.752816050276268,8.649624064592919,8.501999999999999,8.754000000000001,8.776500000000002,8.875666666666667,8.9695,8.625833333333333,0.040000000000000924,0.0600000000000005,0.06999999999999851,0.04145360803215311,8.8045,9.370195147583926,8.238804852416077,39.5931142410016,39229597,-1.1812168884550611,-1.1004858449676205,1.7470654281170053,0.9899497487437204,0.8767772511848347,66.66666666666666,7.83,33.123141594916234,42.3651221915317,8.8045,8.822999999999997,8.623999999999999,8.18,0,0,0,0,0,0,0,0,0,0.0,0,1.0,0,0,1.0,0,0,1,0,2.0
20160107,4713,000415XSHE20160107,20200210004725,0,94592,8.18,72757632.0,000415.XSHE,7.42,1500,7.43,8.18,311558.59375,354860.6875,-9.8300970874,8.24,2.0,8.0940256031091,8.245714710705832,8.514399157101801,8.622503168807857,7.8668745106600495,8.53614420170069,8.664726570473636,8.656883117171683,8.650445151418959,8.656676802895129,8.758833120807708,8.394040130024559,8.61238322198115,8.661134951855422,8.798543935434038,8.336846371202371,8.645861333925298,8.870754718640583,8.920969000411086,9.06250025349706,7.851204835015827,8.142218926123821,8.354011725321715,8.401300903299761,8.534587617371018,9.02,-9.412338454035604,-15.466357202994509,-480.7750671180118,22.639129311835212,33.86097961663405,0.1954287022375496,99.45945945945948,10.106382978723383,19.75806451612904,-16.045197740112993,-17.44444444444445,26.8170426065163,-0.04238926443046266,-0.3009016372683653,8.654829676181729,8.461989593117082,8.202,8.589999999999998,8.707500000000001,8.820000000000002,8.91525,8.625333333333334,-0.75,0.0,0.009999999999999787,0.0485953098548244,8.776500000000002,9.590966082780618,7.9620339172193875,17.27748691099475,39135005,-1.748192939309292,-1.4647049138821766,1.3163032115165538,0.8424507658643341,0.7113821138211383,66.66666666666666,8.2,33.68546992403699,39.47190476903347,8.776500000000002,8.754000000000001,8.501999999999999,8.24,0,0,0,0,0,0,0,0,0,0.0,1,1.0,0,0,1.0,1,0,1,0,3.0
20160108,4714,000415XSHE20160108,20200210004725,0,339448,7.83,254918592.0,000415.XSHE,7.05,1500,7.53,7.65,311558.59375,618452.125,1.3458950202000002,7.43,2.0,7.906017068739401,8.066786033029372,8.383145936154895,8.523184698916232,7.698437255330026,8.410376176488104,8.591518404636627,8.607888199033784,8.56425706284827,8.612493398860028,8.726495407102243,8.23694192456555,8.509299105601993,8.605957637130768,8.767221862954186,8.143197580801584,8.484050182302516,8.764578078770054,8.864136366244693,9.030238518842813,7.668836556677219,7.9898336668285825,8.254020132433933,8.347778908016844,8.50420520706556,8.14,-4.731781376518224,-14.260338859537228,-353.53644985399427,22.36548014728409,30.02914646018407,7.0381475214841425,78.37837837837836,10.582010582010593,18.44262295081968,-15.67749160134378,-15.67749160134378,29.396984924623126,-0.08449188767159993,-0.3368209859290981,8.571508959427527,8.318606578791378,7.904000000000001,8.427999999999999,8.645000000000001,8.758333333333333,8.870000000000003,8.623,-0.1200000000000001,0.17999999999999972,0.4800000000000004,0.05622163515471773,8.707500000000001,9.668738784069806,7.746261215930195,15.555555555555555,39474453,-2.043222322438488,-1.8957076308738896,1.2432321711305734,0.7404426559356146,0.7061143984220912,66.66666666666666,8.18,22.639129311835212,33.86097961663405,8.707500000000001,8.589999999999998,8.202,7.43,0,0,0,0,0,0,1,0,0,1.0,1,1.0,0,0,1.0,1,0,1,0,3.0
20160111,4715,000415XSHE20160111,20200210004725,0,323870,7.91,245127024.0,000415.XSHE,7.16,1500,7.2,7.65,311558.59375,618452.125,-4.3824701195,7.53,2.0,7.670678045826267,7.85008952477203,8.225393144667576,8.402895180832937,7.449218627665013,8.259079154427091,8.501743023692327,8.546675668641011,8.459314211859942,8.557101500865517,8.686324475336393,8.048407029189995,8.384603952687517,8.537374337758534,8.72852502683186,7.900798387201056,8.289859240065695,8.636142071268145,8.79349556789129,8.990380777636819,7.440557704451479,7.806954818314296,8.133065834106892,8.281253107625778,8.466669276026904,8.18,-6.687402799377928,-17.8869577117832,-245.7257667083667,17.349344488433303,25.802545802933807,0.44294185943228825,93.24324324324324,14.925373134328362,13.754646840148704,-20.177383592017733,-20.61742006615215,29.69543147208123,-0.1322739989765433,-0.3822568904395471,8.469915703173637,8.14651325897732,7.716000000000001,8.237,8.576,8.713000000000001,8.81475,8.607999999999999,-0.4500000000000002,0.2599999999999998,0.040000000000000036,0.06455268162379932,8.645000000000001,9.794650381637828,7.495349618362175,33.89830508474575,39150583,-2.312994342492304,-2.178108332465396,0.7892106478978991,0.7194656488549628,0.6532110091743123,50.0,7.65,22.36548014728409,30.02914646018407,8.645000000000001,8.427999999999999,7.904000000000001,7.53,0,0,0,0,0,0,1,0,0,1.0,1,1.0,0,0,1.0,1,0,1,0,3.0
20160112,4716,000415XSHE20160112,20200210004725,0,133695,7.33,94815784.0,000415.XSHE,6.9,1500,7.05,7.14,311558.59375,618452.125,-2.0833333333,7.2,2.0,7.463785363884178,7.650067143579023,8.068674058711899,8.279904709848127,7.249609313832506,8.107944260123706,8.408082183454113,8.481602813482706,8.350905426332254,8.497999481223731,8.643263304932804,7.866878478428178,8.257498814336326,8.464819492014216,8.68707996444095,7.687698924800704,8.102884832781024,8.505223778766416,8.718764076774644,8.947692363374179,7.239871802967652,7.630872124075331,8.009773849906237,8.210874907253789,8.426467565507721,8.24,-5.874499332443253,-19.441460794844247,-220.04142931123775,13.838956931682802,21.81468284585014,-2.112494896651881,93.67088607594938,11.034482758620749,13.214285714285722,-13.3906633906634,-22.950819672131157,28.43137254901961,-0.1832027693323274,-0.4074301628462728,8.364736762197811,7.9778189114423474,7.489999999999998,8.056999999999999,8.489500000000001,8.649666666666667,8.754999999999999,8.593499999999999,-0.08999999999999986,0.1900000000000004,0.14999999999999947,0.06590620969207675,8.576,9.898565310296622,7.2534346897033775,34.73193473193469,39016888,-2.474785718638378,-2.3938900305653408,0.5241847027076391,0.7164179104477626,0.6727272727272731,50.0,7.65,17.349344488433303,25.802545802933807,8.576,8.237,7.716000000000001,7.2,0,0,0,0,0,0,1,0,1,2.0,1,1.0,0,0,1.0,1,0,1,0,3.0
20160113,4717,000415XSHE20160113,20200210004725,0,223431,7.21,157838576.0,000415.XSHE,6.88,1500,6.88,7.11,311558.59375,618452.125,-2.4113475177,7.05,2.0,7.269190242589453,7.457550357684266,7.9101841842169796,8.152640645316481,7.0648046569162535,7.954451227608242,8.309496236134489,8.411967908548679,8.237758855075926,8.434548521175742,8.59686163901352,7.6874460278048735,8.126308451066201,8.387511224111083,8.642460706059692,7.487265949867137,7.9180694086390195,8.370097704598185,8.639136560834416,8.901734527241484,7.051114535311768,7.456822646970727,7.882519197534213,8.13588588738775,8.383186884877903,7.43,-4.68273760044335,-21.20032069636926,-168.83312765665713,9.225971287788534,17.618445659829604,-7.558977456293603,100.0,6.410256410256438,13.653136531365318,-15.892420537897305,-24.47859495060373,27.488151658767787,-0.2357287288652416,-0.4202076762633139,8.25475626129427,7.8089236942973725,7.218000000000001,7.859999999999998,8.392999999999999,8.580333333333334,8.692499999999999,8.574166666666667,-0.23000000000000045,0.09999999999999963,0.0,0.06878181736518148,8.489500000000001,9.975933315019546,7.003066684980454,28.82787750791966,39240319,-2.554725479281003,-2.5147555989596904,0.5297037961371857,0.7230483271375475,0.6946983546617918,33.33333333333333,7.14,13.838956931682802,21.81468284585014,8.489500000000001,8.056999999999999,7.489999999999998,7.05,0,0,0,0,0,0,1,0,1,2.0,1,1.0,0,0,1.0,1,0,1,0,3.0
20160114,4718,000415XSHE20160114,20200210004725,0,237375,7.13,165428320.0,000415.XSHE,6.55,1500,7.09,6.68,311558.59375,618452.125,3.0523255814,6.88,2.0,7.209460161726303,7.3656627682632,7.80082629298805,8.056036950287709,7.077402328458128,7.846394824157213,8.230819059609685,8.354491042959603,8.149469712377778,8.38182112818846,8.55720738535527,7.578819477294898,8.027612408107514,8.324217993666641,8.604128342947108,7.425743966578091,7.806184061613744,8.26844078035074,8.573944533476642,8.862252193235523,6.993176356874512,7.351454892976051,7.786784035864289,8.074491453856641,8.346004492658695,7.53,-0.8391608391608458,-18.644145591407707,-129.68488051601176,13.237261698420706,16.15805100602664,7.39568308320883,80.0,32.29166666666669,19.863013698630137,-13.956310679611654,-19.887005649717512,32.38770685579197,-0.2826145772314061,-0.3750867869293164,8.168478019716916,7.698320049020853,7.15,7.676,8.312000000000001,8.510666666666667,8.6435,8.570500000000001,0.41000000000000014,0.040000000000000036,0.1299999999999999,0.0748346937568629,8.392999999999999,9.974993678874855,6.811006321125142,45.50063371356147,39477694,-2.272088623455224,-2.4134070513681136,0.7997747993624513,0.8272552783109413,0.7532228360957642,33.33333333333333,7.11,9.225971287788534,17.618445659829604,8.392999999999999,7.859999999999998,7.218000000000001,6.88,0,1,0,0,0,0,1,0,1,3.0,1,1.0,0,0,1.0,0,0,1,0,2.0
20160115,4719,000415XSHE20160115,20200210004725,0,347326,7.45,252570624.0,000415.XSHE,7.08,1500,7.12,7.29,311558.59375,618452.125,0.4231311707,7.09,2.0,7.179640107817535,7.3042470761974,7.710049453922976,7.970942682079735,7.0987011642290625,7.75559547113756,8.159153313828416,8.300817519352664,8.070279734502567,8.332337946690872,8.519386138372235,7.495397754150369,7.941173131144894,8.26547565251217,8.56748319867681,7.3950293110520615,7.720259686774881,8.179408325079242,8.513439922087537,8.824507694637115,6.964250904583008,7.270535821525858,7.702937937210548,8.017511382936805,8.310458702716504,7.2,0.7357102433503182,-18.153393415486477,-73.08779950893239,19.15092808880221,17.155676700285163,23.141430865836305,78.88888888888887,26.966292134831466,18.466898954703844,-4.172274562584113,-19.548022598870045,29.55665024630545,-0.3223847112716234,-0.31816107232173785,8.090812981219367,7.609347733786874,7.068,7.4860000000000015,8.227,8.436,8.59275,8.563333333333333,-0.16999999999999993,0.16000000000000014,0.040000000000000036,0.07781402807012434,8.312000000000001,9.957103036286787,6.666896963713215,90.32882011605422,39825020,-1.8378966861163055,-2.0549926547857646,0.73052504541383,0.8154425612052737,0.8154425612052734,50.0,6.68,13.237261698420706,16.15805100602664,8.312000000000001,7.676,7.15,7.09,0,0,0,0,0,0,1,0,1,2.0,1,1.0,0,0,1.0,1,0,1,0,3.0
20160118,4720,000415XSHE20160118,20200210004725,0,215086,7.18,152219616.0,000415.XSHE,6.85,1500,7.16,7.0,311558.59375,618452.125,0.5617977528,7.12,2.0,7.1730934052116915,7.268185307148051,7.636709526733246,7.897220620072487,7.12935058211453,7.681146037245363,8.094691809710453,8.251216757641679,8.000258216463907,8.286363909565742,8.483612818941388,7.434416344304847,7.866775690083476,8.211550010926214,8.532730527104544,7.388286207368043,7.657448834633992,8.102778960785981,8.457896511253999,8.788712442917678,6.9579006030553385,7.211383853975702,7.630772419380972,7.965203510598426,8.276748611291406,7.05,1.4164305949008575,-17.55331398830086,-68.53443256713021,24.386333011582433,19.565895470717585,34.02720809331213,76.078431372549,46.66666666666666,17.021276595744695,-4.913678618857904,-19.82082866741321,29.729729729729733,-0.35423708067632537,-0.2548189552376158,8.021863871499413,7.5402173132042805,7.06,7.388,8.1465,8.365333333333334,8.544749999999999,8.553333333333333,0.16000000000000014,0.01999999999999957,0.15000000000000036,0.07050650470114844,8.227,9.914948755146316,6.539051244853684,55.725190839694605,39609934,-1.368249421992887,-1.6030730540545959,0.7366339747870622,0.8159851301115248,0.7763636363636367,50.0,7.29,19.15092808880221,17.155676700285163,8.227,7.4860000000000015,7.068,7.12,0,0,0,0,0,0,1,0,1,2.0,1,1.0,0,0,1.0,0,0,1,0,2.0
20160119,4721,000415XSHE20160119,20200210004725,0,307664,7.49,223257024.0,000415.XSHE,7.08,1500,7.39,7.15,311558.59375,618452.125,3.2122905027999997,7.16,3.0,7.24539560347446,7.298638980361037,7.603814923168813,7.851109654611349,7.259675291057265,7.644752782589693,8.049227821987197,8.213772550787692,7.953315276735915,8.251212383700416,8.454833534232405,7.426340645340329,7.8213684815040985,8.171474400637129,8.50451495853406,7.462757471578693,7.649130864700539,8.056009535949219,8.416618632656242,8.759650407290081,7.028033735370227,7.20355042598012,7.586727427058975,7.926330168618013,8.249379509778038,6.88,3.6756453423120026,-14.649357849025225,-33.98180671890481,33.435469451484394,24.189086797639852,51.92823475917348,67.05882352941177,75.0,32.718894009216584,2.6388888888888817,-18.070953436807095,34.285714285714285,-0.3749801011311675,-0.16594416363873732,7.975059140277233,7.517106957326697,7.127999999999999,7.309,8.065999999999999,8.306000000000001,8.50325,8.543166666666668,0.2399999999999993,0.10000000000000052,0.07000000000000027,0.06749708537747376,8.1465,9.817432673688561,6.475567326311441,137.6470588235293,39917598,-0.7656508197593676,-1.0669501208761272,0.7377713148699808,0.8792452830188691,0.8582089552238807,66.66666666666666,7.0,24.386333011582433,19.565895470717585,8.1465,7.388,7.06,7.16,0,0,0,0,0,0,1,0,1,2.0,0,1.0,0,0,1.0,0,0,1,0,2.0
20160120,4722,000415XSHE20160120,20200210004725,0,220586,7.38,159959840.0,000415.XSHE,7.16,1500,7.21,7.3,311558.59375,618452.125,-2.4357239513,7.39,4.0,7.233597068982973,7.276479235270778,7.551306266746305,7.7928269587375905,7.234837645528632,7.590408684765983,7.995084091536411,8.170130265970835,7.89613717852546,8.210380525516086,8.422074757015762,7.387005982551178,7.763142911837042,8.124573210362145,8.472551626224575,7.4506049810524635,7.608616162027714,7.996037199192152,8.36831040667301,8.726728175011313,7.0165891569134855,7.1653958030746425,7.5302486244819296,7.88083601405128,8.218375077437837,7.09,0.2224075618571033,-16.326246402376768,-28.581785491611942,38.466783555891546,28.948319050390417,57.50371256689382,74.11764705882352,73.91304347826089,29.004329004329023,2.2695035460992927,-11.42506142506143,31.147540983606568,-0.389689752850274,-0.11767721375285126,7.91838809284929,7.469859733122591,7.194,7.205999999999999,7.979999999999999,8.253,8.458250000000001,8.530666666666667,-0.08999999999999986,0.08000000000000007,0.049999999999999815,0.06848529619578166,8.065999999999999,9.727228461109426,6.4047715388905715,131.51515151515122,39697012,-0.4498798775055918,-0.6077653486324797,0.7693452204108505,0.7922794117647068,0.7988929889298896,66.66666666666666,7.15,33.435469451484394,24.189086797639852,8.065999999999999,7.309,7.127999999999999,7.39,0,0,0,0,0,0,0,0,1,1.0,0,1.0,0,0,1.0,1,0,1,0,3.0
20160121,4723,000415XSHE20160121,20200210004725,0,192653,7.27,136717472.0,000415.XSHE,6.91,1500,6.95,7.11,311558.59375,618452.125,-3.6061026351999996,7.21,1.0,7.139064712655316,7.1948594264530845,7.471132097846799,7.716206326125082,7.092418822764317,7.510357599170235,7.927659311437288,8.117081123972103,7.823357395561963,8.160953838240946,8.38333594762061,7.307550349360055,7.685700729757322,8.067276956198137,8.434957758910388,7.3532366540349745,7.526776859840858,7.916271751650043,8.309295264884081,8.688006491677701,6.9248927712756565,7.088323838879254,7.455129707864603,7.825258647512193,8.181909026143076,7.12,-3.0142338822216166,-18.844438216679517,-32.7693257577335,35.44844393922183,31.115027346667556,44.115277124330376,84.251968503937,40.54054054054056,24.30278884462152,1.0174418604651203,-15.036674816625911,29.68750000000001,-0.4031066680572047,-0.10733532165544568,7.84665564152712,7.389881312642193,7.166000000000001,7.158,7.873999999999998,8.190999999999999,8.404500000000002,8.5175,-0.16000000000000014,0.15999999999999925,0.040000000000000036,0.06343635015745754,7.979999999999999,9.619907314454082,6.340092685545918,127.60942760942707,39504359,-0.508459857568984,-0.4791698675372879,0.5097837973001721,0.7619893428063952,0.7557522123893804,66.66666666666666,7.3,38.466783555891546,28.948319050390417,7.979999999999999,7.205999999999999,7.194,7.21,0,0,0,0,0,0,0,0,1,1.0,0,1.0,0,0,1.0,1,0,1,0,3.0
20160122,4724,000415XSHE20160122,20200210004725,0,165832,7.08,115705816.0,000415.XSHE,6.89,1500,7.04,7.03,311558.59375,618452.125,1.2949640288,6.95,2.0,7.10604314177021,7.156144569839813,7.413647818133893,7.654733023750078,7.066209411382157,7.451562899273956,7.870390968763915,8.07025150988636,7.763099134364888,8.116994864192282,8.347985001630594,7.25890483129459,7.6242054221613875,8.017165885164083,8.400514357455808,7.319224436023317,7.476671976233428,7.852931584826228,8.257680861719006,8.652529788179484,6.892861847517104,7.041137686355753,7.395479259496546,7.77665090860916,8.148498926732136,7.16,-1.5384615384615434,-17.349550353377644,-27.87211387581265,41.00818248430392,34.412745725879674,54.1990560011524,73.36956521739131,44.99999999999999,39.106145251396654,-0.7052186177715067,-14.563106796116507,27.41935483870968,-0.4126553251247284,-0.07638925654019002,7.786903371784371,7.3360534183895485,7.15,7.109,7.768499999999999,8.133,8.346,8.503499999999999,0.009999999999999787,0.040000000000000036,0.14000000000000054,0.05577664805676937,7.873999999999998,9.441881054161954,6.306118945838044,52.911392405062884,39338527,-0.5180237826080155,-0.5132418200884998,0.4936854906773882,0.7606382978723412,0.7732142857142856,66.66666666666666,7.11,35.44844393922183,31.115027346667556,7.873999999999998,7.158,7.166000000000001,6.95,0,0,0,1,0,0,0,0,0,0.0,0,1.0,0,0,1.0,0,0,1,0,2.0
20160125,4725,000415XSHE20160125,20200210004725,0,170905,7.09,119742096.0,000415.XSHE,6.94,1500,6.98,7.02,311558.59375,618452.125,-0.8522727273,7.04,2.0,7.06402876118014,7.1121084273798605,7.355828109049374,7.593393657954617,7.023104705691079,7.392617536864713,7.812946390133985,8.022849270326082,7.702860739413742,8.07240683030239,8.311985396324525,7.2081948619683,7.562852524812684,7.966572427351201,8.365439928876656,7.275949624015544,7.42444070782735,7.7897381005570665,8.205569600171737,8.616403126742957,6.852107898344736,6.9919490161092535,7.335966949068304,7.727575254530663,8.114476731010356,7.39,-1.883609783525435,-17.583715108865068,-22.48995983935739,42.587015273223905,37.137502241661075,53.486041336349565,75.42857142857143,39.02439024390244,34.285714285714285,-1.966292134831456,-6.056527590847905,27.482678983833733,-0.41929561654891373,-0.05312233139348399,7.727132751652197,7.281275969406541,7.114,7.0870000000000015,7.661999999999999,8.079666666666666,8.306500000000002,8.488166666666666,-0.03999999999999915,0.07000000000000027,0.040000000000000036,0.047508978524773184,7.768499999999999,9.244069042776378,6.2929309572236205,85.36585365853617,39509432,-0.5344378699367704,-0.5262308262723929,0.4743841173330383,0.7535211267605644,0.7321739130434782,50.0,7.03,41.00818248430392,34.412745725879674,7.768499999999999,7.109,7.15,7.04,0,0,0,1,0,0,0,0,0,0.0,0,1.0,0,0,1.0,1,0,1,0,3.0
20160126,4726,000415XSHE20160126,20200210004725,0,323454,6.99,219117696.0,000415.XSHE,6.3,1500,6.89,6.95,311558.59375,618452.125,-1.2893982808,6.98,2.0,7.006019174120094,7.056581320534894,7.293717694509457,7.529448779958741,6.95655235284554,7.329790344756622,7.753401461738242,7.973594954224947,7.64033299022807,8.026037934996411,8.274564728000195,7.150341250701338,7.498771331973383,7.914056699187727,8.329009313348836,7.216199749343697,7.364851488222379,7.723734471932581,8.151478400163358,8.578879592749301,6.79583859889649,6.935831013180298,7.2738081920141795,7.676634998212094,8.07913903394837,7.21,-1.7678927858568654,-18.15352450642656,-37.659759552115595,44.9179541597403,39.73098621435416,55.29189005051258,68.61702127659575,13.235294117647042,39.73509933774832,-3.7709497206703975,-8.499335989375838,24.532710280373827,-0.4242451435942428,-0.03959621636263111,7.665122918196478,7.221079666420919,7.013999999999999,7.0710000000000015,7.563999999999997,8.016666666666666,8.255,8.471333333333334,-0.0600000000000005,0.040000000000000036,0.5899999999999999,0.051424201532730036,7.661999999999999,9.067637222045573,6.256362777954425,14.387211367673016,39832886,-0.5937465988927574,-0.5640922344147639,0.4783033389809496,0.6908212560386481,0.6587677725118484,33.33333333333333,7.02,42.587015273223905,37.137502241661075,7.661999999999999,7.0870000000000015,7.114,6.98,0,0,0,1,0,0,0,0,0,0.0,0,1.0,0,0,1.0,1,0,1,0,3.0
20160127,4727,000415XSHE20160127,20200210004725,0,256405,6.99,172793024.0,000415.XSHE,6.41,1500,6.93,6.76,311558.59375,618452.125,0.5805515239,6.89,2.0,6.9806794494133975,7.024935990401171,7.245222001908195,7.474953436326129,6.94327617642277,7.279816551662044,7.700278786787388,7.928221260562992,7.585691990979757,7.983056055192633,8.239181445684402,7.1102792051192765,7.444602633690202,7.866053933373691,8.294465873513062,7.190099832895799,7.323587581272854,7.66794071270091,8.102035551374902,8.543299849718453,6.771259065930995,6.8969708289656975,7.221264554679497,7.6300723153724785,8.04563189730767,6.95,-0.4024144869215359,-17.196386751421894,-29.71089127883309,47.59236159668961,42.35144467513263,58.074195439803525,60.86956521739132,24.074074074074048,45.71428571428571,-6.2246278755074425,-3.7500000000000067,23.82075471698113,-0.4262703527596352,-0.016201673323138818,7.610669368700442,7.176298179279238,6.957999999999999,7.075999999999999,7.467999999999999,7.953999999999999,8.204250000000002,8.455166666666667,0.16999999999999993,0.0600000000000005,0.34999999999999964,0.05499709827423144,7.563999999999997,8.863455270488368,6.26454472951163,24.094488188976264,39576481,-0.5691622496848637,-0.5814544242888106,0.7334524363388233,0.6284403669724778,0.5848214285714287,33.33333333333333,6.95,44.9179541597403,39.73098621435416,7.563999999999997,7.0710000000000015,7.013999999999999,6.89,0,0,1,1,0,0,0,0,0,1.0,0,1.0,0,0,1.0,0,0,1,0,2.0
20160128,4728,000415XSHE20160128,20200210004725,0,244840,6.9,164282448.0,000415.XSHE,6.49,1500,6.7,6.85,311558.59375,618452.125,-3.3189033189,6.93,2.0,6.887119632942264,6.943701992800878,7.1725257349871026,7.4045031239328445,6.821638088211385,7.20733948270429,7.635744671510785,7.874820336190688,7.5175618378274685,7.932740131459588,8.19867667079797,7.035682986006679,7.373688097148277,7.809173253696924,8.255096345771998,7.093733221930532,7.24675347558688,7.594898740062728,8.043448451307832,8.502749236145158,6.680506043953997,6.824612496426481,7.1524774542338285,7.574898056086018,8.007443455398837,7.04,-3.0110017371163766,-19.492441902381564,-34.924448158206204,42.93272285717683,42.54520406914737,43.70776043323575,75.15527950310558,25.490196078431357,43.83561643835617,-7.073509015256585,-4.964539007092194,22.79909706546276,-0.4290544506303348,-0.022272782965596986,7.543212378426336,7.103021536313203,6.908,7.037000000000001,7.3565,7.886999999999999,8.14225,8.435166666666667,-0.14999999999999947,0.05000000000000071,0.21,0.05293596529315656,7.467999999999999,8.620966174698982,6.315033825301017,27.646129541864067,39331641,-0.7069639796171798,-0.6380631146510218,0.6861452128168896,0.6118518518518529,0.5520684736091301,33.33333333333333,6.76,47.59236159668961,42.35144467513263,7.467999999999999,7.075999999999999,6.957999999999999,6.93,0,0,1,1,0,0,0,0,0,1.0,0,1.0,0,0,1.0,1,0,1,0,3.0
20160129,4729,000415XSHE20160129,20200210004725,0,365528,6.92,246423056.0,000415.XSHE,6.62,1500,6.82,6.66,311558.59375,618452.125,1.7910447761000001,6.7,2.0,6.86474642196151,6.912776494600657,7.125522303655488,7.351366476302584,6.820819044105692,7.1589220473662545,7.583115983026217,7.828958582443267,7.463903234917664,7.889103263559211,8.162395705776971,6.996467897641829,7.3209558974198705,7.760920899858051,8.219661868098614,7.070688814620357,7.206361934571085,7.540584574342468,7.993748526853793,8.466251724141573,6.658804029302665,6.786573860712575,7.101327220497273,7.528093272862308,7.973072012055655,6.98,-0.6410256410256351,-17.589056986804568,-23.353605560382363,43.187641568650115,42.75934990231495,44.04422490132042,56.30252100840334,29.62962962962965,40.14598540145987,-1.8705035971223007,-0.8720930232558082,26.340326340326342,-0.42927582643220974,-0.0017710064149991656,7.489641091135497,7.059479761495787,6.864,7.007000000000001,7.246499999999998,7.820333333333332,8.078750000000001,8.417166666666667,0.16000000000000014,0.09999999999999963,0.040000000000000036,0.05213816305914555,7.3565,8.242531037831068,6.470468962168932,39.215686274509785,39697169,-0.6803863133518225,-0.6936751464845012,1.0320890486769918,0.6148148148148157,0.541725601131542,50.0,6.85,42.93272285717683,42.54520406914737,7.3565,7.037000000000001,6.908,6.7,0,0,1,1,0,0,0,0,0,1.0,0,1.0,0,0,1.0,0,0,1,0,2.0
20160201,4730,000415XSHE20160201,20200210033915,1,0,6.82,0.0,000415.XSHE,6.82,1500,6.82,6.82,,,0.0,6.82,,6.84983094797434,6.889582370950494,7.084785996501425,7.303060433002349,6.820409522052847,7.116556791445472,7.53388269379872,7.7850908179892135,7.414372216847074,7.84717764538042,8.127069502993367,6.964382825343316,7.273245811951313,7.7150223193771685,8.185102315799883,7.055325876413571,7.173314310103613,7.491443186309852,7.946472988958485,8.43065538527388,6.6443360195351095,6.755451340583017,7.055048437592772,7.483571649795854,7.939549246325886,6.89,-0.17564402810302518,-17.1364696734059,-20.16897236527653,44.84114376181613,43.453281188815346,47.61686890781772,56.30252100840334,33.33333333333333,38.805970149253724,-3.1249999999999964,-3.808180535966144,26.340326340326342,-0.4269009263621711,0.01899920056030935,7.440038047347683,7.022636721265666,6.831999999999999,6.973000000000001,7.1804999999999986,7.755333333333331,8.01725,8.399166666666666,0.0,0.0,0.0,0.04752922451165952,7.246499999999998,8.049207294099162,6.443792705900838,38.219895287958046,39697169,-0.5842361850495911,-0.6323112492007068,0.8738141467590901,0.5967016491754131,0.5170940170940176,33.33333333333333,6.66,43.187641568650115,42.75934990231495,7.246499999999998,7.007000000000001,6.864,6.82,0,0,1,1,0,0,0,0,1,2.0,0,1.0,0,0,1.0,0,0,1,0,2.0
20160202,4731,000415XSHE20160202,20200210033915,1,0,6.82,0.0,000415.XSHE,6.82,1500,6.82,6.82,,,0.0,6.82,,6.839887298649559,6.872186778212871,7.049481196967901,7.2591458481839535,6.8202047610264245,7.079487192514788,7.487825745811706,7.743130347641856,7.368651277089608,7.80689616909099,8.092672937125121,6.938131402553622,7.230079544146425,7.671362694041696,8.151396085780133,7.045083917609048,7.14627534463023,7.446981930470817,7.901503574862947,8.395937968353536,6.634690679690072,6.7299874604770125,7.013177157822032,7.441221813220446,7.906854203206728,6.93,0.029334115576412138,-16.684991082117797,-22.0437197778042,47.76351164877092,44.8900246754672,53.51048559537834,56.30252100840334,41.02564102564109,36.92307692307692,-2.2922636103151883,-4.2134831460674125,24.940617577197145,-0.42205023349548815,0.038805542933463166,7.394109303099705,6.991461841070947,6.8180000000000005,6.916,7.1125,7.682666666666665,7.958500000000001,8.367999999999999,0.0,0.0,0.0,0.04198118662262027,7.1804999999999986,7.852835481735122,6.508164518264875,75.51020408163258,39697169,-0.4693612617985996,-0.5267987234240953,1.13716746584198,0.6042944785276079,0.5115606936416189,33.33333333333333,6.82,44.84114376181613,43.453281188815346,7.1804999999999986,6.973000000000001,6.831999999999999,6.82,0,0,1,1,0,0,0,0,0,1.0,0,1.0,0,0,1.0,0,0,1,0,2.0
20160203,4732,000415XSHE20160203,20200210033915,1,0,6.82,0.0,000415.XSHE,6.82,1500,6.82,6.82,,,0.0,6.82,,6.833258199099707,6.8591400836596526,7.018883704038847,7.2192234983490495,6.820102380513212,7.047051293450439,7.444740213823852,7.702994245570469,7.3264473326980974,7.768194358538402,8.059181544042879,6.916652965725691,7.191024349465812,7.629832806527468,8.118522108353464,7.0382559450727,7.124152554697463,7.406755079949787,7.85872779072329,8.362077771604065,6.628260453126716,6.70915337675392,6.975293618981838,7.4009378223316435,7.874966445102857,6.7,0.3531489111241779,-16.236796855809374,-25.258138823112073,53.78326936922282,47.854439573385726,65.640928960897,56.30252100840334,34.285714285714356,23.36448598130843,-1.0159651669085543,-4.748603351955305,23.30097087378641,-0.4149401051492866,0.05688102676961183,7.351582688055282,6.965083096290803,6.796000000000001,6.877000000000001,7.041499999999999,7.612333333333331,7.909000000000002,8.326833333333333,0.0,0.0,0.0,0.03892986900819586,7.1125,7.553783355679772,6.6712166443202285,88.0794701986753,39697169,-0.36069991723311307,-0.4150305895158563,0.9505318290441656,0.6325203252032525,0.5120481927710847,33.33333333333333,6.82,47.76351164877092,44.8900246754672,7.1125,6.916,6.8180000000000005,6.82,0,0,1,1,0,0,0,0,0,1.0,0,1.0,0,0,1.0,0,0,1,0,2.0
20160204,4733,000415XSHE20160204,20200210033915,1,0,6.82,0.0,000415.XSHE,6.82,1500,6.82,6.82,,,0.0,6.82,,6.828838799399804,6.84935506274474,6.992365876833667,7.18293045304459,6.820051190256606,7.018669881769134,7.404434393577152,7.664603191415233,7.287489845567476,7.7310102660467,8.026571503410173,6.8990796992301116,7.155688697135735,7.590328767184664,8.086459834073127,7.033703963381798,7.106052090207014,7.370359358049806,7.818038630200204,8.329053629095322,6.623973635417809,6.692107308253207,6.941018036221662,7.362618904169125,7.843866039050933,6.82,0.0,-15.765031371967776,-22.80206082765471,57.79644118285742,51.168440109876286,71.05244332881969,56.30252100840334,100.0,28.089887640449447,-1.5873015873015792,-7.713125845737475,29.629629629629626,-0.40584079866051104,0.0727944519102044,7.312206192643778,6.94276261993837,6.82,6.864,7.0109999999999975,7.537333333333333,7.85925,8.280499999999998,0.0,0.0,0.0,0.03375001289308796,7.041499999999999,7.454581105837581,6.628418894162418,471.42857142856883,39697169,-0.2684628001655057,-0.31458135869930937,0.6835638880356253,0.6422628951747095,0.5068702290076339,16.666666666666664,6.82,53.78326936922282,47.854439573385726,7.041499999999999,6.877000000000001,6.796000000000001,6.82,0,0,1,1,0,0,0,0,0,1.0,0,1.0,0,0,1.0,0,0,1,0,2.0
20160205,4734,000415XSHE20160205,20200210033915,1,0,6.82,0.0,000415.XSHE,6.82,1500,6.82,6.82,,,0.0,6.82,,6.825892532933202,6.842016297058555,6.969383759922513,7.149936775495082,6.820025595128302,6.993836146547992,7.366728948830239,7.627881313527613,7.251529088216131,7.695284373260554,7.994819621741483,6.884701572097364,7.1237183450275685,7.552751754151265,8.055189220886138,7.0306693089211985,7.091242619260285,7.3374298953783965,7.779334306775802,8.296844897512724,6.6211157569452075,6.678160524934442,6.910006794676741,7.326169201526728,7.8135335442595535,6.82,0.0,-15.228956396360555,-22.49879907419493,63.65173373543153,55.32953798506136,80.29612523617183,56.30252100840334,,39.682539682539684,1.7910447761194044,-5.409153952843269,28.75000000000001,-0.3950467212574871,0.08635261922419135,7.275746474670166,6.9238760630247755,6.82,6.8420000000000005,6.9754999999999985,7.459666666666665,7.810249999999999,8.238499999999998,0.0,0.0,0.0,0.03105114925672432,7.0109999999999975,7.355991304238235,6.666008695761763,-100.0,39697169,-0.19501933350190634,-0.23174106683370604,0.8453756605126136,0.6187290969899671,0.4823889739663096,16.666666666666664,6.82,57.79644118285742,51.168440109876286,7.0109999999999975,6.864,6.82,6.82,0,0,1,1,0,0,0,0,0,1.0,0,1.0,0,0,1.0,0,0,1,0,2.0
20160215,4735,000415XSHE20160215,20200210033915,1,0,6.82,0.0,000415.XSHE,6.82,1500,6.82,6.82,,,0.0,6.82,,6.823928355288802,6.836512222793917,6.9494659252661775,7.119942523177347,6.820012797564153,6.9721066282294935,7.331456113421838,7.59275603902641,7.218334542968735,7.660959495877787,7.963903315906181,6.8729376498978425,7.094792788358277,7.517007766143885,8.024690721605001,7.0286462059474655,7.079125779394778,7.3076365720090255,7.742517999128202,8.26543144325315,6.6192105046301375,6.666749520400908,6.881949004707528,7.291497533159567,7.7839499999568496,6.82,0.0,-14.860681114551086,-14.672724213359787,65.99770754775895,58.88559450596056,80.22193363135571,51.85185185185182,,29.62962962962965,0.0,-1.8705035971223007,27.388535031847137,-0.3828558462649332,0.09752699994043157,7.241987476546449,6.907895130251732,6.82,6.8260000000000005,6.9565,7.383333333333333,7.766250000000001,8.195333333333332,0.0,0.0,0.0,0.028902152122053836,6.9754999999999985,7.310658171614537,6.640341828385463,,39697169,-0.1389892660218704,-0.16700429976188835,1.0657008464567728,0.5986509274873528,0.4584615384615388,0.0,6.82,63.65173373543153,55.32953798506136,6.9754999999999985,6.8420000000000005,6.82,6.82,0,0,1,1,0,0,0,0,0,1.0,0,1.0,0,0,1.0,0,0,1,0,2.0
20160216,4736,000415XSHE20160216,20200210033915,1,0,6.82,0.0,000415.XSHE,6.82,1500,6.82,6.82,,,0.0,6.82,,6.822618903525869,6.832384167095437,6.932203801897353,7.092675021070313,6.820006398782076,6.953093299700806,7.298458944813977,7.5591579503730895,7.187693424278831,7.627980692117872,7.933800597066544,6.86331262264369,7.06862204660987,7.483007387307596,7.994945271688826,7.027297470631645,7.0692120013230015,7.280680708008166,7.7074976089268254,8.234793629839492,6.617940336420093,6.6574132439643785,6.856563385211574,7.2585171656883665,7.7550969135381616,6.82,0.0,-14.405482065312865,-6.619912867919989,69.5798670473432,62.450352019754774,83.83889710252005,46.39175257731953,,33.33333333333333,0.0,-3.1249999999999964,36.90987124463521,-0.36955594549789056,0.10639920613634113,7.2107291449504185,6.894372802520697,6.82,6.819,6.944999999999999,7.315666666666666,7.71725,8.151666666666666,0.0,0.0,0.0,0.018887638333955136,6.9565,7.293812911107772,6.619187088892227,,39697169,-0.0975414905467658,-0.1182653782843181,0.8413607161265099,0.6851485148514858,0.5196428571428574,0.0,6.82,65.99770754775895,58.88559450596056,6.9565,6.8260000000000005,6.82,6.82,0,0,1,1,0,0,0,0,0,1.0,0,1.0,0,0,1.0,0,0,0,0,2.0
20160217,4737,000415XSHE20160217,20200210033915,1,0,6.82,0.0,000415.XSHE,6.82,1500,6.82,6.82,,,0.0,6.82,,6.821745935683912,6.829288125321576,6.917243294977706,7.067886382791195,6.8200031993910395,6.936456637238206,7.267590625793722,7.527020648182954,7.159409314718922,7.596295174779918,7.904490055038477,6.855437600344838,7.044943756456549,7.450665563536494,7.965934277326139,7.026398313754429,7.061100728355182,7.256292069150247,7.674185530442588,8.204912305645923,6.617093557613393,6.649774472334492,6.833595443762852,7.227145596630398,7.726956249006356,6.82,0.0,-13.943217665615133,-1.8867346626229624,68.60880025378438,64.50316809776464,76.82006456582386,34.17721518987336,,41.02564102564109,0.0,-2.2922636103151883,34.080717488789226,-0.3554158388827787,0.11312085292089448,7.181786245324459,6.882930832902128,6.82,6.808,6.9419999999999975,7.247999999999998,7.667499999999999,8.109,0.0,0.0,0.0,0.01051822996454677,6.944999999999999,7.285622958709477,6.604377041290518,,39697169,-0.06758850854252431,-0.08256499954464505,1.094386004427286,0.5906313645621186,0.5165048543689323,0.0,6.82,69.5798670473432,62.450352019754774,6.944999999999999,6.819,6.82,6.82,0,0,1,1,0,0,0,0,0,1.0,0,1.0,0,0,1.0,0,0,0,0,2.0
20160218,4738,000415XSHE20160218,20200210033915,1,0,6.82,0.0,000415.XSHE,6.82,1500,6.82,6.82,,,0.0,6.82,,6.821163957122607,6.826966093991183,6.904277522314013,7.0453512570829036,6.82000159969552,6.92189955758343,7.238713811226384,7.496280620001086,7.133300905894392,7.565852226749332,7.875950843063779,6.8489944002821375,7.023520541555924,7.419901389705446,7.937639603811912,7.025798875836285,7.054464232290603,7.234226157802602,7.642498431396611,8.17576879192627,6.616529038408929,6.6435245682736745,6.812814925309247,7.197304348014282,7.699510415697555,6.82,0.0,-13.427606692223707,3.266518188568193,45.739200169189594,58.248512121572965,20.72057626442285,34.17721518987336,,34.285714285714356,0.0,-1.0159651669085543,40.0,-0.340680290683726,0.11788438559242233,7.154987264189315,6.8732491663018,6.82,6.82,6.9285,7.177666666666665,7.62025,8.071833333333332,0.0,0.0,0.0,0.0043988269794721395,6.9419999999999975,7.2794774066511705,6.604522593348827,,39697169,-0.04633578746621518,-0.05696214800436975,2.5401609214180687,0.5785123966942148,0.4980392156862746,0.0,6.82,68.60880025378438,64.50316809776464,6.9419999999999975,6.808,6.82,6.82,0,0,1,1,0,0,0,0,0,1.0,0,1.0,0,0,0.0,0,0,0,0,1.0
20160219,4739,000415XSHE20160219,20200210033915,1,0,6.82,0.0,000415.XSHE,6.82,1500,6.82,6.82,,,0.0,6.82,,6.820775971415071,6.825224570493388,6.893040519338812,7.024864779166276,6.82000079984776,6.909162112885501,7.211700016953715,7.466877114783647,7.109200836210206,7.536603119817985,7.848162662983153,6.843722691139932,7.004137632836312,7.39063790728079,7.910043564211618,7.0253992505575225,7.049034371874129,7.214261761821402,7.612357044499213,8.147344871137966,6.616152692272619,6.638411010405733,6.794013503851224,7.1689187700623656,7.672742257285268,6.82,0.0,-12.865721221413045,9.961592884577488,30.49280011279306,48.996608118646314,-6.5148158989134695,24.63768115942027,,100.0,0.0,-1.5873015873015792,43.42857142857143,-0.3255675137264066,0.12090221565855486,7.130173392767882,6.865056986870754,6.82,6.82,6.913499999999999,7.104333333333333,7.57025,8.033,0.0,0.0,0.0,0.0,6.9285,7.257150270044009,6.5998497299559915,,39697169,-0.031477840464401226,-0.038906813965308214,1.492925992484888,0.6862745098039215,0.6074766355140189,0.0,6.82,45.739200169189594,58.248512121572965,6.9285,6.82,6.82,6.82,1,0,1,0,0,0,0,0,0,1.0,0,1.0,0,0,0.0,0,0,0,0,1.0
20160222,4740,000415XSHE20160222,20200210033915,1,0,6.82,0.0,000415.XSHE,6.82,1500,6.82,6.82,,,0.0,6.82,,6.820517314276715,6.8239184278700415,6.88330178342697,7.006240708332977,6.82000039992388,6.898016848774812,7.186429048117992,7.438752022836533,7.086954618040192,7.508501036687868,7.821105750799386,6.839409474569035,6.9866007154233305,7.362801911803678,7.8831289083051574,7.025132833705015,7.0445917588061056,7.196198736886028,7.583685969157788,8.119622775554314,6.615901794848412,6.634227190331964,6.77700269396063,7.141917854449567,7.646635041056004,6.82,0.0,-12.314536244182134,8.782936010039355,20.328533408528703,39.44058321527378,-17.89556620496145,29.310344827586192,,,0.0,1.7910447761194044,48.101265822784825,-0.3102684996130045,0.12239211290721652,7.107197585896188,6.858125142736792,6.82,6.82,6.896499999999999,7.0603333333333325,7.5215,7.995333333333333,0.0,0.0,0.0,0.0,6.913499999999999,7.224065613035313,6.6029343869646855,,39697169,-0.02121670670248964,-0.026347273583445432,inf,0.7528735632183909,0.5641025641025642,0.0,6.82,30.49280011279306,48.996608118646314,6.913499999999999,6.82,6.82,6.82,0,0,0,0,0,0,0,0,0,0.0,0,0.0,0,0,0.0,0,0,0,0,0.0
20160223,4741,000415XSHE20160223,20200210033915,1,0,6.82,0.0,000415.XSHE,6.82,1500,6.82,6.82,,,0.0,6.82,,6.8203448761844765,6.8229388209025315,6.874861545636708,6.989309734848162,6.8200001999619415,6.88826474267796,7.162788464368443,7.411849760974075,7.066419647421715,7.481500996033441,7.794760862620453,6.8358804791928485,6.970733980621108,7.336323769764474,7.8568788118037975,7.024955222470009,7.040956893568633,7.179856000039742,7.556413482857407,8.092585176157911,6.615734529898941,6.630804064817061,6.761611961202473,7.11623405667154,7.621172447449683,6.82,0.0,-11.78144564598747,8.773333333334358,13.552355605685804,30.81117401207779,-20.965281207098165,23.255813953488307,,,0.0,0.0,40.14598540145987,-0.29494759058694703,0.12256727220846032,7.085923690644617,6.852259736161902,6.82,6.82,6.8679999999999986,7.015,7.467,7.958166666666667,0.0,0.0,0.0,0.0,6.896499999999999,7.110191366227088,6.682808633772909,,39697169,-0.014202635792819978,-0.01770967124765481,,0.7892976588628765,0.5155807365439096,0.0,6.82,20.328533408528703,39.44058321527378,6.896499999999999,6.82,6.82,6.82,0,0,0,0,0,0,1,0,0,1.0,0,1.0,0,0,0.0,0,0,0,0,1.0
20160224,4742,000415XSHE20160224,20200210033915,1,0,6.82,0.0,000415.XSHE,6.82,1500,6.82,6.82,,,0.0,6.82,,6.820229917456317,6.8222041156768976,6.867546672885146,6.973917940771058,6.8200000999809705,6.879731649843216,7.1406730795704805,7.386117162670853,7.0474642899277375,7.455559780502718,7.769109260972548,6.832993119339602,6.956378363419097,7.311137244410109,7.831276865833333,7.024836814980008,7.03798291291979,7.165069714321669,7.5304713617424115,8.066215171808333,6.6156230199326265,6.628003325759412,6.747687012516526,7.091803127077805,7.5963385598583315,6.82,0.0,-11.327231121281445,2.623934026802645,9.03490373712387,23.55241725375981,-20.00012329614802,33.333333333333236,,,0.0,0.0,38.805970149253724,-0.27974386040084875,0.12162984148878594,7.066225639485757,6.8472966998293,6.82,6.82,6.848499999999999,6.967666666666665,7.41425,7.921666666666666,0.0,0.0,0.0,0.0,6.8679999999999986,7.013639967042017,6.722360032957983,,39697169,-0.009449978486842087,-0.011826307139831032,,0.7890909090909091,0.5232198142414862,0.0,6.82,13.552355605685804,30.81117401207779,6.8679999999999986,6.82,6.82,6.82,0,0,0,0,0,0,1,0,0,1.0,0,1.0,0,0,0.0,0,0,0,0,1.0
20160225,4743,000415XSHE20160225,20200210033915,1,0,6.82,0.0,000415.XSHE,6.82,1500,6.82,6.82,,,0.0,6.82,,6.820153278304211,6.821653086757674,6.86120711650046,6.9599254007009606,6.820000049990486,6.872265193612814,7.11998449379174,7.361503372989513,7.029967036856371,7.430635867541826,7.744132701473268,6.83063073400513,6.9433899478553744,7.28717933004864,7.806307066676951,7.024757876653338,7.035549656025282,7.151691646291036,7.5057947099500995,8.040496278677264,6.6155486799550856,6.625711811984974,6.7350882494197135,7.0685639501471815,7.572117854676643,6.82,0.0,-10.865985309877903,1.292855330569852e-12,6.023269158082581,17.709367888534068,-17.348928302820394,,,,0.0,0.0,36.92307692307692,-0.26477298745661554,0.1197669835538656,7.0479867032275525,6.843097207547871,6.82,6.82,6.841999999999999,6.947333333333333,7.358,7.8836666666666675,0.0,0.0,0.0,0.0,6.848499999999999,6.986861844451423,6.710138155548575,,39697169,-0.006253959073261515,-0.007851968780051802,,0.8214285714285717,0.5000000000000001,0.0,6.82,9.03490373712387,23.55241725375981,6.848499999999999,6.82,6.82,6.82,0,0,0,0,0,0,1,0,0,1.0,0,1.0,0,0,0.0,0,0,0,0,1.0
20160226,4744,000415XSHE20160226,20200210033915,1,0,6.82,0.0,000415.XSHE,6.82,1500,6.82,6.82,,,0.0,6.82,,6.8201021855361414,6.821239815068256,6.855712834300399,6.947204909728144,6.820000024995243,6.865732044411214,7.100630655482596,7.3379597480769245,7.013815726328957,7.406689362932342,7.719813419855551,6.828697873276923,6.9316385242501015,7.264390094436512,7.78195380577135,7.024705251102224,7.033558809475231,7.1395876799776055,7.4823217972696066,8.015412419944491,6.615499119970057,6.623836937078615,6.723689368522599,7.046458391603415,7.548495191598209,6.82,0.0,-10.40697827172167,1.697542372123187e-12,4.015512772055053,13.144749516374395,-14.242960716583635,,,,0.0,0.0,23.36448598130843,-0.2501293916218381,0.11714876667821937,7.031098799284773,6.839543791002043,6.82,6.82,6.830999999999999,6.923666666666667,7.29975,7.841,0.0,0.0,0.0,0.0,6.841999999999999,6.946479663092871,6.737520336907128,,39697169,-0.004118937678376197,-0.005186448375818856,,0.6778242677824269,0.468864468864469,0.0,6.82,6.023269158082581,17.709367888534068,6.841999999999999,6.82,6.82,6.82,0,0,0,0,0,0,1,0,0,1.0,0,1.0,0,0,0.0,0,0,0,0,1.0
20160229,4745,000415XSHE20160229,20200210033915,1,0,6.82,0.0,000415.XSHE,6.82,1500,6.82,6.82,,,0.0,6.82,,6.82006812369076,6.820929861301192,6.850951123060344,6.935640827025586,6.820000012497621,6.860015538859812,7.0825254519030745,7.315439759030101,6.998906824303655,7.3836819369349955,7.6961341193330375,6.827116441772027,6.92100628384533,7.242712528854242,7.7582018599498355,7.0246701674014815,7.031929935025189,7.1286364723606885,7.4599939047198705,7.990947915748331,6.615466079980037,6.622302948518867,6.713376095329969,7.025431152988615,7.525455804151338,6.82,0.0,-9.990761515111489,2.3846982227566558e-12,2.6770085147033686,9.655502515817387,-11.279979487524667,,,,0.0,0.0,28.089887640449447,-0.23588847275042998,0.11392735097126486,7.015461851189603,6.836537053924808,6.82,6.82,6.822999999999999,6.9110000000000005,7.2425000000000015,7.812,0.0,0.0,0.0,0.0,6.830999999999999,6.910018985060552,6.751981014939445,,39697169,-0.002701016778555246,-0.003409977228465721,,0.6697247706422019,0.3382352941176471,0.0,6.82,4.015512772055053,13.144749516374395,6.830999999999999,6.82,6.82,6.82,0,0,0,0,0,0,1,0,0,1.0,0,1.0,0,0,1.0,0,0,0,0,2.0
20160301,4746,000415XSHE20160301,20200210033915,1,0,6.82,0.0,000415.XSHE,6.82,1500,6.82,6.82,,,0.0,6.82,,6.82004541579384,6.820697395975894,6.846824306652299,6.925128024568712,6.8200000062488115,6.855013596502335,7.0655883259738435,7.293898899941835,6.985144760895682,7.361576762937545,7.673077958297956,6.825822543268022,6.911386637764823,7.222092405495498,7.735036381926383,7.024646778267655,7.030597219566064,7.118728236897768,7.438755177660362,7.967087473384174,6.615444053320024,6.621047866969983,6.704045038631878,7.005429633330634,7.50298529046859,6.82,0.0,-9.522672397781811,3.868510450249817e-12,1.7846723431355793,7.0318924582567846,-8.709767887106832,,,,0.0,0.0,39.682539682539684,-0.22210883895302408,0.11023707037924736,7.0009831955459285,6.833992891782528,6.82,6.82,6.8195,6.903333333333332,7.191750000000001,7.7765,0.0,0.0,0.0,0.0,6.822999999999999,6.895794230540612,6.750205769459384,,39697169,-0.0017642372182332478,-0.0022326269983942468,,0.6305418719211826,0.3510204081632655,0.0,6.82,2.6770085147033686,9.655502515817387,6.822999999999999,6.82,6.82,6.82,0,0,0,0,1,0,1,0,0,2.0,0,1.0,1,0,1.0,0,0,0,0,3.0
20160302,4747,000415XSHE20160302,20200210033915,1,0,6.82,0.0,000415.XSHE,6.82,1500,6.82,6.82,,,0.0,6.82,,6.820030277195892,6.82052304698192,6.843247732431992,6.915570931426103,6.820000003124406,6.850636896939544,7.0497439178465005,7.2732945999443634,6.972441317749858,7.34033845850862,7.650628538342747,6.824763899037475,6.902683148453886,7.202478141812791,7.712442891014619,7.024631185511769,7.029506816008599,7.109763642907502,7.418552486067175,7.943816177745058,6.615429368880017,6.62002098206635,6.695602654000268,6.986403797558408,7.481069604284179,6.82,0.0,-9.042411309682551,7.585314608333662e-12,1.189781562090386,5.084522159534652,-6.599699632798146,,,,0.0,0.0,29.62962962962965,-0.20883444990487834,0.10619511238516594,6.987577032912897,6.831840139200603,6.82,6.82,6.813999999999997,6.901333333333333,7.141,7.740833333333334,0.0,0.0,0.0,0.0,6.8195,6.871806787322488,6.767193212677512,,39697169,-0.001148221554080576,-0.0014562293861569119,,0.4795918367346943,0.22362869198312252,0.0,6.82,1.7846723431355793,7.0318924582567846,6.8195,6.82,6.82,6.82,0,0,0,0,1,0,1,0,0,2.0,0,0.0,1,0,1.0,0,1,0,0,2.0
20160303,4748,000415XSHE20160303,20200210033915,1,0,6.82,0.0,000415.XSHE,6.82,1500,6.82,6.82,,,0.0,6.82,,6.820020184797263,6.820392285236441,6.840148034774393,6.906882664932821,6.820000001562202,6.846807284822102,7.03492172959834,7.253586139077218,6.9607150625383305,7.319933028763184,7.6287698925968845,6.823897735576116,6.8948085628868485,7.183820671480459,7.6904072640759855,7.0246207903411815,7.0286146676433985,7.101652819773455,7.399335291624872,7.921119481998264,6.615419579253343,6.619180803508833,6.687964306000242,6.968306051336045,7.459695046153707,6.82,0.0,-8.58153936891768,3.825999346404019e-11,0.7931877080602573,3.654077342376521,-4.9285915605722685,,,,0.0,0.0,33.33333333333333,-0.19609662793194407,0.10190257578347424,6.975163919363793,6.830018579323586,6.82,6.82,6.819999999999999,6.892333333333332,7.08825,7.7015,0.0,0.0,0.0,0.0,6.813999999999997,6.814000000000003,6.813999999999996,,39697169,-0.0007448432143691245,-0.0009465323842248502,,0.4725274725274729,0.2523364485981309,0.0,6.82,1.189781562090386,5.084522159534652,6.813999999999997,6.82,6.82,6.82,0,0,0,0,1,0,1,0,0,2.0,0,0.0,1,0,1.0,0,1,0,0,2.0
20160304,4749,000415XSHE20160304,20200210033915,1,0,6.82,0.0,000415.XSHE,6.82,1500,6.82,6.82,,,0.0,6.82,,6.820013456531508,6.820294213927331,6.837461630137807,6.8989842408480175,6.820000000781103,6.843456374219339,7.021055811559736,7.234734567812991,6.94989082695846,7.300327811948942,7.607486474370651,6.823189056380457,6.887683937850005,7.166073321652143,7.6689157266913925,7.024613860227452,7.027884728071872,7.094314455985504,7.3810555213017075,7.898983198492135,6.615413052835562,6.618493384689044,6.681053419714504,6.951091122002579,7.438848254890653,6.82,0.0,-8.088730761974027,-2.7414640986002556e-11,0.5287918053735049,2.6123154967088484,-3.6382555772971816,,,,0.0,0.0,41.02564102564109,-0.18391590960146867,0.09744574664380327,6.9636702957072165,6.8284772594276495,6.82,6.82,6.819999999999999,6.8823333333333325,7.033250000000002,7.659166666666668,0.0,0.0,0.0,0.0,6.819999999999999,6.820000000000002,6.819999999999995,,39697169,-0.00048171419450070965,-0.0006132787044349171,,0.4320987654320996,0.2608695652173916,0.0,6.82,0.7931877080602573,3.654077342376521,6.819999999999999,6.82,6.82,6.82,0,0,0,0,1,0,1,0,0,2.0,0,0.0,1,0,0.0,0,1,0,0,1.0
20160307,4750,000415XSHE20160307,20200210033915,1,0,6.82,0.0,000415.XSHE,6.82,1500,6.82,6.82,,,0.0,6.82,,6.820008971021006,6.820220660445497,6.8351334127861,6.891803855316379,6.820000000390551,6.840524327441923,7.0080844688784625,7.2167026300819925,6.939899224884733,7.28149142716663,7.586763146097739,6.822609227947647,6.881237848530956,7.149191696205697,7.647954844550863,7.024609240151638,7.027287504786076,7.087674983986885,7.363667447091867,7.877393489887392,6.615408701890376,6.6179309511092175,6.674800713075028,6.9347159453195255,7.418516199214338,6.82,0.0,-7.603099766975497,-1.6118793542700356e-11,0.3525278702490033,1.8590529545555667,-2.660522298364124,,,,0.0,0.0,34.285714285714356,-0.1723037248634164,0.09289747790441827,6.953028051580758,6.82717306566955,6.82,6.82,6.819999999999999,6.870999999999999,7.0002499999999985,7.618166666666667,0.0,0.0,0.0,0.0,6.819999999999999,6.820000000000002,6.819999999999995,,39697169,-0.0003106709341646912,-0.0003961925643327004,,0.4391891891891904,0.19662921348314644,0.0,6.82,0.5287918053735049,2.6123154967088484,6.819999999999999,6.82,6.82,6.82,0,0,0,0,1,0,1,0,0,2.0,0,0.0,1,0,0.0,0,1,0,0,1.0
20160308,4751,000415XSHE20160308,20200210033915,1,0,6.82,0.0,000415.XSHE,6.82,1500,6.82,6.82,,,0.0,6.82,,6.820005980680673,6.820165495334122,6.833115624414621,6.885276232105799,6.820000000195275,6.837958786511682,6.995949987015338,7.199454689643644,6.930676207585907,7.263393724140487,7.566585168568852,6.822134822866257,6.8754056724803885,7.133133564683468,7.62751151505578,7.024606160101093,7.026798867552245,7.0816678426548005,7.347127571623973,7.8563368605074535,6.615405801260253,6.6174707781802695,6.669143502305976,6.919139557742962,7.3986861696041055,6.82,0.0,-7.054077627562088,-1.4628821030350653e-11,0.2350185801660022,1.3177081630923784,-1.93036058568675,,,,0.0,0.0,100.0,-0.16126390083653908,0.08831859221501848,6.9431741218340335,6.826069517105004,6.82,6.82,6.819999999999999,6.851999999999999,6.96625,7.579,0.0,0.0,0.0,0.0,6.819999999999999,6.820000000000002,6.819999999999995,,39697169,-0.0001998425738621515,-0.0002552567540134213,,0.4142857142857152,0.17857142857142902,0.0,6.82,0.3525278702490033,1.8590529545555667,6.819999999999999,6.82,6.82,6.82,0,0,0,0,1,0,1,0,0,2.0,0,0.0,1,0,0.0,0,1,0,0,1.0
20160309,4752,000415XSHE20160309,20200210033915,1,0,6.82,0.0,000415.XSHE,6.82,1500,6.82,6.82,,,0.0,6.82,,6.820003987120447,6.8201241215005926,6.83136687449267,6.8793420291870895,6.820000000097637,6.835713938197721,6.98459837494983,7.182956659659138,6.922162653156222,7.246005734958508,7.546938190448617,6.821746673254211,6.8701289417679705,7.117858756650128,7.607572959128476,7.0246041067340625,7.026399073451837,7.0762328100210095,7.331394519349632,7.835800147902331,6.615403867506836,6.617094273056583,6.6640250735149325,6.9043229939506245,7.379345770354623,6.82,0.0,-6.516435013844289,-1.6983704415723878e-11,0.15667905344400146,0.9306984598762528,-1.391359759420501,,,,0.0,0.0,,-0.15079399418255016,0.08375925323191141,6.93405011280929,6.825135745242696,6.82,6.82,6.819999999999999,6.838999999999999,6.9307500000000015,7.546,0.0,0.0,0.0,0.0,6.819999999999999,6.820000000000002,6.819999999999995,,39697169,-0.0001282423284361242,-0.00016404245114913784,,0.7200000000000021,0.2900000000000012,0.0,6.82,0.2350185801660022,1.3177081630923784,6.819999999999999,6.82,6.82,6.82,0,0,0,0,1,0,1,0,0,2.0,0,0.0,1,0,0.0,0,1,0,0,1.0
20160310,4753,000415XSHE20160310,20200210033915,1,0,6.82,0.0,000415.XSHE,6.82,1500,6.82,6.82,,,0.0,6.82,,6.8200026580802975,6.820093091125445,6.829851291226982,6.8739472992609905,6.820000000048819,6.8337496959230055,6.973979124953067,7.167175935326131,6.914303987528821,7.229299627705232,7.527808238068391,6.821429096298901,6.865354756837688,7.10332906120378,7.588126713224069,7.024602737822707,7.026071969187868,7.071315399542817,7.316428933039893,7.81577051462079,6.615402578337889,6.616786223409933,6.6593941141325566,6.890229189367667,7.360482911827347,6.82,0.0,-5.936224208319478,-2.975777269421106e-11,0.10445270229600097,0.6552832073495022,-0.9972083078110014,,,,0.0,0.0,,-0.14088646048902526,0.07926026954819948,6.925601956304898,6.824345630589972,6.82,6.82,6.819999999999999,6.834666666666665,6.9155,7.512833333333332,0.0,0.0,0.0,0.0,6.819999999999999,6.820000000000002,6.819999999999995,,39697169,-8.211114974698772e-05,-0.00010517673909155595,,0.7750000000000022,0.3653846153846164,0.0,6.82,0.15667905344400146,0.9306984598762528,6.819999999999999,6.82,6.82,6.82,0,0,0,0,1,0,1,0,0,2.0,0,0.0,1,0,0.0,0,1,0,0,1.0
20160311,4754,000415XSHE20160311,20200210033915,1,0,6.82,0.0,000415.XSHE,6.82,1500,6.82,6.82,,,0.0,6.82,,6.820001772053533,6.820069818344084,6.828537785730051,6.8690429993281725,6.820000000024409,6.832030983932631,6.964044987859322,7.152081329442384,6.907049834641987,7.21324866191287,7.509181705487642,6.82116926060819,6.861035256186477,7.089508131388961,7.569160621539522,7.0246018252151385,7.025804338426436,7.066866313872072,7.3021933753306305,7.796235440185709,6.6154017188919285,6.6165341827899455,6.655204198500883,6.876822887447293,7.3420858028933385,6.82,0.0,-5.32774369082978,-6.10817439512499e-11,0.06963513486400065,0.4600671831876684,-0.7112289617833347,,,,0.0,0.0,,-0.1315296718179269,0.07485430936878645,6.917779589171202,6.823677072037669,6.82,6.82,6.819999999999999,6.827333333333333,6.8977499999999985,7.4801666666666655,0.0,0.0,0.0,0.0,6.819999999999999,6.820000000000002,6.819999999999995,,39697169,-5.2464357888317964e-05,-6.728775381765284e-05,,6.4999999999999885,2.7499999999999947,0.0,6.82,0.10445270229600097,0.6552832073495022,6.819999999999999,6.82,6.82,6.82,0,0,0,0,1,0,1,0,0,2.0,0,0.0,1,0,0.0,0,1,0,0,1.0
20160314,4755,000415XSHE20160314,20200210033915,1,0,6.82,0.0,000415.XSHE,6.82,1500,6.82,6.82,,,0.0,6.82,,6.8200011813690224,6.820052363758062,6.827399414299379,6.864584544843793,6.820000000012205,6.830527110941053,6.954751762836139,7.137643010770978,6.900353693515682,7.197827145759424,7.491045344816915,6.8209566677703375,6.8571271365496695,7.0763613932724265,7.55066282841509,7.024601216810093,7.025585367803448,7.06284095064616,7.2886522350705985,7.777182713267543,6.615401145927953,6.616327967737227,6.651413322453178,6.864070551474254,7.324142943562638,6.82,0.0,-4.7219893825090224,-3.4816594052063214e-10,0.0464234232426671,0.3221859298726679,-0.5051015900173346,,,,0.0,0.0,,-0.12270879505288995,0.07056701412029556,6.9105366566400015,6.823111368647258,6.82,6.82,6.819999999999999,6.821999999999999,6.888249999999998,7.450833333333334,0.0,0.0,0.0,0.0,6.819999999999999,6.820000000000002,6.819999999999995,,39697169,-3.345614842309493e-05,-4.296025315570645e-05,,,,0.0,6.82,0.06963513486400065,0.4600671831876684,6.819999999999999,6.82,6.82,6.82,0,0,0,0,1,0,1,0,0,2.0,0,0.0,1,0,1.0,0,1,0,0,2.0
20160315,4756,000415XSHE20160315,20200210033915,1,0,6.82,0.0,000415.XSHE,6.82,1500,6.82,6.82,,,0.0,6.82,,6.820000787579348,6.820039272818548,6.826412825726128,6.860531404403447,6.820000000006102,6.829211222073422,6.946058100717679,7.123832445085283,6.89417264016832,7.183010394945329,7.473386256795418,6.820782728175731,6.8535912187830315,7.0638559594542585,7.532621770923358,7.024600811206731,7.0254062100210035,7.059198955346522,7.275771638237886,7.7586004240510595,6.615400763951968,6.616159246330457,6.647983482219543,6.851940280670631,7.306643117795657,6.82,0.0,-4.178492146008309,-66.66666666666667,0.03094894882844473,0.22510693619126015,-0.35736702589718616,,,,0.0,0.0,,-0.11440654425870185,0.06641800635350484,6.903830237629631,6.822632696547681,6.82,6.82,6.819999999999999,6.8196666666666665,6.8825,7.418166666666666,0.0,0.0,0.0,0.0,6.819999999999999,6.820000000000002,6.819999999999995,,39697169,-2.1295570235010244e-05,-2.7375859329052592e-05,,,,0.0,6.82,0.0464234232426671,0.3221859298726679,6.819999999999999,6.82,6.82,6.82,0,0,0,0,1,0,1,0,0,2.0,0,0.0,1,0,1.0,0,1,0,0,2.0
20160316,4757,000415XSHE20160316,20200210033915,1,0,6.82,0.0,000415.XSHE,6.82,1500,6.82,6.82,,,0.0,6.82,,6.8200005250529,6.820029454613911,6.825557782295977,6.856846731275862,6.82000000000305,6.828059819314244,6.937925320026215,7.110622338777228,6.888467052463065,7.168774693182768,7.456191881616589,6.82064041396196,6.85039205508941,7.051960546797953,7.515026171641301,7.024600540804488,7.0252596263808185,7.055903816742092,7.263519363201891,7.74047695679054,6.615400509301312,6.616021201543101,6.644880293436726,6.840401730394015,7.2895753864920625,6.82,0.0,-3.628758761021872,-66.66666666666667,0.020632632552296488,0.15694883497827228,-0.2519997722996551,,,,0.0,0.0,,-0.10660382022460728,0.06242179227275663,6.897620590397806,6.822227666309577,6.82,6.82,6.819999999999999,6.815999999999999,6.881,7.385,0.0,0.0,0.0,0.0,6.819999999999999,6.820000000000002,6.819999999999995,,39697169,-1.3531687976559735e-05,-1.741362910578499e-05,,,,0.0,6.82,0.03094894882844473,0.22510693619126015,6.819999999999999,6.82,6.82,6.82,0,0,0,0,1,0,1,0,0,2.0,0,0.0,1,0,0.0,0,1,0,0,1.0
20160317,4758,000415XSHE20160317,20200210033915,1,0,6.82,0.0,000415.XSHE,6.82,1500,6.82,6.82,,,0.0,6.82,,6.820000350035268,6.820022090960434,6.824816744656513,6.853497028432603,6.820000000001526,6.827052341899964,6.930317234863233,7.097986584917347,6.883200356119753,7.155097254234422,7.439449989995099,6.8205239750597855,6.847497573652323,7.040645398173663,7.4978650316007736,7.0246003605363265,7.025139694311579,7.052922500861893,7.251864760118872,7.722800982548798,6.61540033953421,6.615908255807992,6.642072646442753,6.829426036228452,7.272929080652751,6.82,0.0,-3.0506354305858983,-66.66666666666667,0.013755088368197659,0.1092175861082474,-0.17716990711190184,,,,0.0,0.0,,-0.09928024990352792,0.05858856256863471,6.891870917035006,6.821884948415796,6.82,6.82,6.819999999999999,6.819999999999999,6.874250000000001,7.353499999999999,0.0,0.0,0.0,0.0,6.819999999999999,6.820000000000002,6.819999999999995,,39697169,-8.584350776638506e-06,-1.1058019376599119e-05,,,,0.0,6.82,0.020632632552296488,0.15694883497827228,6.819999999999999,6.82,6.82,6.82,0,0,0,0,1,0,1,0,0,2.0,0,0.0,1,0,0.0,0,1,0,0,1.0
20160318,4759,000415XSHE20160318,20200210033915,1,0,6.82,0.0,000415.XSHE,6.82,1500,6.82,6.82,,,0.0,6.82,,6.820000233356846,6.820016568220326,6.824174512035644,6.850451844029638,6.820000000000763,6.826170799162468,6.9231999939043165,7.0859002116600704,6.878338790264388,7.1419561854409155,7.423148674468912,6.820428706867098,6.844878757114008,7.029882208018849,7.4811276234131014,7.024600240357553,7.02504156807311,7.050225119827428,7.240778674259413,7.705561452115494,6.615400226356139,6.615815845661084,6.639532394400589,6.818985741778285,7.256693794710706,6.82,0.0,-2.440419992561382,-66.66666666666667,0.009170058912131771,0.07586841037620885,-0.1242266440160224,,,,0.0,0.0,,-0.09241463773301377,0.05492489736411349,6.886547145402784,6.821594956351827,6.82,6.82,6.819999999999999,6.819999999999999,6.8667500000000015,7.320166666666666,0.0,0.0,0.0,0.0,6.819999999999999,6.820000000000002,6.819999999999995,,39697169,-5.437451628784039e-06,-7.010901202711273e-06,,,,0.0,6.82,0.013755088368197659,0.1092175861082474,6.819999999999999,6.82,6.82,6.82,0,0,0,0,1,0,1,0,0,2.0,0,0.0,1,0,0.0,0,1,0,0,1.0
20160321,4760,000415XSHE20160321,20200210033915,1,0,6.82,0.0,000415.XSHE,6.82,1500,6.82,6.82,,,0.0,6.82,,6.820000155571232,6.820012426165245,6.823617910430893,6.847683494572397,6.820000000000383,6.82539944926716,6.916541929781457,7.074339332892243,6.873851191013283,7.129330452678528,7.407276340930258,6.820350760163988,6.842509351674577,7.0196440515301255,7.464803484563395,7.02460016023837,7.02496128296891,7.047784632224815,7.230233373076029,7.688747589100298,6.615400150904096,6.615740237359068,6.6372340711243405,6.80905472998422,7.2408593800264915,6.82,0.0,-2.070589586743577,-66.66666666666667,0.006113372608087849,0.052616731120168514,-0.08689334441607348,,,,0.0,0.0,,-0.08598533994106197,0.05143438233561432,6.881617727224801,6.821349578451547,6.82,6.82,6.819999999999999,6.819999999999999,6.858250000000001,7.287666666666666,0.0,0.0,0.0,0.0,6.819999999999999,6.820000000000002,6.819999999999995,,39697169,-3.4391587581227128e-06,-4.438305193453375e-06,,,,0.0,6.82,0.009170058912131771,0.07586841037620885,6.819999999999999,6.82,6.82,6.82,0,0,0,0,1,0,1,0,0,2.0,0,0.0,1,0,0.0,0,1,0,0,1.0
20160322,4761,000415XSHE20160322,20200210033915,1,0,6.82,0.0,000415.XSHE,6.82,1500,6.82,6.82,,,0.0,6.82,,6.820000103714155,6.820009319623932,6.823135522373438,6.845166813247633,6.820000000000192,6.824724518108765,6.910313418182652,7.0632811010273615,6.869708791704568,7.117199846691134,7.3918217003794595,6.820286985588718,6.8403656038960445,7.009905317309142,7.448882410870472,7.024600106825581,7.024895595156379,7.045576572012927,7.220202476828418,7.6723488831965865,6.615400100602731,6.615678376021056,6.635154635779164,6.799608157789867,7.225415938544358,6.82,0.0,-1.6866080438229152,-66.66666666666667,0.004075581738725233,0.036436347993020764,-0.060645950769865814,,,,0.0,0.0,,-0.07997057198017236,0.04811814368711684,6.877053451134076,6.821141950997464,6.82,6.82,6.819999999999999,6.819999999999999,6.8439999999999985,7.251333333333332,0.0,0.0,0.0,0.0,6.819999999999999,6.820000000000002,6.819999999999995,,39697169,-2.172257788678968e-06,-2.8057082734008405e-06,,,,0.0,6.82,0.006113372608087849,0.052616731120168514,6.819999999999999,6.82,6.82,6.82,0,0,0,0,1,0,1,0,0,2.0,0,0.0,1,0,0.0,0,1,0,0,1.0
20160323,4762,000415XSHE20160323,20200210033915,1,0,6.82,0.0,000415.XSHE,6.82,1500,6.82,6.82,,,0.0,6.82,,6.820000069142768,6.82000698971795,6.822717452723647,6.8428789211342105,6.820000000000096,6.824133953345169,6.904486746041836,7.052703661852258,6.865885038496523,7.105544950742463,7.37677376089579,6.8202348063907685,6.838426022572612,7.000641643294062,7.433354450108237,7.024600071217053,7.024841850582493,7.043578803249793,7.210660892592884,7.6563550836114835,6.615400067068486,6.615627762199045,6.633273241895433,6.79062239399524,7.210353816604989,6.82,0.0,-1.282459543178011,-66.66666666666667,0.002717054492483489,0.02519658349284167,-0.042242003508232866,,,,0.0,0.0,,-0.0743486582521315,0.044975309824326966,6.87282726956859,6.820966266228623,6.82,6.82,6.819999999999999,6.819999999999999,6.83425,7.216166666666666,0.0,0.0,0.0,0.0,6.819999999999999,6.820000000000002,6.819999999999995,,39697169,-1.370262106653228e-06,-1.771259947666098e-06,,,,0.0,6.82,0.004075581738725233,0.036436347993020764,6.819999999999999,6.82,6.82,6.82,0,0,0,0,1,0,1,0,0,2.0,0,0.0,1,0,0.0,0,1,0,0,1.0
20160324,4763,000415XSHE20160324,20200210033915,1,0,6.82,0.0,000415.XSHE,6.82,1500,6.82,6.82,,,0.0,6.82,,6.820000046095178,6.820005242288463,6.822355125693829,6.84079901921292,6.820000000000047,6.823617209177022,6.899035988232684,7.042586111336943,6.862355420150638,7.094347109536876,7.362121819819585,6.820192114319721,6.836671163279982,6.991829855816302,7.418209895784576,7.024600047478034,7.024797877749312,7.041771298178383,7.201584751490794,7.640756192658113,6.615400044712322,6.61558635089013,6.6315710283815825,6.782074960141814,7.195663598911039,6.82,0.0,-1.1078243721361298,-66.66666666666667,0.001811369661655659,0.017401512215779666,-0.029368915446592363,,,,0.0,0.0,,-0.06909823232244086,0.04200340743752512,6.868914138489434,6.820817609885758,6.82,6.82,6.819999999999999,6.819999999999999,6.831,7.1786666666666665,0.0,0.0,0.0,0.0,6.819999999999999,6.820000000000002,6.819999999999995,,39697169,-8.632916663828194e-07,-1.1167768865180236e-06,,,,0.0,6.82,0.002717054492483489,0.02519658349284167,6.819999999999999,6.82,6.82,6.82,0,0,0,0,1,0,1,0,0,2.0,0,0.0,1,0,0.0,0,1,0,0,1.0
20160325,4764,000415XSHE20160325,20200210033915,1,0,6.82,0.0,000415.XSHE,6.82,1500,6.82,6.82,,,0.0,6.82,,6.820000030730117,6.820003931716348,6.822041108934653,6.8389081992844725,6.820000000000024,6.823165058029895,6.893936892217673,7.032908454322293,6.859097310908282,7.083588399358959,7.347855456140121,6.820157184443409,6.835083433443795,6.983447911630142,7.4034392810738465,7.024600031652023,7.0247618999767125,7.040135936447108,7.1929513489790455,7.625542459506062,6.615400029808215,6.615552468910106,6.630030930440481,6.773944474281237,7.181336102641631,6.82,0.0,-0.9037807677776788,-66.66666666666667,0.001207579774437106,0.012003534735332149,-0.020384330147352976,,,,0.0,0.0,,-0.06419839490239518,0.039198699360365415,6.8652908689717,6.820691823749487,6.82,6.82,6.819999999999999,6.819999999999999,6.8255,7.139833333333333,0.0,0.0,0.0,0.0,6.819999999999999,6.820000000000002,6.819999999999995,,39697169,-5.432496081083136e-07,-7.032706372455665e-07,,,,0.0,6.82,0.001811369661655659,0.017401512215779666,6.819999999999999,6.82,6.82,6.82,0,0,0,0,1,0,1,0,0,2.0,0,0.0,1,0,0.0,0,1,0,0,1.0
20160328,4765,000415XSHE20160328,20200210033915,1,0,6.82,0.0,000415.XSHE,6.82,1500,6.82,6.82,,,0.0,6.82,,6.820000020486745,6.82000294878726,6.8217689610767,6.837189272076793,6.820000000000013,6.8227694257761575,6.889166770139115,7.023651565003933,6.856089825453798,7.073251599384098,7.333964523083803,6.820128605453697,6.833646915972955,6.975474842770134,7.389033372899183,7.024600021101347,7.024732463617308,7.038656323452144,7.184739088053237,7.610704374086159,6.615400019872142,6.615524747290088,6.628637508493767,6.76621059748703,7.167362371712207,6.82,0.0,-0.7942280278124597,-66.66666666666667,0.0008050531829580707,0.008270707551207455,-0.014126255553540697,,,,0.0,0.0,,-0.05962883601434059,0.03655647110443669,6.861935989788611,6.820585389326488,6.82,6.82,6.819999999999999,6.819999999999999,6.8215,7.101666666666668,0.0,0.0,0.0,0.0,6.819999999999999,6.820000000000002,6.819999999999995,,39697169,-3.4147094744542376e-07,-4.4236027777686865e-07,,,,0.0,6.82,0.001207579774437106,0.012003534735332149,6.819999999999999,6.82,6.82,6.82,0,0,0,0,1,0,1,0,0,2.0,0,0.0,1,0,0.0,0,1,0,0,1.0
20160329,4766,000415XSHE20160329,20200210033915,1,0,6.82,0.0,000415.XSHE,6.82,1500,6.82,6.82,,,0.0,6.82,,6.82000001365783,6.820002211590445,6.8215330995998045,6.835626610978903,6.820000000000007,6.822423247554139,6.884704397872075,7.0147971491341945,6.853313685034275,7.063320164114133,7.3204391408973875,6.820105222643934,6.832347209689817,6.967890704098419,7.374983166160932,7.024600014067565,7.024708379323252,7.0373176259805135,7.176927425221372,7.596232661145762,6.615400013248094,6.615502065964618,6.6273767933991214,6.7588539829754675,7.153733671176103,6.82,0.0,-0.7278020378456391,-66.66666666666667,0.0005367021219720472,0.005692705741462319,-0.009775305117008495,,,,0.0,0.0,,-0.05536992696037911,0.034071272431691814,6.858829620174639,6.8204953294301065,6.82,6.82,6.819999999999999,6.819999999999999,6.819749999999999,7.067833333333334,0.0,0.0,0.0,0.0,6.819999999999999,6.820000000000002,6.819999999999995,,39697169,-2.144090953076785e-07,-2.7794002137655113e-07,,,,0.0,6.82,0.0008050531829580707,0.008270707551207455,6.819999999999999,6.82,6.82,6.82,0,0,0,0,1,0,1,0,0,2.0,0,0.0,1,0,0.0,0,1,0,0,1.0
20160330,4767,000415XSHE20160330,20200210033915,1,0,6.82,0.0,000415.XSHE,6.82,1500,6.82,6.82,,,0.0,6.82,,6.820000009105219,6.820001658692834,6.821328686319832,6.8342060099808215,6.820000000000004,6.822120341609871,6.880529920590005,7.0063277078674915,6.850751093877793,7.05377819689397,7.307269689821139,6.8200860912541295,6.831171284957455,6.960676523410691,7.3612798781075774,7.024600009378376,7.0246886739917525,7.036106423506179,7.169496819113013,7.582118274450804,6.615400008832062,6.615483508516505,6.626236146408732,6.7518562277083705,7.1404414817643485,6.82,0.0,-0.7104588865594506,-66.66666666666667,0.00035780141464803144,0.00391440429919089,-0.006755404354437685,,,,0.0,0.0,,-0.05140278699053498,0.03173711975875297,6.855953352013557,6.820419124902397,6.82,6.82,6.819999999999999,6.819999999999999,6.817000000000002,7.034,0.0,0.0,0.0,0.0,6.819999999999999,6.820000000000002,6.819999999999995,,39697169,-1.34489655813288e-07,-1.7444937556048328e-07,,,,0.0,6.82,0.0005367021219720472,0.005692705741462319,6.819999999999999,6.82,6.82,6.82,0,0,0,0,1,0,1,0,0,2.0,0,0.0,1,0,0.0,0,1,0,0,1.0
20160331,4768,000415XSHE20160331,20200210033915,1,0,6.82,0.0,000415.XSHE,6.82,1500,6.82,6.82,,,0.0,6.82,,6.8200000060701464,6.820001244019625,6.821151528143853,6.832914554528017,6.820000000000002,6.821855298908638,6.876624764422909,6.9982265031776,6.848385625117961,7.044610424466756,7.294446803246897,6.820070438298831,6.8301073530567455,6.953814253976022,7.347914942845661,7.02460000625225,7.024672551447798,7.035010573648449,7.162428681595304,7.568352391131031,6.615400005888041,6.615468325149866,6.625204132465044,6.7451998263567425,7.12747749456029,6.82,0.0,-0.632339656729825,-66.66666666666667,0.0002385342764320209,0.0026891142916046,-0.004662625753913137,,,,0.0,0.0,,-0.04770932891344983,0.029547664616681263,6.85329014075329,6.820354644148183,6.82,6.82,6.819999999999999,6.819999999999999,6.82,6.998833333333333,0.0,0.0,0.0,0.0,6.819999999999999,6.820000000000002,6.819999999999995,,39697169,-8.427732263053508e-08,-1.0938348922191155e-07,,,,0.0,6.82,0.00035780141464803144,0.00391440429919089,6.819999999999999,6.82,6.82,6.82,0,0,0,0,1,0,1,0,0,2.0,0,0.0,1,0,0.0,0,1,0,0,1.0
20160401,4769,000415XSHE20160401,20200210033915,1,0,6.82,0.0,000415.XSHE,6.82,1500,6.82,6.82,,,0.0,6.82,,6.820000004046763,6.820000933014718,6.820997991058007,6.8317405041163815,6.820000000000001,6.821623386545057,6.8729715538149785,6.990477524778575,6.846202115493503,7.035802172526883,7.281961361056188,6.820057631335407,6.829144748003722,6.947286729391826,7.3348800059852755,7.024600004168168,7.02465936027547,7.034019090443834,7.155705331273581,7.5549264061648325,6.6154000039253615,6.615455902395345,6.62427040556361,6.738868127510071,7.114833605805715,6.82,0.0,-0.5453962143085639,-66.66666666666667,0.00015902285095468064,0.0018457504780546269,-0.003214432403245212,,,,0.0,0.0,,-0.04427228730899914,0.027496332835605517,6.8508242044011975,6.820300083509999,6.82,6.82,6.819999999999999,6.819999999999999,6.82,6.9621666666666675,0.0,0.0,0.0,0.0,6.819999999999999,6.820000000000002,6.819999999999995,,39697169,-5.2762681735009824e-08,-6.852000218277244e-08,,,,0.0,6.82,0.0002385342764320209,0.0026891142916046,6.819999999999999,6.82,6.82,6.82,0,0,0,0,1,0,1,0,0,2.0,0,0.0,1,0,0.0,0,1,0,0,1.0
20160405,4770,000415XSHE20160405,20200210033915,1,0,6.82,0.0,000415.XSHE,6.82,1500,6.82,6.82,,,0.0,6.82,,6.820000002697843,6.8200006997610405,6.820864925583607,6.830673185560348,6.82,6.821420463226925,6.869554034214013,6.9830654584838525,6.844186568147848,7.027339342231711,7.269804483133657,6.820047152910787,6.8282738196224155,6.941077620641005,7.322166919417738,7.0246000027787785,7.024648567498112,7.033122034211089,7.1493099492602346,7.541831927000269,6.615400002616908,6.615445738323465,6.623425605033742,6.732845292021775,7.102501911835206,6.82,0.0,-0.44667620354413373,-66.66666666666667,0.0001060152339697871,0.0012658387300263473,-0.002213631758143333,,,,0.0,0.0,,-0.04107523248418997,0.02557643859847333,6.848540930001107,6.820253916816155,6.82,6.82,6.819999999999999,6.819999999999999,6.82,6.940166666666666,0.0,0.0,0.0,0.0,6.819999999999999,6.820000000000002,6.819999999999995,,39697169,-3.3003108200365573e-08,-4.2882894967687695e-08,,,,0.0,6.82,0.00015902285095468064,0.0018457504780546269,6.819999999999999,6.82,6.82,6.82,0,0,0,0,1,0,1,0,0,2.0,0,0.0,1,0,0.0,0,1,0,0,1.0
20160406,4771,000415XSHE20160406,20200210033915,1,0,6.82,0.0,000415.XSHE,6.82,1500,6.82,6.82,,,0.0,6.82,,6.820000001798563,6.820000524820781,6.82074960217246,6.82970289596395,6.82,6.821242905323559,6.866356999748594,6.975975655941077,6.8423260629057046,7.0192083876343885,7.257967523051192,6.820038579654281,6.827485836801232,6.9351713952438825,7.309767736222238,7.024600001852519,7.02463973704391,7.032310411905269,7.143226537101199,7.529060768308906,6.6154000017446055,6.615437422264653,6.622661261697195,6.7271162533865665,7.090474704135572,6.82,0.0,-0.28073458884071745,-66.66666666666667,7.067682264652474e-05,0.0008674514275664062,-0.0015228723871932384,,,,0.0,0.0,,-0.03810257285684608,0.023781277018751167,6.846426787038062,6.820214852690593,6.82,6.82,6.819999999999999,6.819999999999999,6.82,6.9175,0.0,0.0,0.0,0.0,6.819999999999999,6.820000000000002,6.819999999999995,,39697169,-2.0625755898041136e-08,-2.6814432049203356e-08,,,,0.0,6.82,0.0001060152339697871,0.0012658387300263473,6.819999999999999,6.82,6.82,6.82,0,0,0,0,1,0,1,0,0,2.0,0,0.0,1,0,0.0,0,1,0,0,1.0
20160407,4772,000415XSHE20160407,20200210033915,1,0,6.82,0.0,000415.XSHE,6.82,1500,6.82,6.82,,,0.0,6.82,,6.820000001199042,6.820000393615584,6.8206496552161315,6.828820814512683,6.82,6.821087542158113,6.863366225571267,6.969194105682767,6.84060867345142,7.011396294001668,7.246442061918267,6.820031565171684,6.826772899963019,6.929553278402718,7.297674705698233,7.0246000012350125,7.024632512126835,7.031576086961911,7.137439876754799,7.5166049468691805,6.61540000116307,6.615430618216532,6.621969712964129,6.721666680050635,7.0787444645272855,6.82,0.0,-0.1668764821265737,-66.66666666666667,4.7117881764349826e-05,0.0005940069122990541,-0.0010466601793050587,,,,0.0,0.0,,-0.03533954805086988,0.02210419844780956,6.844469247257467,6.820181798430502,6.82,6.82,6.819999999999999,6.819999999999999,6.82,6.893833333333332,0.0,0.0,0.0,0.0,6.819999999999999,6.820000000000002,6.819999999999995,,39697169,-1.2879785210495472e-08,-1.6752770554268305e-08,,,,0.0,6.82,7.067682264652474e-05,0.0008674514275664062,6.819999999999999,6.82,6.82,6.82,0,0,0,0,1,0,1,0,0,2.0,0,0.0,1,0,0.0,0,1,0,0,1.0
20160408,4773,000415XSHE20160408,20200210033915,1,0,6.82,0.0,000415.XSHE,6.82,1500,6.82,6.82,,,0.0,6.82,,6.820000000799362,6.820000295211687,6.820563034520648,6.828018922284255,6.82,6.820951599388351,6.860568404566668,6.962707405435691,6.839023390878234,7.003890556981994,7.2352199023941015,6.820025826049559,6.826127861871304,6.924209216041608,7.285880268520497,7.024600000823343,7.024626600831048,7.030911697727442,7.1319354925228575,7.504456676576113,6.61540000077538,6.615425051268073,6.621344026015165,6.7164829395603585,7.067303860464883,6.82,0.0,-0.12886597938137714,-66.66666666666667,3.141192117623321e-05,0.0004064752485914472,-0.0007187147336541948,,,,0.0,0.0,,-0.03277221463717326,0.02053866730957285,6.842656710423582,6.820153829441193,6.82,6.82,6.819999999999999,6.819999999999999,6.82,6.8836666666666675,0.0,0.0,0.0,0.0,6.819999999999999,6.820000000000002,6.819999999999995,,39697169,-8.036464942439925e-09,-1.0458125076467701e-08,,,,0.0,6.82,4.7117881764349826e-05,0.0005940069122990541,6.819999999999999,6.82,6.82,6.82,0,0,0,0,1,0,1,0,0,2.0,0,0.0,1,0,0.0,0,1,0,0,1.0
20160411,4774,000415XSHE20160411,20200210033915,1,0,6.82,0.0,000415.XSHE,6.82,1500,6.82,6.82,,,0.0,6.82,,6.820000000532907,6.820000221408766,6.820487963251227,6.827289929349322,6.82,6.8208326494648075,6.857951088143011,6.956502735634139,6.83756005311837,6.996679162590543,7.224293062857412,6.820021130404185,6.825544255978798,6.919125839649332,7.274377052013818,7.024600000548895,7.024621764316311,7.030310583658163,7.126699614838814,7.4926083635742335,6.61540000051692,6.615420496492058,6.620777928299434,6.711552064459852,7.056145740453402,6.82,0.0,-0.06447453255955381,-66.66666666666667,2.094128078415548e-05,0.00027796392598901663,-0.0004931040096255668,,,,0.0,0.0,,-0.030387426150552958,0.0190783078929625,6.840978435577392,6.820130163373319,6.82,6.82,6.819999999999999,6.819999999999999,6.82,6.871833333333332,0.0,0.0,0.0,0.0,6.819999999999999,6.820000000000002,6.819999999999995,,39697169,-5.0106286008422825e-09,-6.523546771641104e-09,,,,0.0,6.82,3.141192117623321e-05,0.0004064752485914472,6.819999999999999,6.82,6.82,6.82,0,0,0,0,1,0,1,0,0,2.0,0,0.0,1,0,0.0,0,1,0,0,1.0
20160412,4775,000415XSHE20160412,20200210033915,1,0,6.82,0.0,000415.XSHE,6.82,1500,6.82,6.82,,,0.0,6.82,,6.8200000003552725,6.820000166056576,6.820422901484396,6.826627208499382,6.82,6.820728568281707,6.8555026308434615,6.950567834084829,6.836209279801572,6.989750567979149,7.213653771729588,6.820017288512516,6.8250162315998635,6.91429043283717,7.263157865544341,7.02460000036593,7.024617807167893,7.029766718547862,7.1217191458222855,7.481052601510671,6.6154000003446125,6.6154167698571404,6.620265744651867,6.706861719852054,7.04526312957801,6.82,0.0,-0.0175922125138341,-66.66666666666667,1.396085385610365e-05,0.00018996290194471228,-0.00033804324232111364,,,,0.0,0.0,,-0.028172808749944482,0.017716939204867808,6.839424477386474,6.820110138238963,6.82,6.82,6.819999999999999,6.819999999999999,6.82,6.865499999999999,0.0,0.0,0.0,0.0,6.819999999999999,6.820000000000002,6.819999999999995,,39697169,-3.121777844116373e-09,-4.066203222479328e-09,,,,0.0,6.82,2.094128078415548e-05,0.00027796392598901663,6.819999999999999,6.82,6.82,6.82,0,0,0,0,1,0,1,0,0,2.0,0,0.0,1,0,0.0,0,1,0,0,1.0
20160413,4776,000415XSHE20160413,20200210033915,1,0,6.82,0.0,000415.XSHE,6.82,1500,6.82,6.82,,,0.0,6.82,,6.820000000236847,6.820000124542433,6.82036651461981,6.826024734999439,6.82,6.8206374972464925,6.8532121385309805,6.944890971733313,6.83496241212453,6.983093682960359,7.2032944619472286,6.8200141451466045,6.824538495257022,6.90969089952804,7.252215696024726,7.024600000243955,7.0246145695010025,7.029274650114733,7.1169816265138826,7.4697821669054685,6.615400000229743,6.615413720792207,6.61980234039931,6.702400172542197,7.034649225143983,6.82,0.0,0.002932637320826876,-66.66666666666667,9.307235904069099e-06,0.00012974434659783122,-0.00023156698548345512,,,,0.0,0.0,,-0.02611673366299353,0.016448600695607562,6.837985627209696,6.820093193894508,6.82,6.82,6.819999999999999,6.819999999999999,6.82,6.861666666666666,0.0,0.0,0.0,0.0,6.819999999999999,6.820000000000002,6.819999999999995,,39697169,-1.9436000543413294e-09,-2.5326889492288513e-09,,,,0.0,6.82,1.396085385610365e-05,0.00018996290194471228,6.819999999999999,6.82,6.82,6.82,0,0,0,0,1,0,1,0,0,2.0,0,0.0,1,0,0.0,0,1,0,0,1.0
20160414,4777,000415XSHE20160414,20200210033915,1,0,6.82,0.0,000415.XSHE,6.82,1500,6.82,6.82,,,0.0,6.82,,6.8200000001579,6.820000093406824,6.8203176460038355,6.825477031817671,6.82,6.820557810090682,6.851069419916077,6.93946092948404,6.833811457345719,6.976697852256031,7.193207765580198,6.820011573301767,6.8241062576134945,6.905315733697402,7.2415437035302865,7.0246000001626365,7.024611920500821,7.0288294453418985,7.112475205708326,7.458790014636197,6.615400000153162,6.615411226102713,6.61938306988509,6.6981562616864805,7.02429739242438,6.82,0.0,0.0352030039897481,-66.66666666666667,6.2048239360460675e-06,8.856450571056949e-05,-0.0001585145396130008,,,,0.0,0.0,,-0.02420828736143917,0.015267570412434909,6.836653358527497,6.820078856372277,6.82,6.82,6.819999999999999,6.819999999999999,6.82,6.860666666666666,0.0,0.0,0.0,0.0,6.819999999999999,6.820000000000002,6.819999999999995,,39697169,-1.209251011439926e-09,-1.5764255328906276e-09,,,,0.0,6.82,9.307235904069099e-06,0.00012974434659783122,6.819999999999999,6.82,6.82,6.82,0,0,0,0,1,0,1,0,0,2.0,0,0.0,1,0,0.0,0,1,0,0,1.0
20160415,4778,000415XSHE20160415,20200210033915,1,0,6.82,0.0,000415.XSHE,6.82,1500,6.82,6.82,,,0.0,6.82,,6.820000000105268,6.8200000700551175,6.820275293203324,6.824979119834246,6.82,6.8204880838293445,6.8490649412118145,6.934266976028211,6.832749037549895,6.970552838442068,7.183386508591242,6.820009469065082,6.823715185459827,6.901153990590212,7.2311352170233665,7.024600000108426,7.024609753137036,7.028426641023621,7.108188610307919,7.448069273534069,6.615400000102109,6.615409184993132,6.619003729896033,6.694119370872506,7.014201160512668,6.82,0.0,6.511571991936406e-14,-66.66666666666667,4.1365492906973775e-06,6.042185357061214e-05,-0.00010843405926913214,,,,0.0,0.0,,-0.02243724024748245,0.01416837691165374,6.835419776414351,6.820066724622696,6.82,6.82,6.819999999999999,6.819999999999999,6.82,6.856166666666668,0.0,0.0,0.0,0.0,6.819999999999999,6.820000000000002,6.819999999999995,,39697169,-7.51865171606021e-10,-9.805580915229737e-10,,,,0.0,6.82,6.2048239360460675e-06,8.856450571056949e-05,6.819999999999999,6.82,6.82,6.82,0,0,0,0,1,0,1,0,0,2.0,0,0.0,1,0,0.0,0,1,0,0,1.0
20160418,4779,000415XSHE20160418,20200210033915,1,0,6.82,0.0,000415.XSHE,6.82,1500,6.82,6.82,,,0.0,6.82,,6.820000000070177,6.82000005254134,6.820238587442881,6.824526472576588,6.82,6.820427073350677,6.847189783714278,6.92929884663568,6.831768342353749,6.964648805561987,7.1738237057335805,6.820007747416887,6.823361358273176,6.897195259341909,7.220983730183286,7.024600000072282,7.024607979839394,7.028062199021371,7.104111117122166,7.437613242088783,6.615400000068072,6.615407514994381,6.61866051752498,6.690279401561653,7.004354218277785,6.82,0.0,6.511571991936406e-14,-66.66666666666667,2.757699527131585e-06,4.120046888945195e-05,-7.412783919750915e-05,,,,0.0,0.0,,-0.020794014489566283,0.013145806063329338,6.834277570754027,6.8200564592961275,6.82,6.82,6.819999999999999,6.819999999999999,6.82,6.851166666666668,0.0,0.0,0.0,0.0,6.819999999999999,6.820000000000002,6.819999999999995,,39697169,-4.672052904156861e-10,-6.095352310108536e-10,,,,0.0,6.82,4.1365492906973775e-06,6.042185357061214e-05,6.819999999999999,6.82,6.82,6.82,0,0,0,0,1,0,1,0,0,2.0,0,0.0,1,0,0.0,0,1,0,0,1.0
20160419,4780,000415XSHE20160419,20200210033915,1,0,6.82,0.0,000415.XSHE,6.82,1500,6.82,6.82,,,0.0,6.82,,6.820000000046785,6.820000039406004,6.82020677578383,6.824114975069626,6.82,6.820373689181843,6.8454356041198094,6.924546722868911,6.8308630852496135,6.958976303383086,7.1645125555826965,6.8200063387956344,6.8230412289138265,6.893429636934986,7.211082897339254,7.0246000000481885,7.024606528959504,7.0277324657812414,7.100232526043036,7.42741538425943,6.6154000000453825,6.6154061486317675,6.618349992046412,6.686626747826936,6.994750410419075,6.82,0.0,6.511571991936406e-14,-66.66666666666667,1.8384663514210568e-06,2.8079801376774988e-05,-5.06442036992868e-05,,,,0.0,0.0,,-0.019269651525618662,0.012194903711580954,6.833219972920397,6.820047773250568,6.82,6.82,6.819999999999999,6.819999999999999,6.82,6.8455,0.0,0.0,0.0,0.0,6.819999999999999,6.820000000000002,6.819999999999995,,39697169,-2.9011657852651887e-10,-3.7866093447110247e-10,,,,0.0,6.82,2.757699527131585e-06,4.120046888945195e-05,6.819999999999999,6.82,6.82,6.82,0,0,0,0,1,0,1,0,0,2.0,0,0.0,1,0,0.0,0,1,0,0,1.0
20160420,4781,000415XSHE20160420,20200210033915,1,0,6.82,0.0,000415.XSHE,6.82,1500,6.82,6.82,,,0.0,6.82,,6.8200000000311904,6.820000029554503,6.820179205679319,6.823740886426933,6.82,6.820326978034112,6.843794597402402,6.920001213178956,6.830027463307338,6.953526252270024,7.1554464356989405,6.8200051862873385,6.822751588064891,6.8898477034259615,7.201426529503716,7.0246000000321285,7.024605341875959,7.027434135706838,7.096543134528741,7.4174693253888275,6.615400000030254,6.615405030698718,6.618069040422943,6.683152272323182,6.9853837336186055,6.82,0.0,6.511571991936406e-14,-66.66666666666667,1.2256442342807043e-06,1.9128415662610228e-05,-3.4579898622378334e-05,,,,0.0,0.0,,-0.017855779649959574,0.011310975005272728,6.832240715667036,6.820040423519712,6.82,6.82,6.819999999999999,6.819999999999999,6.82,6.8359999999999985,0.0,0.0,0.0,0.0,6.819999999999999,6.820000000000002,6.819999999999995,,39697169,-1.8007101186415652e-10,-2.350937951953377e-10,,,,0.0,6.82,1.8384663514210568e-06,2.8079801376774988e-05,6.819999999999999,6.82,6.82,6.82,0,0,0,0,1,0,1,0,0,2.0,0,1.0,1,0,0.0,0,1,0,0,2.0
20160421,4782,000415XSHE20160421,20200210033915,1,0,6.82,0.0,000415.XSHE,6.82,1500,6.82,6.82,,,0.0,6.82,,6.8200000000207925,6.820000022165877,6.820155311588744,6.823400805842666,6.82,6.820286105779848,6.842259462086117,6.91565333434509,6.8292561199760025,6.94828992865159,7.1466188979173895,6.820004243326005,6.822489532058714,6.886440498380793,7.192008590503625,7.024600000021418,7.024604370625785,7.0271642180204745,7.093033713332216,7.407768848218733,6.61540000002017,6.615404116026224,6.617814846096951,6.6798472834293685,6.976248332788516,6.82,0.0,6.511571991936406e-14,-66.66666666666667,8.170961561871363e-07,1.3024642493802526e-05,-2.359799651904365e-05,,,,0.0,0.0,,-0.016544582014230726,0.0104895810858308,6.831333995987995,6.820034204516681,6.82,6.82,6.819999999999999,6.819999999999999,6.82,6.8295,0.0,0.0,0.0,0.0,6.819999999999999,6.820000000000002,6.819999999999995,,39697169,-1.1168648280536537e-10,-1.4587874733476092e-10,,,,0.0,6.82,1.2256442342807043e-06,1.9128415662610228e-05,6.819999999999999,6.82,6.82,6.82,0,0,0,0,1,0,1,0,0,2.0,0,1.0,1,0,0.0,0,1,0,0,2.0
20160422,4783,000415XSHE20160422,20200210033915,1,0,6.82,0.0,000415.XSHE,6.82,1500,6.82,6.82,,,0.0,6.82,,6.820000000013863,6.820000016624408,6.820134603376912,6.823091641675152,6.82,6.820250342557367,6.840823367757982,6.911494493721392,6.82854411074708,6.9432589510574125,7.138023663761668,6.8200034718121865,6.822252433767406,6.883199498459778,7.182823193207238,7.024600000014279,7.024603575966553,7.026920006780427,7.089695483413571,7.398307889003456,6.615400000013447,6.6154033676578194,6.617584860754382,6.676703513505983,6.9673384974110215,6.82,0.0,6.511571991936406e-14,-66.66666666666667,5.44730770791424e-07,8.864671919465492e-06,-1.6095151526556714e-05,,,,0.0,0.0,,-0.015328765300640706,0.00972653370872013,6.830494440729625,6.820028942283344,6.82,6.82,6.819999999999999,6.819999999999999,6.82,6.827333333333333,0.0,0.0,0.0,0.0,6.819999999999999,6.820000000000002,6.819999999999995,,39697169,-6.924405656212581e-11,-9.046526968374557e-11,,,,0.0,6.82,8.170961561871363e-07,1.3024642493802526e-05,6.819999999999999,6.82,6.82,6.82,0,0,0,0,1,0,1,0,0,2.0,0,1.0,1,0,1.0,0,1,0,0,3.0
20160425,4784,000415XSHE20160425,20200210033915,1,0,6.82,0.0,000415.XSHE,6.82,1500,6.82,6.82,,,0.0,6.82,,6.820000000009243,6.820000012468307,6.82011665625999,6.822810583341045,6.82,6.820219049737696,6.839479924676822,6.907516472255242,6.827886871458842,6.938425266702219,7.129654619978466,6.820002840573608,6.822037916265748,6.8801165960958865,7.173864595844097,7.024600000009519,7.024602925790815,7.0266990537537195,7.086520093978763,7.3890805337194205,6.6154000000089646,6.615402755356397,6.617376778777776,6.673713098213009,6.958648657968774,6.82,0.0,6.511571991936406e-14,-66.66666666666667,3.6315384719428283e-07,6.030832562041756e-06,-1.0972203582500664e-05,,,,0.0,0.0,,-0.014201529265569463,0.009017888280569965,6.829717074749652,6.82002448962437,6.82,6.82,6.819999999999999,6.819999999999999,6.82,6.823666666666666,0.0,0.0,0.0,0.0,6.819999999999999,6.820000000000002,6.819999999999995,,39697169,-4.2898236282828734e-11,-5.607114642247728e-11,,,,0.0,6.82,5.44730770791424e-07,8.864671919465492e-06,6.819999999999999,6.82,6.82,6.82,0,0,0,0,1,0,1,0,0,2.0,0,1.0,1,0,1.0,0,1,0,0,3.0
20160426,4785,000415XSHE20160426,20200210033915,1,0,6.82,0.0,000415.XSHE,6.82,1500,6.82,6.82,,,0.0,6.82,,6.820000000006161,6.8200000093512285,6.820101102091992,6.822555075764588,6.82,6.8201916685204855,6.838223155342834,6.903711408244145,6.82728018903893,6.93378113859625,7.121505814189558,6.820002324105678,6.821843829002343,6.877184079213159,7.165127198415848,7.0246000000063455,7.0246023938288475,7.026499143872412,7.083499601589553,7.380081014368324,6.615400000005977,6.615402254382508,6.617188514132272,6.670868556836765,6.9501733824633725,6.82,0.0,6.511571991936406e-14,-66.66666666666667,2.421025647961885e-07,4.101255896293234e-06,-7.4762040981979016e-06,,,,0.0,0.0,,-0.013156537301458262,0.008359935712889604,6.828997291434864,6.8200207219898505,6.82,6.82,6.819999999999999,6.819999999999999,6.82,6.821000000000001,0.0,0.0,0.0,0.0,6.819999999999999,6.820000000000002,6.819999999999995,,39697169,-2.656721372708201e-11,-3.4732725004955376e-11,,,,0.0,6.82,3.6315384719428283e-07,6.030832562041756e-06,6.819999999999999,6.82,6.82,6.82,0,0,0,0,1,0,1,0,0,2.0,0,0.0,1,0,1.0,0,1,0,0,2.0
20160427,4786,000415XSHE20160427,20200210033915,1,0,6.82,0.0,000415.XSHE,6.82,1500,6.82,6.82,,,0.0,6.82,,6.820000000004108,6.820000007013423,6.82008762181306,6.8223227961496224,6.82,6.820167709955424,6.8370474679013595,6.900071781798746,6.826720174497473,6.929319133161102,7.113571450658255,6.8200019015410085,6.821668226240214,6.874394611934467,7.156605539195702,7.024600000004232,7.024601958587239,7.026318273027421,7.080626450292503,7.3713037053715755,6.615400000003984,6.6154018444947775,6.617018179453008,6.668162773576434,6.941907373019832,6.82,0.0,6.511571991936406e-14,-66.66666666666667,1.6140170986412568e-07,2.7879711674835312e-06,-5.091737205374685e-06,,,,0.0,0.0,,-0.012187888123414484,0.007749193424350215,6.8283308254026505,6.820017533991412,6.82,6.82,6.819999999999999,6.819999999999999,6.82,6.8198333333333325,0.0,0.0,0.0,0.0,6.819999999999999,6.820000000000002,6.819999999999995,,39697169,-1.6448230851624266e-11,-2.1507722289353137e-11,,,,0.0,6.82,2.421025647961885e-07,4.101255896293234e-06,6.819999999999999,6.82,6.82,6.82,0,0,0,0,1,0,1,0,0,2.0,0,0.0,1,0,1.0,0,1,1,0,2.0
20160428,4787,000415XSHE20160428,20200210033915,1,0,6.82,0.0,000415.XSHE,6.82,1500,6.82,6.82,,,0.0,6.82,,6.8200000000027385,6.820000005260066,6.820075938904653,6.822111632863294,6.82,6.820146746210996,6.835947631262562,6.89659039998141,6.826203237997667,6.925032108331256,7.1058458861672475,6.8200015558062805,6.82150934755067,6.871741216230348,7.148294291314328,7.024600000002821,7.024601602480468,7.02615462797719,7.077893452717258,7.362743120053757,6.615400000002656,6.615401509132092,6.6168640671241485,6.665588979743438,6.933845462574898,6.82,0.0,6.511571991936406e-14,-66.66666666666667,1.0760113990941712e-07,1.8945144916254931e-06,-3.4662255635227354e-06,,,,0.0,0.0,,-0.011290088652812672,0.0071823957648145045,6.827713727224678,6.8200148364542725,6.82,6.82,6.819999999999999,6.819999999999999,6.82,6.8180000000000005,0.0,0.0,0.0,0.0,6.819999999999999,6.820000000000002,6.819999999999995,,39697169,-1.0184098595385818e-11,-1.3316164723505038e-11,,,,0.0,6.82,1.6140170986412568e-07,2.7879711674835312e-06,6.819999999999999,6.82,6.82,6.82,0,0,0,0,1,0,1,0,0,2.0,0,1.0,1,0,1.0,0,1,1,0,3.0
20160429,4788,000415XSHE20160429,20200210033915,1,0,6.82,0.0,000415.XSHE,6.82,1500,6.82,6.82,,,0.0,6.82,,6.820000000001826,6.82000000394505,6.820065813717365,6.821919666239357,6.82,6.820128402934621,6.83491875182627,6.8932603825909124,6.825726065844003,6.920913202122188,7.0983236260049525,6.82000127293241,6.821365600164893,6.869217254463012,7.1401882594300226,7.0246000000018824,7.024601311120382,7.02600656816984,7.075293772096903,7.354393907212923,6.615400000001771,6.6154012347444375,6.616724632159944,6.663140736829122,6.925982611647122,6.82,0.0,6.511571991936406e-14,-66.66666666666667,7.173409327294475e-08,1.2869210255079771e-06,-2.35863977119712e-06,,,,0.0,0.0,,-0.010458028142250877,0.006656484084494357,6.827142340022849,6.8200125539228456,6.82,6.82,6.819999999999999,6.819999999999999,6.82,6.8199999999999985,0.0,0.0,0.0,0.0,6.819999999999999,6.820000000000002,6.819999999999995,,39697169,-6.290178544209529e-12,-8.237138569797673e-12,,,,0.0,6.82,1.0760113990941712e-07,1.8945144916254931e-06,6.819999999999999,6.82,6.82,6.82,0,0,0,0,1,0,1,0,0,2.0,0,1.0,1,0,1.0,0,1,1,0,3.0
20160503,4789,000415XSHE20160503,20200210033915,1,0,6.82,0.0,000415.XSHE,6.82,1500,6.82,6.82,,,0.0,6.82,,6.820000000001218,6.820000002958787,6.82005703855505,6.821745151126689,6.82,6.8201123525677945,6.833956251708447,6.890075148565224,6.825285599240619,6.916955821646807,7.0909993200574535,6.820001041490156,6.821235543006331,6.8668164127818905,7.1322823764811325,7.024600000001255,7.0246010727348605,7.025872609296521,7.072820905165348,7.346250847775567,6.615400000001181,6.615401010245451,6.616598476716142,6.660811920398433,6.918313905186699,6.82,0.0,6.511571991936406e-14,-66.66666666666667,4.782272884862983e-08,8.738882599548615e-07,-1.6043083333638334e-06,,,,0.0,0.0,,-0.009686953563567472,0.0061685966294672346,6.826613277798934,6.8200106225501,6.82,6.82,6.819999999999999,6.819999999999999,6.82,6.8199999999999985,0.0,0.0,0.0,0.0,6.819999999999999,6.820000000000002,6.819999999999995,,39697169,-3.893920051177573e-12,-5.0920492976935505e-12,,,,0.0,6.82,7.173409327294475e-08,1.2869210255079771e-06,6.819999999999999,6.82,6.82,6.82,0,0,0,0,1,0,1,0,0,2.0,0,1.0,1,0,1.0,0,1,1,0,3.0
20160504,4790,000415XSHE20160504,20200210033915,1,0,6.82,0.0,000415.XSHE,6.82,1500,6.82,6.82,,,0.0,6.82,,6.820000000000813,6.82000000221909,6.820049433414378,6.821586501024263,6.82,6.82009830849682,6.8330558483724175,6.887028402975429,6.824879014683648,6.913153632562617,7.083867759003309,6.820000852128309,6.821117872243823,6.864532685329116,7.124571700518636,7.024600000000838,7.024600877692159,7.025751408411138,7.0704686658889875,7.338308851534195,6.615400000000787,6.615400826564459,6.616484336076508,6.6585967047692405,6.910834549503076,6.82,0.0,6.511571991936406e-14,-66.66666666666667,3.188181923241989e-08,5.932194463807142e-07,-1.0907934350641687e-06,,,,0.0,0.0,,-0.008972446262406166,0.0057160584092904405,6.826123405369384,6.820008988311622,6.82,6.82,6.819999999999999,6.819999999999999,6.82,6.8199999999999985,0.0,0.0,0.0,0.0,6.819999999999999,6.820000000000002,6.819999999999995,,39697169,-2.3962584930324453e-12,-3.1450892721050087e-12,,,,0.0,6.82,4.782272884862983e-08,8.738882599548615e-07,6.819999999999999,6.82,6.82,6.82,0,0,0,0,1,0,1,0,0,2.0,0,1.0,1,0,1.0,0,1,0,0,3.0
20160505,4791,000415XSHE20160505,20200210033915,1,0,6.82,0.0,000415.XSHE,6.82,1500,6.82,6.82,,,0.0,6.82,,6.820000000000542,6.820000001664318,6.8200428422924615,6.82144227365842,6.82,6.820086019934718,6.832213535574199,6.884114124585192,6.824503705861829,6.9095005489327095,7.076923870608486,6.820000697195889,6.8210114082206,6.862360359215499,7.1170514116169405,7.024600000000559,7.024600718111767,7.025641750467218,7.068231169991964,7.330562953965449,6.615400000000527,6.615400676280012,6.6163810659739815,6.656489548439032,6.903539869268433,6.82,0.0,6.511571991936406e-14,-66.66666666666667,2.1254546154946594e-08,4.025644796387917e-07,-7.413653208127436e-07,,,,0.0,0.0,,-0.008310399868328171,0.0052963711526239675,6.825669819786468,6.820007605494451,6.82,6.82,6.819999999999999,6.819999999999999,6.82,6.8199999999999985,0.0,0.0,0.0,0.0,6.819999999999999,6.820000000000002,6.819999999999995,,39697169,-1.4846384141614419e-12,-1.940448453596944e-12,,,,0.0,6.82,3.188181923241989e-08,5.932194463807142e-07,6.819999999999999,6.82,6.82,6.82,0,0,0,0,1,0,1,0,0,2.0,0,1.0,1,0,1.0,0,1,0,0,3.0
20160506,4792,000415XSHE20160506,20200210033915,1,0,6.82,0.0,000415.XSHE,6.82,1500,6.82,6.82,,,0.0,6.82,,6.820000000000363,6.820000001248238,6.820037129986798,6.821311157871291,6.82,6.820075267442879,6.8314255655371525,6.8813265539510535,6.824157266949383,6.9059907234843685,7.070162716118787,6.820000570433002,6.8209150836281625,6.860294000229376,7.109716808860966,7.024600000000372,7.024600587545991,7.025542536137007,7.0661028202362575,7.323008313126795,6.615400000000353,6.6154005533200095,6.6162876311193175,6.654485180222495,6.896425304595138,6.82,0.0,6.511571991936406e-14,-66.66666666666667,1.4169697436631063e-08,2.7309955223807147e-07,-5.036900121662496e-07,,,,0.0,0.0,,-0.007696999438109409,0.004907203441750089,6.825249833135617,6.820006435418383,6.82,6.82,6.819999999999999,6.819999999999999,6.82,6.8199999999999985,0.0,0.0,0.0,0.0,6.819999999999999,6.820000000000002,6.819999999999995,,39697169,-9.116200788710744e-13,-1.198129246516258e-12,,,,0.0,6.82,2.1254546154946594e-08,4.025644796387917e-07,6.819999999999999,6.82,6.82,6.82,0,0,0,0,1,0,1,0,0,2.0,0,1.0,1,0,1.0,0,1,0,0,3.0
20160509,4793,000415XSHE20160509,20200210033915,1,0,6.82,0.0,000415.XSHE,6.82,1500,6.82,6.82,,,0.0,6.82,,6.820000000000242,6.820000000936179,6.820032179321892,6.821191961701173,6.82,6.820065859012519,6.830688432276692,6.8786601820401385,6.823837477184044,6.902618538249687,7.0635794867472415,6.82000046671791,6.8208279328064325,6.858328439242578,7.102563307407608,7.024600000000249,7.024600480719447,7.025452770790625,7.064078292419856,7.315640206629838,6.615400000000235,6.615400452716371,6.616203094822239,6.6525785860652995,6.8894864081853795,6.82,0.0,6.511571991936406e-14,-66.66666666666667,9.446464957754043e-09,1.85215189811299e-07,-3.420909847493359e-07,,,,0.0,0.0,,-0.007128701801094986,0.004546381096115387,6.824860956607053,6.820005445354014,6.82,6.82,6.819999999999999,6.819999999999999,6.82,6.8199999999999985,0.0,0.0,0.0,0.0,6.819999999999999,6.820000000000002,6.819999999999995,,39697169,-5.730183352903949e-13,-7.423192070807348e-13,,,,0.0,6.82,1.4169697436631063e-08,2.7309955223807147e-07,6.819999999999999,6.82,6.82,6.82,0,0,0,0,1,0,1,0,0,2.0,0,1.0,1,0,0.0,0,1,0,0,2.0
20160510,4794,000415XSHE20160510,20200210033915,1,0,6.82,0.0,000415.XSHE,6.82,1500,6.82,6.82,,,0.0,6.82,,6.820000000000161,6.820000000702135,6.820027888745639,6.821083601546519,6.82,6.820057626635954,6.829998856000778,6.87610973934274,6.823542286631426,6.899378595573228,7.0571695002538934,6.820000381860107,6.820749082062963,6.8564587592795245,7.095586435619768,7.024600000000167,7.024600393315913,7.025371554524852,7.062152522057911,7.30845402868836,6.6154000000001565,6.615400370404304,6.616126609601072,6.650764996501138,6.882718842551173,6.82,0.0,6.511571991936406e-14,-66.66666666666667,6.297643305169361e-09,1.2557600764258912e-07,-2.322590853696701e-07,,,,0.0,0.0,,-0.00660221706888158,0.004211877857707253,6.824500885747272,6.8200046076072445,6.82,6.82,6.819999999999999,6.819999999999999,6.82,6.8199999999999985,0.0,0.0,0.0,0.0,6.819999999999999,6.820000000000002,6.819999999999995,,39697169,-3.516248875645625e-13,-4.623216114274788e-13,,,,0.0,6.82,9.446464957754043e-09,1.85215189811299e-07,6.819999999999999,6.82,6.82,6.82,0,0,0,0,1,0,1,0,0,2.0,0,1.0,1,0,1.0,0,1,1,0,3.0
20160511,4795,000415XSHE20160511,20200210033915,1,0,6.82,0.0,000415.XSHE,6.82,1500,6.82,6.82,,,0.0,6.82,,6.820000000000107,6.820000000526601,6.820024170246223,6.820985092315017,6.82,6.820050423306459,6.8293537685168575,6.8736701854582725,6.8232698030443935,6.896265709472316,7.05092819761563,6.820000312430997,6.8206777409141095,6.8546802832171085,7.08878183227113,7.024600000000111,7.024600321803927,7.025298073141532,7.060320691713621,7.301445287239265,6.615400000000102,6.615400303058068,6.616057408686687,6.649039874720595,6.876118377302996,6.82,0.0,6.511571991936406e-14,-66.66666666666667,4.198428870112907e-09,8.511681471843038e-08,-1.5763834282652204e-07,,,,0.0,0.0,,-0.0061144912667929685,0.003901806416708883,6.82416748680303,6.820003898744592,6.82,6.82,6.819999999999999,6.819999999999999,6.82,6.8199999999999985,0.0,0.0,0.0,0.0,6.819999999999999,6.820000000000002,6.819999999999995,,39697169,-2.083703037419637e-13,-2.799975956532631e-13,,,,0.0,6.82,6.297643305169361e-09,1.2557600764258912e-07,6.819999999999999,6.82,6.82,6.82,0,0,0,0,1,0,1,0,0,2.0,0,1.0,1,0,1.0,0,1,1,0,3.0
20160512,4796,000415XSHE20160512,20200210033915,1,0,6.82,0.0,000415.XSHE,6.82,1500,6.82,6.82,,,0.0,6.82,,6.820000000000071,6.820000000394951,6.820020947546724,6.820895538468196,6.82,6.8200441203931526,6.828750299580285,6.871336699134001,6.8230182797332875,6.893274897336148,7.044851139783641,6.820000255625362,6.8206131941603845,6.852988562084566,7.082145243819991,7.024600000000072,7.024600263294122,7.0252315899851965,7.058578218947103,7.2946096011345904,6.615400000000069,6.615400247956601,6.6159947983355725,6.647398905222029,6.8696808865053915,6.82,0.0,6.511571991936406e-14,-66.66666666666667,2.7989525800752714e-09,5.767752733897868e-08,-1.0695819693773153e-07,,,,0.0,0.0,,-0.005662690041264002,0.0036144098042317436,6.823858784076879,6.820003298937732,6.82,6.82,6.819999999999999,6.819999999999999,6.82,6.8199999999999985,0.0,0.0,0.0,0.0,6.819999999999999,6.820000000000002,6.819999999999995,,39697169,-1.172082958548548e-13,-1.6278929979840924e-13,,,,0.0,6.82,4.198428870112907e-09,8.511681471843038e-08,6.819999999999999,6.82,6.82,6.82,0,0,0,0,1,0,1,0,0,2.0,0,1.0,1,0,1.0,0,1,1,0,3.0
20160513,4797,000415XSHE20160513,20200210033915,1,0,6.82,0.0,000415.XSHE,6.82,1500,6.82,6.82,,,0.0,6.82,,6.820000000000047,6.820000000296212,6.820018154540494,6.820814125880178,6.82,6.820038605344008,6.828185764123495,6.8691046687368695,6.822786104369188,6.890401371950415,7.038934004526175,6.820000209148022,6.8205547947165375,6.851379363934099,7.075672521750362,7.024600000000049,7.024600215422463,7.025171438558034,7.056920744852125,7.287942697402872,6.6154000000000455,6.615400202873581,6.615938150875041,6.645837983016078,6.86340234609785,6.82,0.0,6.511571991936406e-14,-66.66666666666667,1.8659683867168478e-09,3.9073674354891404e-08,-7.254944354963227e-08,,,,0.0,0.0,,-0.005244183395108091,0.003348053169247285,6.823572948219334,6.820002791408848,6.82,6.82,6.819999999999999,6.819999999999999,6.82,6.8199999999999985,0.0,0.0,0.0,0.0,6.819999999999999,6.820000000000002,6.819999999999995,,39697169,-6.511571991936388e-14,-9.116200788710935e-14,,,,0.0,6.82,2.7989525800752714e-09,5.767752733897868e-08,6.819999999999999,6.82,6.82,6.82,0,0,0,0,1,0,1,0,0,2.0,0,1.0,1,0,1.0,0,1,1,0,3.0
20160516,4798,000415XSHE20160516,20200210033915,1,0,6.82,0.0,000415.XSHE,6.82,1500,6.82,6.82,,,0.0,6.82,,6.820000000000031,6.8200000002221595,6.820015733935096,6.820740114436527,6.82,6.820033779676009,6.827657650309075,6.866969683139613,6.822571788648482,6.887640533834713,7.0331725833544345,6.820000171121109,6.820501957124485,6.849848663254387,7.069359619978747,7.024600000000032,7.024600176254742,7.02511701583822,7.05534412315202,7.281440408578111,6.6154000000000295,6.615400165987476,6.615886898410749,6.644353203356756,6.857278831379385,6.82,0.0,6.511571991936406e-14,-66.66666666666667,1.2439789244778984e-09,2.64637758780869e-08,-4.9195614982740114e-08,,,,0.0,0.0,,-0.004856531401474012,0.003101215949072632,6.823308285388273,6.8200023619613335,6.82,6.82,6.819999999999999,6.819999999999999,6.82,6.8199999999999985,0.0,0.0,0.0,0.0,6.819999999999999,6.820000000000002,6.819999999999995,,39697169,-3.906943195161835e-14,-5.2092575935491107e-14,,,,0.0,6.82,1.8659683867168478e-09,3.9073674354891404e-08,6.819999999999999,6.82,6.82,6.82,0,0,0,0,1,0,1,0,0,2.0,0,1.0,1,0,1.0,0,1,1,0,3.0
20160517,4799,000415XSHE20160517,20200210033915,1,0,6.82,0.0,000415.XSHE,6.82,1500,6.82,6.82,,,0.0,6.82,,6.8200000000000225,6.820000000166621,6.820013636077082,6.820672831305933,6.82,6.820029557216506,6.8271636083536515,6.864927523003108,6.8223739587524435,6.88498796388041,7.027562778529317,6.8200001400081804,6.820454151684056,6.8483926309005145,7.06320259232495,7.024600000000023,7.024600144208425,7.025067776234577,7.053844409827532,7.2750986700947005,6.6154000000000215,6.615400135807934,6.615840527133535,6.6429408519735,6.851306514555203,6.82,0.0,6.511571991936406e-14,-66.66666666666667,8.293192829852658e-10,1.7918957013053022e-08,-3.334995617715025e-08,,,,0.0,0.0,,-0.004497470846918267,0.002872484436445956,6.823063227211362,6.8200019985826685,6.82,6.82,6.819999999999999,6.819999999999999,6.82,6.8199999999999985,0.0,0.0,0.0,0.0,6.819999999999999,6.820000000000002,6.819999999999995,,39697169,-2.604628796774557e-14,-3.2557859959681965e-14,,,,0.0,6.82,1.2439789244778984e-09,2.64637758780869e-08,6.819999999999999,6.82,6.82,6.82,0,0,0,0,1,0,1,0,0,2.0,0,1.0,1,0,1.0,0,1,1,0,3.0
20160518,4800,000415XSHE20160518,20200210033915,1,0,6.82,0.0,000415.XSHE,6.82,1500,6.82,6.82,,,0.0,6.82,,6.820000000000015,6.820000000124964,6.820011817933472,6.8206116648235735,6.82,6.820025862564442,6.826701440072771,6.862974152437756,6.822191346540719,6.882439416277259,7.022100600146969,6.820000114552148,6.820410899142718,6.847007624515125,7.057197590045322,7.024600000000016,7.0246001179887125,7.025023226116997,7.052417853250577,7.268913517746682,6.6154000000000135,6.615400111115582,6.615798572168435,6.6415973957796695,6.845481662343963,6.82,0.0,6.511571991936406e-14,-66.66666666666667,5.528795219901771e-10,1.2130264516032074e-08,-2.2601890466093615e-08,,,,0.0,0.0,,-0.0041649027542531025,0.002660544741321323,6.822836321492003,6.820001691108412,6.82,6.82,6.819999999999999,6.819999999999999,6.82,6.8199999999999985,0.0,0.0,0.0,0.0,6.819999999999999,6.820000000000002,6.819999999999995,,39697169,-2.6046287967745582e-14,-2.6046287967745582e-14,,,,0.0,6.82,8.293192829852658e-10,1.7918957013053022e-08,6.819999999999999,6.82,6.82,6.82,0,0,0,0,1,0,1,0,0,2.0,0,1.0,1,0,1.0,0,1,1,0,3.0
20160519,4801,000415XSHE20160519,20200210033915,1,0,6.82,0.0,000415.XSHE,6.82,1500,6.82,6.82,,,0.0,6.82,,6.820000000000009,6.8200000000937235,6.820010242209009,6.8205560589305225,6.82,6.820022629743887,6.826269089100333,6.8611057110274185,6.822022781422203,6.879990811717365,7.016782163300992,6.8200000937244845,6.8203717658910294,6.845690179416825,7.0513408594269205,7.024600000000009,7.024600096536219,7.024982918867762,7.0510608847993295,7.262881085209727,6.61540000000001,6.6154000909127495,6.6157606129143,6.640319474034319,6.839800633644113,6.82,0.0,6.511571991936406e-14,-66.66666666666667,3.6858634799345137e-10,8.209705126685866e-09,-1.5313651209391377e-08,,,,0.0,0.0,,-0.0038568807365666697,0.0024641761414914572,6.822626223603708,6.820001430937888,6.82,6.82,6.819999999999999,6.819999999999999,6.82,6.8199999999999985,0.0,0.0,0.0,0.0,6.819999999999999,6.820000000000002,6.819999999999995,,39697169,-1.3023143983872791e-14,-1.9534715975809185e-14,,,,0.0,6.82,5.528795219901771e-10,1.2130264516032074e-08,6.819999999999999,6.82,6.82,6.82,0,0,0,0,1,0,1,0,0,2.0,0,1.0,1,0,1.0,0,1,1,0,3.0
20160520,4802,000415XSHE20160520,20200210033915,1,0,6.82,0.0,000415.XSHE,6.82,1500,6.82,6.82,,,0.0,6.82,,6.820000000000008,6.820000000070293,6.8200088765811415,6.820505508118657,6.82,6.820019801025901,6.825864631739023,6.85931850620014,6.821867182851263,6.877638230865703,7.011603685319388,6.8200000766836695,6.820336359615693,6.844436999933076,7.045628739441071,7.024600000000008,7.02460007898418,7.0249464504041645,7.0497701099310675,7.2569976016243025,6.615400000000008,6.6154000743831585,6.615726268827222,6.6391038899350825,6.834259877257838,6.82,0.0,6.511571991936406e-14,-66.66666666666667,2.4572423199563426e-10,5.555044828455788e-09,-1.0372916960924676e-08,,,,0.0,0.0,,-0.0035716001349245193,0.0022822448131372035,6.822431688521952,6.820001210793596,6.82,6.82,6.819999999999999,6.819999999999999,6.82,6.8199999999999985,0.0,0.0,0.0,0.0,6.819999999999999,6.820000000000002,6.819999999999995,,39697169,0.0,-6.5115719919363954e-15,,,,0.0,6.82,3.6858634799345137e-10,8.209705126685866e-09,6.819999999999999,6.82,6.82,6.82,0,0,0,0,1,0,1,0,0,2.0,0,1.0,1,0,1.0,0,1,1,0,3.0
20160523,4803,000415XSHE20160523,20200210033915,1,0,6.82,0.0,000415.XSHE,6.82,1500,6.82,6.82,,,0.0,6.82,,6.820000000000005,6.82000000005272,6.820007693036988,6.820459552835143,6.82,6.820017325897664,6.825486268401022,6.857609005930567,6.821723553401166,6.875377908086656,7.006561483074142,6.820000062741183,6.82030432536658,6.843244951155852,7.040057659454871,7.024600000000005,7.02460006462342,7.024913455127579,7.048542299690528,7.251259389238517,6.615400000000005,6.615400060858947,6.615695195605582,6.6379476026211774,6.828855929671224,6.82,0.0,6.511571991936406e-14,-66.66666666666667,1.6381615466375617e-10,3.757968603858445e-09,-7.024488743725622e-09,,,,0.0,0.0,,-0.003307387893658649,0.0021136979301269593,6.822251563446252,6.820001024517658,6.82,6.82,6.819999999999999,6.819999999999999,6.82,6.8199999999999985,0.0,0.0,0.0,0.0,6.819999999999999,6.820000000000002,6.819999999999995,,39697169,0.0,0.0,,,,0.0,6.82,2.4572423199563426e-10,5.555044828455788e-09,6.819999999999999,6.82,6.82,6.82,0,0,0,0,1,0,1,0,0,2.0,0,1.0,1,0,1.0,0,1,1,0,3.0
20160524,4804,000415XSHE20160524,20200210033915,1,0,6.82,0.0,000415.XSHE,6.82,1500,6.82,6.82,,,0.0,6.82,,6.820000000000002,6.82000000003954,6.820006667298723,6.820417775304676,6.82,6.820015160160454,6.825132315600955,6.855973831759673,6.8215909723703065,6.873206225416591,7.001651970361662,6.820000051333697,6.820275341998335,6.84211105109947,7.034624136999196,7.024600000000002,7.024600052873707,7.024883602258285,7.047374382632454,7.245662861109171,6.615400000000002,6.615400049793685,6.615667081738385,6.636847719566486,6.823585412889218,6.82,0.0,6.511571991936406e-14,-66.66666666666667,1.0921076977583742e-10,2.5417159924975762e-09,-4.755799675667639e-09,,,,0.0,0.0,,-0.0030626931287659753,0.001957558119141389,6.822084780968753,6.820000866899557,6.82,6.82,6.819999999999999,6.819999999999999,6.82,6.8199999999999985,0.0,0.0,0.0,0.0,6.819999999999999,6.820000000000002,6.819999999999995,,39697169,0.0,0.0,,,,0.0,6.82,1.6381615466375617e-10,3.757968603858445e-09,6.819999999999999,6.82,6.82,6.82,0,0,0,0,1,0,1,0,0,2.0,0,1.0,1,0,1.0,0,1,1,0,3.0
20160525,4805,000415XSHE20160525,20200210033915,1,0,6.82,0.0,000415.XSHE,6.82,1500,6.82,6.82,,,0.0,6.82,,6.820000000000002,6.820000000029656,6.820005778325561,6.820379795731523,6.82,6.820013265140399,6.82480119846541,6.854409752117947,6.821468589880282,6.871119706772803,6.9968716553521455,6.820000042000296,6.8202491189508745,6.84103246324096,7.029324775591808,7.024600000000002,7.024600043260305,7.024856592519401,7.0462634371381885,7.240204518859563,6.615400000000002,6.615400040740287,6.615641645382347,6.635801489343732,6.818445032324053,6.82,0.0,6.511571991936406e-14,-66.66666666666667,7.28071798505583e-11,1.7187463882819034e-09,-3.2190712370121317e-09,,,,0.0,0.0,,-0.002836078346702853,0.0018129182565049808,6.8219303527488435,6.820000733530394,6.82,6.82,6.819999999999999,6.819999999999999,6.82,6.8199999999999985,0.0,0.0,0.0,0.0,6.819999999999999,6.820000000000002,6.819999999999995,,39697169,0.0,0.0,,,,0.0,6.82,1.0921076977583742e-10,2.5417159924975762e-09,6.819999999999999,6.82,6.82,6.82,0,0,0,0,1,0,1,0,0,2.0,0,1.0,1,0,1.0,0,1,0,0,3.0
20160526,4806,000415XSHE20160526,20200210033915,1,0,6.82,0.0,000415.XSHE,6.82,1500,6.82,6.82,,,0.0,6.82,,6.820000000000002,6.820000000022241,6.820005007882153,6.820345268846839,6.82,6.8200116069978485,6.824491443725708,6.852913675938907,6.821355621427952,6.869115012389554,6.992217138106036,6.820000034363877,6.8202253933365045,6.8400064894243275,7.024156262614231,7.024600000000002,7.024600035394795,7.0248321551365995,7.045206684107058,7.2348809504926574,6.615400000000002,6.6154000333329614,6.61561863153641,6.6348062947415976,6.813431574735803,6.82,0.0,6.511571991936406e-14,-66.66666666666667,4.8538119900372204e-11,1.1620102988213928e-09,-2.178406237941669e-09,,,,0.0,0.0,,-0.002626211272716983,0.0016789365918869596,6.8217873636563375,6.820000620679563,6.82,6.82,6.819999999999999,6.819999999999999,6.82,6.8199999999999985,0.0,0.0,0.0,0.0,6.819999999999999,6.820000000000002,6.819999999999995,,39697169,0.0,0.0,,,,0.0,6.82,7.28071798505583e-11,1.7187463882819034e-09,6.819999999999999,6.82,6.82,6.82,0,0,0,0,1,0,1,0,0,2.0,0,1.0,1,0,1.0,0,1,0,0,3.0
20160527,4807,000415XSHE20160527,20200210033915,1,0,6.82,0.0,000415.XSHE,6.82,1500,6.82,6.82,,,0.0,6.82,,6.820000000000002,6.820000000016682,6.820004340164533,6.820313880769852,6.82,6.820010156123117,6.824201673162758,6.8514826465502585,6.821251342856572,6.867188933472318,6.987685108155876,6.820000028115901,6.8202039273044575,6.839030563110946,7.0191153672410405,7.024600000000002,7.0246000289593775,7.024810045123592,7.044201480004272,7.229688828258271,6.615400000000002,6.615400027272423,6.6155978094853225,6.6338596462176165,6.808541906223807,6.82,0.0,6.511571991936406e-14,-66.66666666666667,3.235874660024813e-11,7.854597814143446e-10,-1.4738433230279447e-09,,,,0.0,0.0,,-0.002431857249785701,0.0015548321834502592,6.8216549663484605,6.8200005251904,6.82,6.82,6.819999999999999,6.819999999999999,6.82,6.8199999999999985,0.0,0.0,0.0,0.0,6.819999999999999,6.820000000000002,6.819999999999995,,39697169,0.0,0.0,,,,0.0,6.82,4.8538119900372204e-11,1.1620102988213928e-09,6.819999999999999,6.82,6.82,6.82,0,0,0,0,1,0,1,0,0,2.0,0,1.0,1,0,1.0,0,1,0,0,3.0
20160530,4808,000415XSHE20160530,20200210033915,1,0,6.82,0.0,000415.XSHE,6.82,1500,6.82,6.82,,,0.0,6.82,,6.820000000000002,6.820000000012512,6.8200037614759275,6.820285346154412,6.82,6.820008886607728,6.823930597474837,6.8501138358306815,6.821155085713759,6.865338387061637,6.983272342151776,6.820000023003918,6.820184505656414,6.838102242959192,7.0141989384202725,7.024600000000002,7.024600023694035,7.024790040826106,7.043245310247968,7.224624906572881,6.615400000000002,6.6154000223138,6.615578970486722,6.6329591756704165,6.803772970267664,6.82,0.0,6.511571991936406e-14,-66.66666666666667,2.157249773349876e-11,5.308306868540627e-10,-9.96943880507629e-10,,,,0.0,0.0,,-0.0022518721711680674,0.0014398806289410686,6.821532376248574,6.8200004443918765,6.82,6.82,6.819999999999999,6.819999999999999,6.82,6.8199999999999985,0.0,0.0,0.0,0.0,6.819999999999999,6.820000000000002,6.819999999999995,,39697169,0.0,0.0,,,,0.0,6.82,3.235874660024813e-11,7.854597814143446e-10,6.819999999999999,6.82,6.82,6.82,0,0,0,0,1,0,1,0,0,2.0,0,1.0,1,0,1.0,0,1,0,0,3.0
20160531,4809,000415XSHE20160531,20200210033915,1,0,6.82,0.0,000415.XSHE,6.82,1500,6.82,6.82,,,0.0,6.82,,6.820000000000002,6.820000000009383,6.820003259945805,6.82025940559492,6.82,6.820007775781763,6.823677010540979,6.8488045386206515,6.821066232966548,6.863560411098438,6.9789757015688325,6.8200000188213865,6.820166933689135,6.837219206717278,7.009403902903722,7.024600000000002,7.0246000193860265,7.024771941699809,7.042335782918798,7.219686019990834,6.615400000000002,6.615400018256746,6.6155619256784615,6.63210263051576,6.7991217858166095,6.82,0.0,6.511571991936406e-14,-66.66666666666667,1.4381665155665838e-11,3.5868101295459707e-10,-6.742170304421968e-10,,,,0.0,0.0,,-0.0020851959115209865,0.0013334100771766428,6.821418866896828,6.820000376023895,6.82,6.82,6.819999999999999,6.819999999999999,6.82,6.8199999999999985,0.0,0.0,0.0,0.0,6.819999999999999,6.820000000000002,6.819999999999995,,39697169,0.0,0.0,,,,0.0,6.82,2.157249773349876e-11,5.308306868540627e-10,6.819999999999999,6.82,6.82,6.82,0,0,0,0,1,0,1,0,0,2.0,0,1.0,1,0,1.0,0,1,0,0,3.0
20160601,4810,000415XSHE20160601,20200210033915,1,0,6.82,0.0,000415.XSHE,6.82,1500,6.82,6.82,,,0.0,6.82,,6.820000000000002,6.820000000007037,6.820002825286363,6.820235823268107,6.82,6.820006803809044,6.8234397840544645,6.847552167376275,6.820984215046043,6.861852159682813,6.974792130474915,6.820000015399318,6.82015103524255,6.8363792454139976,7.004727263325852,7.024600000000002,7.024600015861298,7.024755566299827,7.0414706227764166,7.214869081225627,6.615400000000002,6.615400014937338,6.615546504185272,6.631287868051577,6.794585445426077,6.82,0.0,6.511571991936406e-14,-66.66666666666667,9.587776770443894e-12,2.423166008932127e-10,-4.558698714750937e-10,,,,0.0,0.0,,-0.001930846223445996,0.0012347975045999234,6.82131376564521,6.820000318174065,6.82,6.82,6.819999999999999,6.819999999999999,6.82,6.8199999999999985,0.0,0.0,0.0,0.0,6.819999999999999,6.820000000000002,6.819999999999995,,39697169,0.0,0.0,,,,0.0,6.82,1.4381665155665838e-11,3.5868101295459707e-10,6.819999999999999,6.82,6.82,6.82,0,0,0,0,1,0,1,0,0,2.0,0,1.0,1,0,1.0,0,1,0,0,3.0
20160602,4811,000415XSHE20160602,20200210033915,1,0,6.82,0.0,000415.XSHE,6.82,1500,6.82,6.82,,,0.0,6.82,,6.820000000000002,6.820000000005277,6.8200024485815165,6.820214384789191,6.82,6.8200059533329105,6.823217862502563,6.846354247055568,6.820908506196347,6.860210898518781,6.970718653357156,6.820000012599441,6.820136650933735,6.835580257832826,7.000166096330152,7.024600000000002,7.024600012977422,7.024740750461747,7.040647665567811,7.210171079220056,6.615400000000002,6.615400012221457,6.615532551405723,6.630512850097841,6.790161113440247,6.82,0.0,6.511571991936406e-14,-66.66666666666667,6.391851180295928e-12,1.6367501765557373e-10,-3.0817448177025976e-10,,,,0.0,0.0,,-0.0017879130682132637,0.0011434652418618602,6.821216449671493,6.8200002692242085,6.82,6.82,6.819999999999999,6.819999999999999,6.82,6.8199999999999985,0.0,0.0,0.0,0.0,6.819999999999999,6.820000000000002,6.819999999999995,,39697169,0.0,0.0,,,,0.0,6.82,9.587776770443894e-12,2.423166008932127e-10,6.819999999999999,6.82,6.82,6.82,0,0,0,0,1,0,1,0,0,2.0,0,1.0,1,0,0.0,0,1,0,0,2.0
20160603,4812,000415XSHE20160603,20200210033915,1,0,6.82,0.0,000415.XSHE,6.82,1500,6.82,6.82,,,0.0,6.82,,6.820000000000002,6.820000000003956,6.820002122103982,6.820194895262901,6.82,6.820005209166298,6.8230102584701395,6.845208410227064,6.820838621104321,6.858634000537652,6.96675237300565,6.8200000103086325,6.820123636559093,6.834820245255616,6.995717550741753,7.024600000000002,7.024600010617893,7.024727345655866,7.0398648526132845,7.2055890772640065,6.615400000000002,6.615400009999372,6.61551992746232,6.629775637897946,6.7858460242195,6.82,0.0,6.511571991936406e-14,-66.66666666666667,4.261234120197285e-12,1.1053708981044828e-10,-2.082904772603047e-10,,,,0.0,0.0,,-0.0016555533512342346,0.0010588777358322306,6.8211263422884185,6.8200002278050995,6.82,6.82,6.819999999999999,6.819999999999999,6.82,6.8199999999999985,0.0,0.0,0.0,0.0,6.819999999999999,6.820000000000002,6.819999999999995,,39697169,0.0,0.0,,,,0.0,6.82,6.391851180295928e-12,1.6367501765557373e-10,6.819999999999999,6.82,6.82,6.82,0,0,0,0,1,0,1,0,0,2.0,0,0.0,1,0,0.0,0,1,0,0,1.0
20160606,4813,000415XSHE20160606,20200210033915,1,0,6.82,0.0,000415.XSHE,6.82,1500,6.82,6.82,,,0.0,6.82,,6.820000000000002,6.820000000002969,6.820001839156784,6.820177177511728,6.82,6.8200045580205115,6.822816048246262,6.8441123923911045,6.820774111788603,6.857118941693036,6.96289046845287,6.820000008434335,6.820111861648702,6.834097306462658,6.9913788457851656,7.024600000000002,7.024600008687366,7.024715217498164,7.0391202256565375,7.201120211158721,6.615400000000002,6.615400008181305,6.615508505799241,6.629074387268777,6.781637480411611,6.82,0.0,6.511571991936406e-14,-66.66666666666667,2.8408227467981906e-12,7.463833412256491e-11,-1.4075420000473525e-10,,,,0.0,0.0,,-0.0015329860346176847,0.0009805385329323976,6.821042909526312,6.820000192758162,6.82,6.82,6.819999999999999,6.819999999999999,6.82,6.8199999999999985,0.0,0.0,0.0,0.0,6.819999999999999,6.820000000000002,6.819999999999995,,39697169,0.0,0.0,,,,0.0,6.82,4.261234120197285e-12,1.1053708981044828e-10,6.819999999999999,6.82,6.82,6.82,0,0,0,0,1,0,1,0,0,2.0,0,0.0,1,0,0.0,0,1,0,0,1.0
20160607,4814,000415XSHE20160607,20200210033915,1,0,6.82,0.0,000415.XSHE,6.82,1500,6.82,6.82,,,0.0,6.82,,6.820000000000002,6.820000000002227,6.82000159393588,6.820161070465205,6.82,6.820003988267946,6.822634367714246,6.843064027504535,6.8207145647279415,6.8556632969207625,6.959130192967267,6.820000006900821,6.8201012081583485,6.8334096329766725,6.987147269346027,7.024600000000002,7.0246000071078445,7.0247042444030985,7.038411921965974,7.196761687426408,6.615400000000002,6.615400006693796,6.615498171913598,6.628407343987372,6.7775328512656445,6.82,0.0,6.511571991936406e-14,-66.66666666666667,1.8938818311987936e-12,5.03901833587762e-11,-9.509872122395604e-11,,,,0.0,0.0,,-0.0014194876008437837,0.0009079874701912087,6.820965656968808,6.820000163103059,6.82,6.82,6.819999999999999,6.819999999999999,6.82,6.8199999999999985,0.0,0.0,0.0,0.0,6.819999999999999,6.820000000000002,6.819999999999995,,39697169,0.0,0.0,,,,0.0,6.82,2.8408227467981906e-12,7.463833412256491e-11,6.819999999999999,6.82,6.82,6.82,0,0,0,0,1,0,1,0,0,2.0,0,0.0,1,0,0.0,0,1,0,0,1.0
20160608,4815,000415XSHE20160608,20200210033915,1,0,6.82,0.0,000415.XSHE,6.82,1500,6.82,6.82,,,0.0,6.82,,6.820000000000002,6.82000000000167,6.820001381411094,6.820146427695643,6.82,6.820003489734452,6.822464408506874,6.842061243699987,6.8206595982104075,6.854264736257202,6.955468872099707,6.8200000056461265,6.820091569286125,6.832755504538787,6.983020176275753,7.024600000000002,7.0246000058155085,7.024694316364709,7.037738169674952,7.1925107815640255,6.615400000000002,6.615400005476742,6.61548882220754,6.627772839402622,6.773529570987481,6.82,0.0,6.511571991936406e-14,-66.66666666666667,1.2625878874658624e-12,3.4014318201672765e-11,-6.424087274094793e-11,,,,0.0,0.0,,-0.0013143878432126685,0.0008407980610489231,6.82089412682297,6.820000138010283,6.82,6.82,6.819999999999999,6.819999999999999,6.82,6.8199999999999985,0.0,0.0,0.0,0.0,6.819999999999999,6.820000000000002,6.819999999999995,,39697169,0.0,0.0,,,,0.0,6.82,1.8938818311987936e-12,5.03901833587762e-11,6.819999999999999,6.82,6.82,6.82,0,0,0,0,1,0,1,0,0,2.0,0,0.0,1,0,0.0,0,1,0,0,1.0
20160613,4816,000415XSHE20160613,20200210033915,1,0,6.82,0.0,000415.XSHE,6.82,1500,6.82,6.82,,,0.0,6.82,,6.820000000000002,6.820000000001253,6.8200011972229495,6.8201331160869465,6.82,6.820003053517647,6.822305414409657,6.841102059191292,6.820608859886528,6.852921021109859,6.951903901781295,6.8200000046195575,6.820082848401731,6.832133284805187,6.978994986738079,7.024600000000002,7.0246000047581445,7.024685333853784,7.037097283349343,7.188364836340221,6.615400000000002,6.6154000044809695,6.615480362949679,6.627169286261033,6.769625137135937,6.82,0.0,6.511571991936406e-14,-66.66666666666667,8.41725258310575e-13,2.295678722055203e-11,-4.3388398666172334e-11,,,,0.0,0.0,,-0.0012170659602744895,0.0007785750635054293,6.8208278952064525,6.8200001167779325,6.82,6.82,6.819999999999999,6.819999999999999,6.82,6.8199999999999985,0.0,0.0,0.0,0.0,6.819999999999999,6.820000000000002,6.819999999999995,,39697169,0.0,0.0,,,,0.0,6.82,1.2625878874658624e-12,3.4014318201672765e-11,6.819999999999999,6.82,6.82,6.82,0,0,0,0,1,0,1,0,0,2.0,0,1.0,1,0,0.0,0,1,0,0,2.0
20160614,4817,000415XSHE20160614,20200210033915,1,0,6.82,0.0,000415.XSHE,6.82,1500,6.82,6.82,,,0.0,6.82,,6.820000000000002,6.820000000000941,6.820001037593223,6.820121014624497,6.82,6.8200026718279405,6.82215667799613,6.840184578356888,6.820562024510641,6.851630000674177,6.948432746471259,6.820000003779639,6.8200749580777575,6.831541417253715,6.975069184596398,7.024600000000002,7.0246000038930285,7.024677206820091,7.036487659771327,7.184321260134291,6.615400000000002,6.61540000366625,6.6154727093354255,6.626595174736103,6.7658171090585055,6.82,0.0,6.511571991936406e-14,-66.66666666666667,5.6115017220705e-13,1.5491574871103703e-11,-2.9299699225586266e-11,,,,0.0,0.0,,-0.001126946932921148,0.0007209522188267336,6.8207665696356035,6.8200000988120975,6.82,6.82,6.819999999999999,6.819999999999999,6.82,6.8199999999999985,0.0,0.0,0.0,0.0,6.819999999999999,6.820000000000002,6.819999999999995,,39697169,0.0,0.0,,,,0.0,6.82,8.41725258310575e-13,2.295678722055203e-11,6.819999999999999,6.82,6.82,6.82,0,0,0,0,1,0,1,0,0,2.0,0,0.0,1,0,0.0,0,1,0,0,1.0
20160615,4818,000415XSHE20160615,20200210033915,1,0,6.82,0.0,000415.XSHE,6.82,1500,6.82,6.82,,,0.0,6.82,,6.820000000000002,6.8200000000007055,6.820000899247461,6.820110013294996,6.82,6.820002337849448,6.822017537480249,6.839306987993545,6.820518791855974,6.850389608490874,6.945052937353594,6.820000003092432,6.820067819213209,6.8309784212901175,6.971240315840932,7.024600000000002,7.024600003185205,7.0246698537896055,7.035907773928822,7.18037752531616,6.615400000000002,6.6154000029996585,6.615465784636812,6.6260490686514135,6.762103106365702,6.82,0.0,6.511571991936406e-14,-66.66666666666667,3.7410011480470003e-13,1.0452416619004038e-11,-1.9782532893593968e-11,,,,0.0,0.0,,-0.0010434981642164953,0.0006675901496372222,6.8207097866996325,6.820000083610236,6.82,6.82,6.819999999999999,6.819999999999999,6.82,6.8199999999999985,0.0,0.0,0.0,0.0,6.819999999999999,6.820000000000002,6.819999999999995,,39697169,0.0,0.0,,,,0.0,6.82,5.6115017220705e-13,1.5491574871103703e-11,6.819999999999999,6.82,6.82,6.82,0,0,0,0,1,0,1,0,0,2.0,0,0.0,1,0,1.0,0,1,0,0,2.0
20160616,4819,000415XSHE20160616,20200210033915,1,0,6.82,0.0,000415.XSHE,6.82,1500,6.82,6.82,,,0.0,6.82,,6.820000000000002,6.8200000000005305,6.820000779347797,6.82010001208636,6.82,6.820002045618267,6.821887373771848,6.838467553732957,6.820478884790133,6.849197859138293,6.941762070581134,6.820000002530171,6.820061360240524,6.830442888544259,6.967505987054736,7.024600000000002,7.0246000026060775,7.02466320104774,7.035356175200588,7.176531166666377,6.615400000000002,6.6154000024542645,6.615459519433308,6.625529601887932,6.758480807443093,6.82,0.0,6.511571991936406e-14,-66.66666666666667,2.494000765364666e-13,7.0514111048481795e-12,-1.3354621980086955e-11,,,,0.0,0.0,,-0.0009662263633622467,0.0006181744068339881,6.820657209907068,6.820000070747121,6.82,6.82,6.819999999999999,6.819999999999999,6.82,6.8199999999999985,0.0,0.0,0.0,0.0,6.819999999999999,6.820000000000002,6.819999999999995,,39697169,0.0,0.0,,,,0.0,6.82,3.7410011480470003e-13,1.0452416619004038e-11,6.819999999999999,6.82,6.82,6.82,0,0,0,0,1,0,1,0,0,2.0,0,0.0,1,0,1.0,0,1,0,0,2.0
20160617,4820,000415XSHE20160617,20200210033915,1,0,6.82,0.0,000415.XSHE,6.82,1500,6.82,6.82,,,0.0,6.82,,6.820000000000002,6.820000000000397,6.820000675434757,6.820090920078508,6.82,6.820001789915984,6.821765607722051,6.837664616614133,6.820442047498583,6.848052845054437,6.9385578055658375,6.82000000207014,6.820055516408093,6.829933479346978,6.963863863917581,7.024600000000002,7.024600002132244,7.024657181900335,7.034831483727388,7.172779779835109,6.615400000000002,6.615400002008037,6.615453850915849,6.625035474966568,6.754947948000053,6.82,0.0,6.511571991936406e-14,-66.66666666666667,1.6626671769097774e-13,4.756362975795778e-12,-9.013925798518622e-12,,,,0.0,0.0,,-0.0008946746564455957,0.0005724136553332086,6.8206085276917285,6.8200000598629495,6.82,6.82,6.819999999999999,6.819999999999999,6.82,6.8199999999999985,0.0,0.0,0.0,0.0,6.819999999999999,6.820000000000002,6.819999999999995,,39697169,0.0,0.0,,,,0.0,6.82,2.494000765364666e-13,7.0514111048481795e-12,6.819999999999999,6.82,6.82,6.82,0,0,0,0,1,0,1,0,0,2.0,0,0.0,1,0,0.0,0,1,0,0,1.0
20160620,4821,000415XSHE20160620,20200210033915,1,0,6.82,0.0,000415.XSHE,6.82,1500,6.82,6.82,,,0.0,6.82,,6.820000000000002,6.820000000000298,6.82000058537679,6.820082654616826,6.82,6.820001566176486,6.821651697546437,6.836896589804822,6.8204080438448464,6.846952733483675,6.935437863314107,6.82000000169375,6.820050229131132,6.829448919378833,6.960311669746777,7.024600000000002,7.024600001744564,7.024651736005068,7.034332386960197,7.16912101983918,6.615400000000002,6.6154000016429375,6.6154487222572,6.6245654517974675,6.751502319654372,6.82,0.0,6.511571991936406e-14,-66.66666666666667,1.1084447846065184e-13,3.207856810017402e-12,-6.08318018465285e-12,,,,0.0,0.0,,-0.0008284199077865414,0.0005300379892724332,6.820563451566414,6.820000050653264,6.82,6.82,6.819999999999999,6.819999999999999,6.82,6.8199999999999985,0.0,0.0,0.0,0.0,6.819999999999999,6.820000000000002,6.819999999999995,,39697169,0.0,0.0,,,,0.0,6.82,1.6626671769097774e-13,4.756362975795778e-12,6.819999999999999,6.82,6.82,6.82,0,0,0,0,1,0,1,0,0,2.0,0,0.0,1,0,0.0,0,1,0,0,1.0
20160621,4822,000415XSHE20160621,20200210033915,1,0,6.82,0.0,000415.XSHE,6.82,1500,6.82,6.82,,,0.0,6.82,,6.820000000000002,6.820000000000223,6.820000507326553,6.82007514056075,6.82,6.820001370404425,6.821545136414407,6.8361619554654816,6.82037665585678,6.845895763543139,6.93240002480584,6.8200000013857975,6.820045445404358,6.828987996482304,6.956847184074017,7.024600000000002,7.0246000014273715,7.02464680876649,7.033857636376772,7.165552599596237,6.615400000000002,6.615400001344223,6.615444082042228,6.624118356587834,6.748141768551795,6.82,0.0,6.511571991936406e-14,-66.66666666666667,7.38963189737679e-14,2.1632033130028574e-12,-4.1047176690844116e-12,,,,0.0,0.0,,-0.0007670702368077131,0.0004907973678306265,6.820521714413347,6.820000042860456,6.82,6.82,6.819999999999999,6.819999999999999,6.82,6.8199999999999985,0.0,0.0,0.0,0.0,6.819999999999999,6.820000000000002,6.819999999999995,,39697169,0.0,0.0,,,,0.0,6.82,1.1084447846065184e-13,3.207856810017402e-12,6.819999999999999,6.82,6.82,6.82,0,0,0,0,1,0,1,0,0,2.0,0,0.0,1,0,0.0,0,1,0,0,1.0
20160622,4823,000415XSHE20160622,20200210033915,1,0,6.82,0.0,000415.XSHE,6.82,1500,6.82,6.82,,,0.0,6.82,,6.820000000000002,6.820000000000168,6.820000439683013,6.82006830960068,6.82,6.820001199103872,6.821445450194124,6.835459261749589,6.820347682329336,6.844880243404193,6.929442129416213,6.820000001133834,6.82004111727061,6.828549557629508,6.953468241257372,7.024600000000002,7.024600001167848,7.024642350788728,7.033406044358393,7.162072288495095,6.615400000000002,6.615400001099818,6.615439883752491,6.623693070900623,6.7448641940196525,6.82,0.0,6.511571991936406e-14,-66.66666666666667,4.92642126491786e-14,1.4585569462182975e-12,-2.76932125448906e-12,,,,0.0,0.0,,-0.0007102627163878267,0.0004544601633590926,6.820483068901247,6.820000036266539,6.82,6.82,6.819999999999999,6.819999999999999,6.82,6.8199999999999985,0.0,0.0,0.0,0.0,6.819999999999999,6.820000000000002,6.819999999999995,,39697169,0.0,0.0,,,,0.0,6.82,7.38963189737679e-14,2.1632033130028574e-12,6.819999999999999,6.82,6.82,6.82,0,0,0,0,1,0,1,0,0,2.0,0,0.0,1,0,0.0,0,1,0,0,1.0
20160623,4824,000415XSHE20160623,20200210033915,1,0,6.82,0.0,000415.XSHE,6.82,1500,6.82,6.82,,,0.0,6.82,,6.820000000000002,6.8200000000001255,6.820000381058611,6.820062099636981,6.82,6.820001049215888,6.82135219534289,6.83478711993439,6.820320937534772,6.843904547584421,6.926562073378944,6.820000000927683,6.8200372013400745,6.828132506037824,6.950172729127562,7.024600000000002,7.0246000009555125,7.024638317380277,7.03297648121896,7.158677911001388,6.615400000000002,6.615400000899853,6.615436085299872,6.623288530856688,6.7416675472537335,6.82,0.0,6.511571991936406e-14,-66.66666666666667,3.2842808432785736e-14,9.833189002897938e-13,-1.8681093752812303e-12,,,,0.0,0.0,,-0.0006576612396309349,0.000420811814055132,6.820447286019673,6.820000030687071,6.82,6.82,6.819999999999999,6.819999999999999,6.82,6.8199999999999985,0.0,0.0,0.0,0.0,6.819999999999999,6.820000000000002,6.819999999999995,,39697169,0.0,0.0,,,,0.0,6.82,4.92642126491786e-14,1.4585569462182975e-12,6.819999999999999,6.82,6.82,6.82,0,0,0,0,1,0,1,0,0,2.0,0,0.0,1,0,1.0,0,1,0,0,2.0
20160624,4825,000415XSHE20160624,20200210033915,1,0,6.82,0.0,000415.XSHE,6.82,1500,6.82,6.82,,,0.0,6.82,,6.820000000000002,6.820000000000094,6.820000330250795,6.820056454215437,6.82,6.8200009180639025,6.821264956933672,6.834144201676373,6.820296250032097,6.842967114345815,6.9237578082900235,6.820000000759013,6.820033658355308,6.827735798426224,6.9469585876676225,7.024600000000002,7.024600000781781,7.024634668105966,7.03256787237901,7.15536734529765,6.615400000000002,6.615400000736242,6.615432648604648,6.622903724473437,6.738549830037592,6.82,0.0,6.511571991936406e-14,-66.66666666666667,2.1895205621857157e-14,6.628443354004816e-13,-1.2600030539353918e-12,,,,0.0,0.0,,-0.0006089545428924299,0.0003896535739080411,6.820414153721922,6.820000025965983,6.82,6.82,6.819999999999999,6.819999999999999,6.82,6.8199999999999985,0.0,0.0,0.0,0.0,6.819999999999999,6.820000000000002,6.819999999999995,,39697169,0.0,0.0,,,,0.0,6.82,3.2842808432785736e-14,9.833189002897938e-13,6.819999999999999,6.82,6.82,6.82,0,0,0,0,1,0,1,0,0,2.0,0,0.0,1,0,0.0,0,1,0,0,1.0
20160627,4826,000415XSHE20160627,20200210033915,1,0,6.82,0.0,000415.XSHE,6.82,1500,6.82,6.82,,,0.0,6.82,,6.820000000000002,6.820000000000071,6.820000286217356,6.8200513220140335,6.82,6.8200008033059145,6.821183346808917,6.833529236386097,6.820273461568087,6.842066443194999,6.921027339650812,6.82000000062101,6.820030452797657,6.827358442405432,6.943823807725211,7.024600000000002,7.024600000639642,7.024631366381588,7.032179195677594,7.152138521956968,6.615400000000002,6.61540000060238,6.615429539213729,6.622537689133267,6.735509093493454,6.82,0.0,6.511571991936406e-14,-66.66666666666667,1.4596803747904765e-14,4.4676182484962266e-13,-8.497332384555309e-13,,,,0.0,0.0,,-0.0005638543737598166,0.00036080135306090647,6.820383475668446,6.820000021971216,6.82,6.82,6.819999999999999,6.819999999999999,6.82,6.8199999999999985,0.0,0.0,0.0,0.0,6.819999999999999,6.820000000000002,6.819999999999995,,39697169,0.0,0.0,,,,0.0,6.82,2.1895205621857157e-14,6.628443354004816e-13,6.819999999999999,6.82,6.82,6.82,0,0,0,0,1,0,1,0,0,2.0,0,0.0,1,0,1.0,0,1,0,0,2.0
20160628,4827,000415XSHE20160628,20200210033915,1,0,6.82,0.0,000415.XSHE,6.82,1500,6.82,6.82,,,0.0,6.82,,6.820000000000002,6.820000000000054,6.820000248055041,6.820046656376394,6.82,6.820000702892674,6.8211070018535045,6.832941008717135,6.82025242606285,6.8412010924814695,6.918368725449477,6.820000000508099,6.820027552531214,6.826999493995411,6.940766429756688,7.024600000000002,7.024600000523343,7.024628379107151,7.031809478815273,7.148989422649389,6.615400000000002,6.615400000492857,6.6154267259552775,6.622189509175548,6.732543436863987,6.82,0.0,6.511571991936406e-14,-66.66666666666667,9.73120249860318e-15,3.010849507326161e-13,-5.729762939694228e-13,,,,0.0,0.0,,-0.0005220937934769293,0.0003340846422630983,6.820355070063375,6.820000018591029,6.82,6.82,6.819999999999999,6.819999999999999,6.82,6.8199999999999985,0.0,0.0,0.0,0.0,6.819999999999999,6.820000000000002,6.819999999999995,,39697169,0.0,0.0,,,,0.0,6.82,1.4596803747904765e-14,4.4676182484962266e-13,6.819999999999999,6.82,6.82,6.82,0,0,0,0,1,0,1,0,0,2.0,0,0.0,1,0,1.0,0,1,0,0,2.0
20160629,4828,000415XSHE20160629,20200210033915,1,0,6.82,0.0,000415.XSHE,6.82,1500,6.82,6.82,,,0.0,6.82,,6.820000000000002,6.82000000000004,6.820000214981035,6.82004241488763,6.82,6.8200006150310895,6.821035582379085,6.832378356164216,6.820233008673401,6.840369677090039,6.915780074779753,6.8200000004157175,6.820024928480621,6.826658055263924,6.937784542602202,7.024600000000002,7.024600000428189,7.0246256763350425,7.031457796921844,7.1459180788802685,6.615400000000002,6.615400000403246,6.6154241806262055,6.621858313606008,6.729651006324136,6.82,0.0,6.511571991936406e-14,-66.66666666666667,6.487468332402119e-15,2.028857899325448e-13,-3.8630917486788317e-13,,,,0.0,0.0,,-0.00048342560404733125,0.0003093455154367844,6.8203287685772,6.820000015730871,6.82,6.82,6.819999999999999,6.819999999999999,6.82,6.8199999999999985,0.0,0.0,0.0,0.0,6.819999999999999,6.820000000000002,6.819999999999995,,39697169,0.0,0.0,,,,0.0,6.82,9.73120249860318e-15,3.010849507326161e-13,6.819999999999999,6.82,6.82,6.82,0,0,0,0,1,0,1,0,0,2.0,0,0.0,1,0,1.0,0,1,0,0,2.0
20160630,4829,000415XSHE20160630,20200210033915,1,0,6.82,0.0,000415.XSHE,6.82,1500,6.82,6.82,,,0.0,6.82,,6.820000000000002,6.820000000000031,6.820000186316898,6.820038558988752,6.82,6.820000538152204,6.8209687706126925,6.831840166765772,6.820215084929293,6.839570866223763,6.913259546496077,6.820000000340133,6.820022554339611,6.826333272080319,6.934876282291036,7.024600000000002,7.024600000350338,7.0246232309698,7.031123270242728,7.142922570759767,6.615400000000002,6.615400000329927,6.615421877709423,6.62154327391791,6.726829993822305,6.82,0.0,6.511571991936406e-14,-66.66666666666667,4.324978888268079e-15,1.3669885291778586e-13,-2.6042276917076755e-13,,,,0.0,0.0,,-0.0004476208909425093,0.0002864377048385755,6.820304415349259,6.820000013310738,6.82,6.82,6.819999999999999,6.819999999999999,6.82,6.8199999999999985,0.0,0.0,0.0,0.0,6.819999999999999,6.820000000000002,6.819999999999995,,39697169,0.0,0.0,,,,0.0,6.82,6.487468332402119e-15,2.028857899325448e-13,6.819999999999999,6.82,6.82,6.82,0,0,0,0,1,0,1,0,0,2.0,0,0.0,1,0,0.0,0,1,0,0,1.0
20160701,4830,000415XSHE20160701,20200210033915,1,0,6.82,0.0,000415.XSHE,6.82,1500,6.82,6.82,,,0.0,6.82,,6.820000000000002,6.8200000000000225,6.820000161474644,6.820035053626139,6.82,6.820000470883179,6.8209062692828395,6.831325376906389,6.820198539934732,6.838803381273812,6.910805347904075,6.820000000278291,6.820020406307268,6.8260243319788385,6.932039830876442,7.024600000000002,7.02460000028664,7.024621018496486,7.030805061938205,7.140001025802737,6.615400000000002,6.6154000002699425,6.615419794118049,6.621243602019473,6.724078635950147,6.82,0.0,6.511571991936406e-14,-66.66666666666667,2.8833192588453867e-15,9.209367503147237e-14,-1.7553739228640858e-13,,,,0.0,0.0,,-0.00041446767299378967,0.00026522574358975765,6.8202818660641285,6.8200000112629295,6.82,6.82,6.819999999999999,6.819999999999999,6.82,6.8199999999999985,0.0,0.0,0.0,0.0,6.819999999999999,6.820000000000002,6.819999999999995,,39697169,0.0,0.0,,,,0.0,6.82,4.324978888268079e-15,1.3669885291778586e-13,6.819999999999999,6.82,6.82,6.82,0,0,0,0,1,0,1,0,0,2.0,0,0.0,1,0,0.0,0,1,0,0,1.0
20160704,4831,000415XSHE20160704,20200210033915,1,0,6.82,0.0,000415.XSHE,6.82,1500,6.82,6.82,,,0.0,6.82,,6.820000000000002,6.820000000000018,6.820000139944693,6.820031866932854,6.82,6.8200004120227815,6.8208478002968524,6.830832969214808,6.82018326763206,6.838065993772878,6.908415733485548,6.820000000227692,6.820018462849432,6.825730462126213,6.929273415299245,7.024600000000002,7.024600000234524,7.024619016734915,7.030502375989999,7.137151617758223,6.615400000000002,6.615400000220863,6.6154179089639475,6.620958548262426,6.721395212840267,6.82,0.0,6.511571991936406e-14,-66.66666666666667,1.9222128392302575e-15,6.203652096739168e-14,-1.1830640341709262e-13,,,,0.0,0.0,,-0.00038376965164416317,0.00024558417079701225,6.820260987096418,6.8200000095301725,6.82,6.82,6.819999999999999,6.819999999999999,6.82,6.8199999999999985,0.0,0.0,0.0,0.0,6.819999999999999,6.820000000000002,6.819999999999995,,39697169,0.0,0.0,,,,0.0,6.82,2.8833192588453867e-15,9.209367503147237e-14,6.819999999999999,6.82,6.82,6.82,0,0,0,0,1,0,1,0,0,2.0,0,0.0,1,0,0.0,0,1,0,0,1.0
20160705,4832,000415XSHE20160705,20200210033915,1,0,6.82,0.0,000415.XSHE,6.82,1500,6.82,6.82,,,0.0,6.82,,6.820000000000002,6.820000000000013,6.820000121285401,6.8200289699389565,6.82,6.820000360519933,6.820793103503507,6.830361970553294,6.820169170121901,6.837357523428843,6.906089003656981,6.820000000186296,6.82001670448282,6.825450927388348,6.926575306279512,7.024600000000002,7.024600000191884,7.0246172056173055,7.030214455209997,7.134372565467896,6.615400000000002,6.6154000001807045,6.615416203348335,6.620687399566697,6.718778047091125,6.82,0.0,6.511571991936406e-14,-66.66666666666667,1.281475226153505e-15,4.178483905364562e-14,-7.972525242883072e-14,,,,0.0,0.0,,-0.0003553450522978633,0.00022739679477039882,6.820241654718903,6.820000008063992,6.82,6.82,6.819999999999999,6.819999999999999,6.82,6.8199999999999985,0.0,0.0,0.0,0.0,6.819999999999999,6.820000000000002,6.819999999999995,,39697169,0.0,0.0,,,,0.0,6.82,1.9222128392302575e-15,6.203652096739168e-14,6.819999999999999,6.82,6.82,6.82,0,0,0,0,1,0,1,0,0,2.0,0,0.0,1,0,0.0,0,1,0,0,1.0
20160706,4833,000415XSHE20160706,20200210033915,1,0,6.82,0.0,000415.XSHE,6.82,1500,6.82,6.82,,,0.0,6.82,,6.820000000000002,6.820000000000009,6.820000105114014,6.8200263363081435,6.82,6.820000315454943,6.8207419355355405,6.829911450094454,6.820156157035602,6.836676836235554,6.903823503560744,6.820000000152423,6.820015113579696,6.825185028491355,6.923943817235572,7.024600000000002,7.0246000001569975,7.024615566987086,7.029940579346096,7.1316621317526385,6.615400000000002,6.615400000147852,6.615414660172304,6.6204294776366135,6.716225502718505,6.82,0.0,6.511571991936406e-14,-66.66666666666667,8.543168174356701e-16,2.814133164157564e-14,-5.371971283084425e-14,,,,0.0,0.0,,-0.0003290255510339092,0.0002105560101116334,6.820223754369357,6.820000006823378,6.82,6.82,6.819999999999999,6.819999999999999,6.82,6.8199999999999985,0.0,0.0,0.0,0.0,6.819999999999999,6.820000000000002,6.819999999999995,,39697169,0.0,0.0,,,,0.0,6.82,1.281475226153505e-15,4.178483905364562e-14,6.819999999999999,6.82,6.82,6.82,0,0,0,0,1,0,1,0,0,2.0,0,0.0,1,0,0.0,0,1,0,0,1.0
20160707,4834,000415XSHE20160707,20200210033915,1,0,6.82,0.0,000415.XSHE,6.82,1500,6.82,6.82,,,0.0,6.82,,6.820000000000002,6.820000000000008,6.8200000910988114,6.820023942098311,6.82,6.820000276023076,6.8206940687267945,6.829480517481652,6.8201441449559415,6.836022842657689,6.901617621888094,6.820000000124709,6.820013674191152,6.824932100272265,6.921377303229755,7.024600000000002,7.024600000128451,7.0246140844168865,7.029680063280432,7.129018622326647,6.615400000000002,6.615400000120969,6.615413263965419,6.620184137264097,6.713735984132862,6.82,0.0,6.511571991936406e-14,-66.66666666666667,5.695445449571133e-16,1.8950735942702802e-14,-3.619283825053425e-14,,,,0.0,0.0,,-0.0003046552804267018,0.00019496216485765858,6.820207179971624,6.820000005773628,6.82,6.82,6.819999999999999,6.819999999999999,6.82,6.8199999999999985,0.0,0.0,0.0,0.0,6.819999999999999,6.820000000000002,6.819999999999995,,39697169,0.0,0.0,,,,0.0,6.82,8.543168174356701e-16,2.814133164157564e-14,6.819999999999999,6.82,6.82,6.82,0,0,0,0,1,0,1,0,0,2.0,0,0.0,1,0,0.0,0,1,0,0,1.0
20160708,4835,000415XSHE20160708,20200210033915,1,0,6.82,0.0,000415.XSHE,6.82,1500,6.82,6.82,,,0.0,6.82,,6.820000000000002,6.820000000000006,6.8200000789523045,6.820021765543919,6.82,6.820000241520192,6.82064929009926,6.829068321069406,6.820133056882408,6.835394495886799,6.899469789733144,6.820000000102035,6.820012371887232,6.8246915100150805,6.918874159940133,7.024600000000002,7.024600000105098,7.024612743043852,7.029432255315533,7.126440384738336,6.615400000000002,6.6154000000989726,6.615412000730616,6.619950764714629,6.711307935141928,6.82,0.0,6.511571991936406e-14,-66.66666666666667,3.796963633047423e-16,1.2760389416236778e-14,-2.438168974255933e-14,,,,0.0,0.0,,-0.0002820899086780224,0.00018052297398943592,6.82019183330706,6.820000004885378,6.82,6.82,6.819999999999999,6.819999999999999,6.82,6.8199999999999985,0.0,0.0,0.0,0.0,6.819999999999999,6.820000000000002,6.819999999999995,,39697169,0.0,0.0,,,,0.0,6.82,5.695445449571133e-16,1.8950735942702802e-14,6.819999999999999,6.82,6.82,6.82,0,0,0,0,1,0,1,1,0,2.0,0,0.0,1,0,0.0,0,1,0,0,1.0
20160711,4836,000415XSHE20160711,20200210033915,1,0,6.82,0.0,000415.XSHE,6.82,1500,6.82,6.82,,,0.0,6.82,,6.820000000000002,6.820000000000004,6.82000006842533,6.820019786858107,6.82,6.820000211330168,6.820607400415438,6.828674046240303,6.820122821737606,6.834790790165747,6.897378479477009,6.820000000083482,6.820011193612257,6.824462655868003,6.916432822657661,7.024600000000002,7.024600000085987,7.024611529420626,7.0291965355440436,7.123925807337391,6.615400000000002,6.615400000080978,6.61541085780389,6.6197287761919625,6.708939837977929,6.82,0.0,6.511571991936406e-14,-66.66666666666667,2.531309088698282e-16,8.59130324711446e-15,-1.6423213767619437e-14,,,,0.0,0.0,,-0.00026119578667908145,0.0001671529759915268,6.820177623432463,6.82000000413378,6.82,6.82,6.819999999999999,6.819999999999999,6.82,6.8199999999999985,0.0,0.0,0.0,0.0,6.819999999999999,6.820000000000002,6.819999999999995,,39697169,0.0,0.0,,,,0.0,6.82,3.796963633047423e-16,1.2760389416236778e-14,6.819999999999999,6.82,6.82,6.82,0,0,0,0,1,0,1,1,0,2.0,0,0.0,1,0,0.0,0,1,0,0,1.0
20160712,4837,000415XSHE20160712,20200210033915,1,0,6.82,0.0,000415.XSHE,6.82,1500,6.82,6.82,,,0.0,6.82,,6.820000000000002,6.820000000000002,6.820000059301952,6.820017988052824,6.82,6.820000184913896,6.82056821329186,6.8282969137950715,6.820113373911639,6.834210759178856,6.895342203701298,6.820000000068303,6.820010127553947,6.824244965337857,6.914051765308088,7.024600000000002,7.024600000070352,7.024610431380565,7.028972314297992,7.12147331826733,6.615400000000002,6.615400000066256,6.615409823727329,6.619517616377723,6.706630212348844,6.82,0.0,6.511571991936406e-14,-66.66666666666667,1.687539392465521e-16,5.78378681115849e-15,-1.1061311804577326e-14,,,,0.0,0.0,,-0.00024184915801453408,0.00015477302931637903,6.82016446614117,6.820000003497814,6.82,6.82,6.819999999999999,6.819999999999999,6.82,6.8199999999999985,0.0,0.0,0.0,0.0,6.819999999999999,6.820000000000002,6.819999999999995,,39697169,0.0,0.0,,,,0.0,6.82,2.531309088698282e-16,8.59130324711446e-15,6.819999999999999,6.82,6.82,6.82,0,0,0,0,1,0,1,0,0,2.0,0,0.0,1,0,0.0,0,1,0,0,1.0
20160713,4838,000415XSHE20160713,20200210033915,1,0,6.82,0.0,000415.XSHE,6.82,1500,6.82,6.82,,,0.0,6.82,,6.820000000000002,6.820000000000002,6.820000051395025,6.820016352775295,6.82,6.820000161799659,6.820531554369802,6.827936178412676,6.820104652841513,6.833653474505176,6.893359514130213,6.820000000055885,6.820009163024999,6.824037893857962,6.911729499498009,7.024600000000002,7.024600000057562,7.02460943791575,7.028759030673702,7.119081384482951,6.615400000000002,6.615400000054207,6.615408888134247,6.619316757042223,6.704377614513071,6.82,0.0,6.511571991936406e-14,-66.66666666666667,1.1250262616436811e-16,3.893358749493783e-15,-7.449209620494464e-15,,,,0.0,0.0,,-0.00022393542728311715,0.00014330984585133558,6.820152283464045,6.820000002959689,6.82,6.82,6.819999999999999,6.819999999999999,6.82,6.8199999999999985,0.0,0.0,0.0,0.0,6.819999999999999,6.820000000000002,6.819999999999995,,39697169,0.0,0.0,,,,0.0,6.82,1.687539392465521e-16,5.78378681115849e-15,6.819999999999999,6.82,6.82,6.82,0,0,0,0,1,0,1,0,0,2.0,0,0.0,1,0,0.0,0,1,0,0,1.0
20160714,4839,000415XSHE20160714,20200210033915,1,0,6.82,0.0,000415.XSHE,6.82,1500,6.82,6.82,,,0.0,6.82,,6.820000000000002,6.820000000000002,6.820000044542356,6.820014866159357,6.82,6.8200001415747025,6.820497260539493,6.8275911271773415,6.820096602622933,6.833118044132424,6.891429000600471,6.820000000045724,6.820008290355951,6.823840923425866,6.909464573584479,7.024600000000002,7.024600000047095,7.024608539066629,7.028556151128643,7.1167485107920125,6.615400000000002,6.615400000044353,6.615408041645273,6.61912569572309,6.702180636376945,6.82,0.0,6.511571991936406e-14,-66.66666666666667,7.500175077624541e-17,2.620573083254604e-15,-5.0161409141804715e-15,,,,0.0,0.0,,-0.00020734848244595463,0.00013269555869729964,6.82014100320745,6.820000002504353,6.82,6.82,6.819999999999999,6.819999999999999,6.82,6.8199999999999985,0.0,0.0,0.0,0.0,6.819999999999999,6.820000000000002,6.819999999999995,,39697169,0.0,0.0,,,,0.0,6.82,1.1250262616436811e-16,3.893358749493783e-15,6.819999999999999,6.82,6.82,6.82,0,0,0,0,1,0,1,0,0,2.0,0,0.0,1,0,0.0,0,1,0,0,1.0
20160715,4840,000415XSHE20160715,20200210033915,1,0,6.82,0.0,000415.XSHE,6.82,1500,6.82,6.82,,,0.0,6.82,,6.820000000000002,6.820000000000002,6.820000038603374,6.8200135146903245,6.82,6.820000123877863,6.820465179214362,6.82726107816963,6.820089171651938,6.8326036110291914,6.889549290058353,6.82000000003741,6.82000750079824,6.82365356130753,6.9072555717675765,7.024600000000002,7.024600000038532,7.024607725822188,7.028363168146758,7.114473238920606,6.615400000000002,6.615400000036288,6.6154072757742926,6.618943954468304,6.7000379046145495,6.82,0.0,6.511571991936406e-14,-66.66666666666667,5.00011671841636e-17,1.7637157778977908e-15,-3.377428054243091e-15,,,,0.0,0.0,,-0.00019199006722637777,0.00012286732175661514,6.820130558525416,6.820000002119068,6.82,6.82,6.819999999999999,6.819999999999999,6.82,6.8199999999999985,0.0,0.0,0.0,0.0,6.819999999999999,6.820000000000002,6.819999999999995,,39697169,0.0,0.0,,,,0.0,6.82,7.500175077624541e-17,2.620573083254604e-15,6.819999999999999,6.82,6.82,6.82,0,0,0,0,1,0,1,0,0,2.0,0,0.0,1,0,0.0,0,1,0,0,1.0
20160718,4841,000415XSHE20160718,20200210033915,1,0,6.82,0.0,000415.XSHE,6.82,1500,6.82,6.82,,,0.0,6.82,,6.820000000000002,6.820000000000002,6.820000033456258,6.820012286082113,6.82,6.82000010839313,6.820435167652147,6.826945379118777,6.820082312294098,6.832109351773143,6.8877190455831325,6.820000000030608,6.820006786436504,6.823475338804723,6.905101113205416,7.024600000000002,7.024600000031527,7.024606990029598,7.0281795989688645,7.112254146601579,6.615400000000002,6.61540000002969,6.615406582843407,6.618771078640582,6.697948079809253,6.82,0.0,6.511571991936406e-14,-66.66666666666667,3.3334111456109057e-17,1.1869218890838964e-15,-2.273841443799466e-15,,,,0.0,0.0,,-0.0001777691998762079,0.00011376693880135898,6.820120887523532,6.8200000017930575,6.82,6.82,6.819999999999999,6.819999999999999,6.82,6.8199999999999985,0.0,0.0,0.0,0.0,6.819999999999999,6.820000000000002,6.819999999999995,,39697169,0.0,0.0,,,,0.0,6.82,5.00011671841636e-17,1.7637157778977908e-15,6.819999999999999,6.82,6.82,6.82,0,0,0,0,1,0,1,0,0,2.0,0,0.0,1,0,0.0,0,1,0,0,1.0
20160719,4842,000415XSHE20160719,20200210033915,1,0,6.82,0.0,000415.XSHE,6.82,1500,6.82,6.82,,,0.0,6.82,,6.820000000000002,6.820000000000002,6.820000028995423,6.820011169165556,6.82,6.820000094843991,6.8204070923197495,6.826643406113613,6.820075980579166,6.8316344752330185,6.8859369654362075,6.820000000025043,6.820006140109219,6.82330581008254,6.902999851150961,7.024600000000002,7.024600000025795,7.024606324312495,7.028004984385017,7.110089846685491,6.615400000000002,6.615400000024293,6.615405955905942,6.618606635780065,6.695909855616431,6.82,0.0,6.511571991936406e-14,-66.66666666666667,2.2222740970739372e-17,7.986888397128443e-16,-1.5307094565134705e-15,,,,0.0,0.0,,-0.0001646016348923924,0.0001053405198705239,6.820111932892161,6.820000001517202,6.82,6.82,6.819999999999999,6.819999999999999,6.82,6.8199999999999985,0.0,0.0,0.0,0.0,6.819999999999999,6.820000000000002,6.819999999999995,,39697169,0.0,0.0,,,,0.0,6.82,3.3334111456109057e-17,1.1869218890838964e-15,6.819999999999999,6.82,6.82,6.82,0,0,0,0,1,0,1,0,0,2.0,0,0.0,1,0,0.0,0,1,0,0,1.0
20160720,4843,000415XSHE20160720,20200210033915,1,0,6.82,0.0,000415.XSHE,6.82,1500,6.82,6.82,,,0.0,6.82,,6.820000000000002,6.820000000000002,6.8200000251293655,6.8200101537868685,6.82,6.820000082988491,6.820380828299121,6.8263545623695405,6.82007013591923,6.831178221302313,6.884201782135255,6.820000000020491,6.8200055553369126,6.823144551054123,6.900950472110195,7.024600000000002,7.024600000021106,7.024605721997019,7.027838887585747,7.107978986273501,6.615400000000002,6.615400000019876,6.6154053886768045,6.6184502145225,6.6939219579468885,6.82,0.0,6.511571991936406e-14,-66.66666666666667,1.4815160647159582e-17,5.373976133576161e-16,-1.0303497447737532e-15,,,,0.0,0.0,,-0.00015240936451927086,9.753816298497246e-05,6.8201036415668135,6.820000001283788,6.82,6.82,6.819999999999999,6.819999999999999,6.82,6.8199999999999985,0.0,0.0,0.0,0.0,6.819999999999999,6.820000000000002,6.819999999999995,,39697169,0.0,0.0,,,,0.0,6.82,2.2222740970739372e-17,7.986888397128443e-16,6.819999999999999,6.82,6.82,6.82,0,0,0,0,1,0,1,0,0,2.0,0,0.0,1,0,0.0,0,1,0,0,1.0
20160721,4844,000415XSHE20160721,20200210033915,1,0,6.82,0.0,000415.XSHE,6.82,1500,6.82,6.82,,,0.0,6.82,,6.820000000000002,6.820000000000002,6.8200000217787835,6.8200092307153355,6.82,6.8200000726149295,6.820356258731437,6.826078277049126,6.820064740848521,6.830739859682613,6.88251226155275,6.820000000016765,6.820005026257206,6.822991158319776,6.898951695021053,7.024600000000002,7.024600000017268,7.024605177044923,7.02768089306937,7.105920245871687,6.615400000000002,6.615400000016263,6.6154048754694905,6.618301423570182,6.691983144170423,6.82,0.0,6.511571991936406e-14,-66.66666666666667,9.876773764773055e-18,3.6155733349333497e-16,-6.934843456923509e-16,,,,0.0,0.0,,-0.00014112015710252777,9.031365933394482e-05,6.820095964413715,6.820000001086282,6.82,6.82,6.819999999999999,6.819999999999999,6.82,6.8199999999999985,0.0,0.0,0.0,0.0,6.819999999999999,6.820000000000002,6.819999999999995,,39697169,0.0,0.0,,,,0.0,6.82,1.4815160647159582e-17,5.373976133576161e-16,6.819999999999999,6.82,6.82,6.82,0,0,0,0,1,0,1,0,0,2.0,0,0.0,1,0,0.0,0,1,0,0,1.0
20160722,4845,000415XSHE20160722,20200210033915,1,0,6.82,0.0,000415.XSHE,6.82,1500,6.82,6.82,,,0.0,6.82,,6.820000000000002,6.820000000000002,6.820000018874947,6.820008391559397,6.82,6.820000063538062,6.820333274297148,6.825814004133946,6.8200597607832485,6.8303186887146685,6.880867202038204,6.820000000013716,6.820004547566043,6.8228452481578366,6.897002270452633,7.024600000000002,7.024600000014128,7.024604683993025,7.02753060560257,7.103912338566213,6.615400000000002,6.615400000013304,6.615404411139061,6.618159890713099,6.690092202339053,6.82,0.0,6.511571991936406e-14,-66.66666666666667,6.584515843182037e-18,2.4323306094328403e-16,-4.667125743570218e-16,,,,0.0,0.0,,-0.00013066712957517443,8.36242202188266e-05,6.820088855938628,6.820000000919161,6.82,6.82,6.819999999999999,6.819999999999999,6.82,6.8199999999999985,0.0,0.0,0.0,0.0,6.819999999999999,6.820000000000002,6.819999999999995,,39697169,0.0,0.0,,,,0.0,6.82,9.876773764773055e-18,3.6155733349333497e-16,6.819999999999999,6.82,6.82,6.82,0,0,0,0,1,0,1,0,0,2.0,0,0.0,1,0,0.0,0,1,0,0,1.0
20160725,4846,000415XSHE20160725,20200210033915,1,0,6.82,0.0,000415.XSHE,6.82,1500,6.82,6.82,,,0.0,6.82,,6.820000000000002,6.820000000000002,6.820000016358288,6.8200076286903615,6.82,6.8200000555958065,6.8203117727295925,6.825561221345513,6.820055163799922,6.829914034255268,6.879265433563515,6.820000000011222,6.820004114464514,6.822706455564772,6.895100979824171,7.024600000000002,7.024600000011558,7.0246042378984495,7.0273876492317155,7.101954009218898,6.615400000000002,6.615400000010887,6.615403991030578,6.618025261897827,6.688247950429447,6.82,0.0,6.511571991936406e-14,-66.66666666666667,4.3896772287880246e-18,1.636185997051187e-16,-3.140681677238733e-16,,,,0.0,0.0,,-0.000120988351558951,7.743022412978741e-05,6.8200822740172455,6.820000000777752,6.82,6.82,6.819999999999999,6.819999999999999,6.82,6.8199999999999985,0.0,0.0,0.0,0.0,6.819999999999999,6.820000000000002,6.819999999999995,,39697169,0.0,0.0,,,,0.0,6.82,6.584515843182037e-18,2.4323306094328403e-16,6.819999999999999,6.82,6.82,6.82,0,0,0,0,1,0,1,0,0,2.0,0,0.0,1,0,0.0,0,1,0,0,1.0
20160726,4847,000415XSHE20160726,20200210033915,1,0,6.82,0.0,000415.XSHE,6.82,1500,6.82,6.82,,,0.0,6.82,,6.820000000000002,6.820000000000002,6.820000014177183,6.820006935173057,6.82,6.82000004864633,6.820291658359941,6.825319429113098,6.820050920430697,6.829525248598199,6.87770581689079,6.820000000009181,6.820003722610751,6.8225744333420995,6.893246634643327,7.024600000000002,7.024600000009457,7.024603834289072,7.0272516663423605,7.100044033682628,6.615400000000002,6.615400000008906,6.615403610932428,6.617897200341837,6.686449235604028,6.82,0.0,6.511571991936406e-14,-66.66666666666667,2.926451485858683e-18,1.1005455029869871e-16,-2.113297461398213e-16,,,,0.0,0.0,,-0.00011202647874740676,7.169498249235399e-05,6.820076179645599,6.820000000658097,6.82,6.82,6.819999999999999,6.819999999999999,6.82,6.8199999999999985,0.0,0.0,0.0,0.0,6.819999999999999,6.820000000000002,6.819999999999995,,39697169,0.0,0.0,,,,0.0,6.82,4.3896772287880246e-18,1.636185997051187e-16,6.819999999999999,6.82,6.82,6.82,0,0,0,0,1,0,1,0,0,2.0,0,0.0,1,0,0.0,0,1,0,0,1.0
20160727,4848,000415XSHE20160727,20200210033915,1,0,6.82,0.0,000415.XSHE,6.82,1500,6.82,6.82,,,0.0,6.82,,6.820000000000002,6.820000000000002,6.820000012286894,6.820006304702778,6.82,6.820000042565539,6.8202728416915575,6.825088149586443,6.820047003474491,6.829151709437486,6.876187242762087,6.8200000000075125,6.820003368076392,6.822448851227849,6.8914380757632445,7.024600000000002,7.024600000007738,7.024603469118683,7.027122316764684,7.098181218036142,6.615400000000002,6.615400000007286,6.615403267034099,6.617775385691012,6.684694933490348,6.82,0.0,6.511571991936406e-14,-66.66666666666667,1.9509676572391217e-18,7.402002275154551e-17,-1.4218714253137366e-16,,,,0.0,0.0,,-0.00010372841340541501,6.638452273593381e-05,6.820070536708889,6.820000000556853,6.82,6.82,6.819999999999999,6.819999999999999,6.82,6.8199999999999985,0.0,0.0,0.0,0.0,6.819999999999999,6.820000000000002,6.819999999999995,,39697169,0.0,0.0,,,,0.0,6.82,2.926451485858683e-18,1.1005455029869871e-16,6.819999999999999,6.82,6.82,6.82,0,0,0,0,1,0,1,0,0,2.0,0,0.0,1,0,0.0,0,1,0,0,1.0
20160728,4849,000415XSHE20160728,20200210033915,1,0,6.82,0.0,000415.XSHE,6.82,1500,6.82,6.82,,,0.0,6.82,,6.820000000000002,6.820000000000002,6.82000001064864,6.8200057315479805,6.82,6.820000037244848,6.8202552390017805,6.82486692569138,6.820043387822607,6.8287928188713085,6.874708631110453,6.8200000000061465,6.820003047307212,6.822329395070393,6.889674172657981,7.024600000000002,7.02460000000633,7.0246031387264285,7.0269992769225045,7.09636439783772,6.615400000000002,6.615400000005961,6.615402955887996,6.617659513218281,6.682983947478241,6.82,0.0,6.511571991936406e-14,-66.66666666666667,1.3006451048260814e-18,4.978023020263903e-17,-9.565852509079979e-17,,,,0.0,0.0,,-9.604498998594122e-05,6.146738735579045e-05,6.8200653117674905,6.820000000471183,6.82,6.82,6.819999999999999,6.819999999999999,6.82,6.8199999999999985,0.0,0.0,0.0,0.0,6.819999999999999,6.820000000000002,6.819999999999995,,39697169,0.0,0.0,,,,0.0,6.82,1.9509676572391217e-18,7.402002275154551e-17,6.819999999999999,6.82,6.82,6.82,0,0,0,0,1,0,1,0,0,2.0,0,0.0,1,0,0.0,0,1,0,0,1.0
20160729,4850,000415XSHE20160729,20200210033915,1,0,6.82,0.0,000415.XSHE,6.82,1500,6.82,6.82,,,0.0,6.82,,6.820000000000002,6.820000000000002,6.820000009228821,6.820005210498162,6.82,6.820000032589241,6.820238771969408,6.824655320226537,6.82004005029779,6.828448002444983,6.873268930291758,6.820000000005028,6.820002757087478,6.822215766042567,6.887953822715808,7.024600000000002,7.024600000005179,7.024602839800101,7.026882239023845,7.0945924373972815,6.615400000000002,6.615400000004878,6.615402674374852,6.617549293061291,6.6813152080343325,6.82,0.0,6.511571991936406e-14,-66.66666666666667,8.670967365507209e-19,3.3475852380609586e-17,-6.435041455156703e-17,,,,0.0,0.0,,-8.893068400767986e-05,5.6914447826090946e-05,6.820060473858788,6.820000000398692,6.82,6.82,6.819999999999999,6.819999999999999,6.82,6.8199999999999985,0.0,0.0,0.0,0.0,6.819999999999999,6.820000000000002,6.819999999999995,,39697169,0.0,0.0,,,,0.0,6.82,1.3006451048260814e-18,4.978023020263903e-17,6.819999999999999,6.82,6.82,6.82,0,0,0,0,1,0,1,0,0,2.0,0,0.0,1,0,1.0,0,1,0,0,2.0
20160801,4851,000415XSHE20160801,20200210033915,1,0,6.82,0.0,000415.XSHE,6.82,1500,6.82,6.82,,,0.0,6.82,,6.820000000000002,6.820000000000002,6.8200000079983125,6.820004736816513,6.82,6.820000028515586,6.8202233673262205,6.824452914999298,6.820036969505651,6.828116708231454,6.871867116336711,6.8200000000041126,6.820002494507715,6.822107679894151,6.886275950549985,7.024600000000002,7.024600000004238,7.024602569342947,7.026770910290973,7.0928642290664845,6.615400000000002,6.615400000003991,6.615402419672486,6.6174444494973255,6.679687672033485,6.82,0.0,6.511571991936406e-14,-66.66666666666667,5.780644910338139e-19,2.250992308408433e-17,-4.3285652695067217e-17,,,,0.0,0.0,,-8.234334247361913e-05,5.269873227248579e-05,6.820055994313692,6.820000000337355,6.82,6.82,6.819999999999999,6.819999999999999,6.82,6.8199999999999985,0.0,0.0,0.0,0.0,6.819999999999999,6.820000000000002,6.819999999999995,,39697169,0.0,0.0,,,,0.0,6.82,8.670967365507209e-19,3.3475852380609586e-17,6.819999999999999,6.82,6.82,6.82,0,0,0,0,1,0,1,0,0,2.0,0,1.0,1,0,1.0,0,1,0,0,3.0
20160802,4852,000415XSHE20160802,20200210033915,1,0,6.82,0.0,000415.XSHE,6.82,1500,6.82,6.82,,,0.0,6.82,,6.820000000000002,6.820000000000002,6.82000000693187,6.820004306196827,6.82,6.820000024951137,6.820208956530981,6.824259309999328,6.820034125697522,6.827798405947868,6.8705021922225855,6.820000000003367,6.8200022569355525,6.822004866240777,6.884639507326527,7.024600000000002,7.024600000003468,7.024602324643618,7.026665012228,7.0911786925463245,6.615400000000002,6.615400000003265,6.615402189227486,6.617344720253552,6.678100322106732,6.82,0.0,6.511571991936406e-14,-66.66666666666667,3.85376327355876e-19,1.5135074165174848e-17,-2.911401934828207e-17,,,,0.0,0.0,,-7.62439342383971e-05,4.87952658817762e-05,6.820051846586753,6.820000000285455,6.82,6.82,6.819999999999999,6.819999999999999,6.82,6.8199999999999985,0.0,0.0,0.0,0.0,6.819999999999999,6.820000000000002,6.819999999999995,,39697169,0.0,0.0,,,,0.0,6.82,5.780644910338139e-19,2.250992308408433e-17,6.819999999999999,6.82,6.82,6.82,0,0,0,0,1,0,1,0,0,2.0,0,1.0,1,0,1.0,0,1,0,0,3.0
20160803,4853,000415XSHE20160803,20200210033915,1,0,6.82,0.0,000415.XSHE,6.82,1500,6.82,6.82,,,0.0,6.82,,6.820000000000002,6.820000000000002,6.8200000060076205,6.8200039147243885,6.82,6.820000021832246,6.820195475464466,6.824074122608052,6.820031500643866,6.827492586106773,6.869173187164098,6.8200000000027545,6.8200020419893095,6.821907067887567,6.883043470108587,7.024600000000002,7.024600000002838,7.024602103248989,7.0265642799241945,7.089534774211846,6.615400000000002,6.615400000002673,6.61540198072963,6.617249855850941,6.67655216600533,6.82,0.0,6.511571991936406e-14,-66.66666666666667,2.56917551570584e-19,1.0175688627306759e-17,-1.9580624599901767e-17,,,,0.0,0.0,,-7.059631885196641e-05,4.518092309144557e-05,6.820048006098845,6.8200000002415395,6.82,6.82,6.819999999999999,6.819999999999999,6.82,6.8199999999999985,0.0,0.0,0.0,0.0,6.819999999999999,6.820000000000002,6.819999999999995,,39697169,0.0,0.0,,,,0.0,6.82,3.85376327355876e-19,1.5135074165174848e-17,6.819999999999999,6.82,6.82,6.82,0,0,0,0,1,0,1,0,0,2.0,0,1.0,1,0,1.0,0,1,1,0,3.0
20160804,4854,000415XSHE20160804,20200210033915,1,0,6.82,0.0,000415.XSHE,6.82,1500,6.82,6.82,,,0.0,6.82,,6.820000000000002,6.820000000000002,6.820000005206604,6.8200035588403525,6.82,6.820000019103214,6.8201828641441775,6.823896986842484,6.8200290775174155,6.827198759200625,6.867879155922937,6.8200000000022545,6.820001847514138,6.8218140401857355,6.8814868412170185,7.024600000000002,7.024600000002321,7.024601902939562,7.026468461391307,7.0879314464535295,6.615400000000002,6.615400000002186,6.615401792088712,6.617159618980162,6.675042235980508,6.82,0.0,6.511571991936406e-14,-66.66666666666667,1.7127836771372264e-19,6.8408852074424135e-18,-1.3167935311743657e-17,,,,0.0,0.0,,-6.53670325104451e-05,4.183429073217036e-05,6.8200444500915225,6.820000000204378,6.82,6.82,6.819999999999999,6.819999999999999,6.82,6.8199999999999985,0.0,0.0,0.0,0.0,6.819999999999999,6.820000000000002,6.819999999999995,,39697169,0.0,0.0,,,,0.0,6.82,2.56917551570584e-19,1.0175688627306759e-17,6.819999999999999,6.82,6.82,6.82,0,0,0,0,1,0,1,0,0,2.0,0,1.0,1,0,1.0,0,1,1,0,3.0
20160805,4855,000415XSHE20160805,20200210033915,1,0,6.82,0.0,000415.XSHE,6.82,1500,6.82,6.82,,,0.0,6.82,,6.820000000000002,6.820000000000002,6.820000004512391,6.820003235309411,6.82,6.820000016715312,6.8201710664574575,6.823727552631941,6.8200268407853075,6.826916454918249,6.866619178135491,6.820000000001843,6.8200016715604095,6.8217255504205765,6.879968647606722,7.024600000000002,7.0246000000018975,7.024601721707222,7.026377316933194,7.086367707034924,6.615400000000002,6.615400000001787,6.6154016214135964,6.617073783907959,6.673569588178519,6.82,0.0,6.511571991936406e-14,-66.66666666666667,1.141855784758151e-19,4.5986519977868796e-18,-8.854747260146315e-18,,,,0.0,0.0,,-6.0525089851700584e-05,3.873554126995618e-05,6.8200411574921525,6.820000000172937,6.82,6.82,6.819999999999999,6.819999999999999,6.82,6.8199999999999985,0.0,0.0,0.0,0.0,6.819999999999999,6.820000000000002,6.819999999999995,,39697169,0.0,0.0,,,,0.0,6.82,1.7127836771372264e-19,6.8408852074424135e-18,6.819999999999999,6.82,6.82,6.82,0,0,0,0,1,0,1,0,0,2.0,0,1.0,1,0,1.0,0,1,1,0,3.0
20160808,4856,000415XSHE20160808,20200210033915,1,0,6.82,0.0,000415.XSHE,6.82,1500,6.82,6.82,,,0.0,6.82,,6.820000000000002,6.820000000000002,6.820000003910738,6.8200029411903715,6.82,6.820000014625899,6.820160029911816,6.823565485126204,6.8200247761095145,6.8266452213920426,6.865392357658242,6.820000000001508,6.82000151236418,6.821641377229327,6.878487940258408,7.024600000000002,7.024600000001553,7.024601557735107,7.026290618546207,7.08484257846616,6.615400000000002,6.615400000001463,6.615401466993254,6.616992135912447,6.6721333020506535,6.82,0.0,6.511571991936406e-14,-66.66666666666667,7.612371898387672e-20,3.091142571519212e-18,-5.9539139860867944e-18,,,,0.0,0.0,,-5.6041800421390884e-05,3.586631544247772e-05,6.820038108789031,6.82000000014633,6.82,6.82,6.819999999999999,6.819999999999999,6.82,6.8199999999999985,0.0,0.0,0.0,0.0,6.819999999999999,6.820000000000002,6.819999999999995,,39697169,0.0,0.0,,,,0.0,6.82,1.141855784758151e-19,4.5986519977868796e-18,6.819999999999999,6.82,6.82,6.82,0,0,0,0,1,0,1,0,0,2.0,0,0.0,1,0,1.0,0,1,1,0,2.0
20160809,4857,000415XSHE20160809,20200210033915,1,0,6.82,0.0,000415.XSHE,6.82,1500,6.82,6.82,,,0.0,6.82,,6.820000000000002,6.820000000000002,6.820000003389307,6.820002673809428,6.82,6.820000012797662,6.820149705401375,6.823410464033759,6.820022870254936,6.826384624474707,6.864197821930393,6.820000000001232,6.820001368329496,6.821561310047411,6.87704379358536,7.024600000000002,7.024600000001271,7.024601409379383,7.026208149348832,7.08335510739292,6.615400000000002,6.6154000000011965,6.615401327279612,6.616914470745988,6.670732479777799,6.82,0.0,6.511571991936406e-14,-66.66666666666667,5.074914598925116e-20,2.077678096342559e-18,-4.0031087547173634e-18,,,,0.0,0.0,,-5.189059872740168e-05,3.3209613551913594e-05,6.820035285915768,6.820000000123818,6.82,6.82,6.819999999999999,6.819999999999999,6.82,6.8199999999999985,0.0,0.0,0.0,0.0,6.819999999999999,6.820000000000002,6.819999999999995,,39697169,0.0,0.0,,,,0.0,6.82,7.612371898387672e-20,3.091142571519212e-18,6.819999999999999,6.82,6.82,6.82,0,0,0,0,1,0,1,0,0,2.0,0,1.0,1,0,1.0,0,1,0,0,3.0
20160810,4858,000415XSHE20160810,20200210033915,1,0,6.82,0.0,000415.XSHE,6.82,1500,6.82,6.82,,,0.0,6.82,,6.820000000000002,6.820000000000002,6.8200000029374,6.820002430735843,6.82,6.820000011197955,6.820140046988382,6.823262182988813,6.820021111004555,6.826134247044327,6.863034721353278,6.8200000000010075,6.820001238012402,6.821485148581682,6.875635304854858,7.024600000000002,7.02460000000104,7.024601275152775,7.026129703039134,7.081904364000502,6.615400000000002,6.615400000000977,6.6154012008720295,6.616840594124232,6.66936624570921,6.82,0.0,6.511571991936406e-14,-66.66666666666667,3.38327639928341e-20,1.3963963188926508e-18,-2.6912943458067997e-18,,,,0.0,0.0,,-4.804688687421044e-05,3.0749694825529916e-05,6.82003267214423,6.820000000104768,6.82,6.82,6.819999999999999,6.819999999999999,6.82,6.8199999999999985,0.0,0.0,0.0,0.0,6.819999999999999,6.820000000000002,6.819999999999995,,39697169,0.0,0.0,,,,0.0,6.82,5.074914598925116e-20,2.077678096342559e-18,6.819999999999999,6.82,6.82,6.82,0,0,0,0,1,0,1,0,0,2.0,0,1.0,1,0,1.0,0,1,0,0,3.0
20160811,4859,000415XSHE20160811,20200210004725,0,1946065,7.5,1459543552.0,000415.XSHE,7.48,1500,7.5,7.5,311558.59375,618452.125,9.9706744868,6.82,3.0,7.0466666666666695,6.990000000000002,6.9106666692124135,6.8818203915780405,7.16,6.90500000979821,6.864001979440745,6.852685566337124,6.87232717938882,6.852560355003372,6.879796965528192,6.9436363636371885,6.8847630248683656,6.854583434016723,6.891051717080662,7.25806666666667,7.151945454546304,7.0913059156144165,7.060220937037225,7.097783268593084,6.835266666666668,6.735327272728072,6.678220134122313,6.648945930996221,6.684320165568242,6.82,7.820586543990792,9.751814563334193,-933.3333333333162,33.333333333333336,11.111111111111114,77.77777777777777,0.0,100.0,100.0,9.970674486803514,9.970674486803514,100.0,0.01080451496015371,0.08682049477622336,6.87040062235577,6.924615384704036,6.956,6.888,6.853999999999999,6.842666666666665,6.8370000000000015,6.831333333333332,0.0,0.0,0.01999999999999957,0.000266666666666661,6.819999999999999,7.116405128160764,6.523594871839232,-103.03030303030295,41643234,0.6381231671554378,0.3190615835777189,1.0,0.0,-1.0303030303030296,16.666666666666664,6.82,3.38327639928341e-20,1.3963963188926508e-18,6.819999999999999,6.82,6.82,6.82,1,0,0,0,1,0,1,0,0,2.0,0,1.0,0,0,0.0,0,1,0,0,1.0
20160812,4860,000415XSHE20160812,20200210004725,0,2564684,7.93,1976484736.0,000415.XSHE,7.45,1500,7.78,7.52,311558.59375,618452.125,3.7333333332999996,7.5,4.0,7.291111111111113,7.187500000000003,7.026577779984093,6.963473083252763,7.4700000000000015,7.014375008573433,6.923098625928439,6.893003585192032,6.942148165589679,6.888930537160103,6.903486519066924,7.095702479339519,6.9700236891666165,6.899725705528103,6.913001057399659,7.509844444444448,7.308573553719704,7.179124399841614,7.106717476693946,7.120391089121647,7.072377777777778,6.882831404959331,6.760922978491617,6.692733934362259,6.705611025677669,6.82,8.841634023503072,13.530235816016901,-520.3010897651908,51.051051051051076,24.42442442442443,104.30430430430435,13.513513513513471,100.0,100.0,14.076246334310849,14.076246334310849,100.0,0.03233054472679718,0.1722082381331478,6.937778354033121,7.056213017826492,7.1480000000000015,6.984,6.901999999999999,6.874666666666666,6.8610000000000015,6.847333333333332,0.2600000000000007,0.14999999999999947,0.0699999999999994,0.006436332476435293,6.853999999999999,7.353903990782229,6.354096009217769,-181.30081300812992,44207918,1.4024290742942305,1.020276120724834,3.635763964718548,4.5555555555556095,-1.819672131147539,33.33333333333333,7.5,33.333333333333336,11.111111111111114,6.853999999999999,6.888,6.956,7.5,1,0,0,1,0,0,0,0,0,1.0,0,1.0,1,0,0.0,0,1,0,0,2.0
20160815,4861,000415XSHE20160815,20200210004725,0,2171282,8.38,1682974976.0,000415.XSHE,7.42,1500,8.1,7.54,311558.59375,618452.125,4.1131105398,7.78,4.0,7.5607407407407425,7.415625000000002,7.16970074265288,7.066793712047968,7.785,7.150078132501755,6.999027746836282,6.945481690183683,7.031213691313552,6.936423457271472,6.934973715933582,7.278302028550517,7.077640480674558,6.958275671112098,6.942309673266335,7.787562962962964,7.496651089407032,7.2899696950947925,7.167023941245461,7.1505789634643255,7.3339185185185185,7.0599529676940005,6.86531126625432,6.749527400978733,6.734040383068344,6.82,9.400324149108572,17.759944173063573,-375.8137037782681,61.38446138446138,36.74443674443674,110.66451066451064,17.948717948718016,100.0,100.0,18.768328445747787,18.768328445747787,100.0,0.06444979260975926,0.25695398306369666,7.0238688463269625,7.216795630468571,7.404000000000001,7.112,6.965999999999998,6.917333333333333,6.893000000000002,6.868666666666668,0.5599999999999996,0.28000000000000114,0.1200000000000001,0.018288184328287157,6.901999999999999,7.6225664438481715,6.181433556151828,-586.666666666667,42036636,2.108389695300522,1.7554093847973762,5.867222831714254,5.952380952380983,-6.84,50.0,7.52,51.051051051051076,24.42442442442443,6.901999999999999,6.984,7.1480000000000015,7.78,1,0,0,1,0,0,0,0,0,1.0,0,0.0,1,0,1.0,0,1,0,0,2.0
20160816,4862,000415XSHE20160816,20200210004725,0,1323473,8.08,1048506112.0,000415.XSHE,7.81,1500,7.9,7.95,311558.59375,618452.125,-2.4691358025,8.1,4.0,7.673827160493827,7.536718750000002,7.26707397696583,7.142539738225424,7.8425,7.2438183659390365,7.057154988975877,6.986982486262653,7.098043407366355,6.974210772672591,6.9603691444616445,7.391338023359514,7.155960434896027,7.004213443252971,6.965956348000496,7.904041975308642,7.613078164060298,7.370639247942909,7.21433984655056,7.1749350384405135,7.443612345679012,7.169597882658727,6.941281621849147,6.794087039955382,6.7569776575604825,6.82,3.6745406824147016,14.492753623188493,-243.83133784487183,63.99989733323065,45.82959027403472,100.34051145162252,30.76923076923079,86.48648648648653,86.48648648648653,15.835777126099709,15.835777126099709,86.48648648648653,0.09818714302963204,0.2698988033589822,7.088767450302744,7.321903995011867,7.62,7.2200000000000015,7.0200000000000005,6.953333333333332,6.92,6.886666666666668,-0.049999999999999815,0.1299999999999999,0.09000000000000075,0.0217059058472745,6.965999999999998,7.789261805260027,6.142738194739971,-1672.7272727272812,40713163,2.2060657803137995,2.157227737807161,2.4859502840293657,3.942857142857149,42.249999999999964,50.0,7.54,61.38446138446138,36.74443674443674,6.965999999999998,7.112,7.404000000000001,8.1,1,0,1,1,0,0,0,0,0,2.0,0,0.0,1,0,0.0,1,1,0,0,1.0
20160817,4863,000415XSHE20160817,20200210004725,0,841563,7.99,661204608.0,000415.XSHE,7.72,1500,7.82,7.86,311558.59375,618452.125,-1.0126582278,7.9,4.0,7.7225514403292195,7.607539062500003,7.3407974467037205,7.204127034750386,7.831250000000002,7.315841070196656,7.106370796138723,7.023200639033841,7.153578529876636,7.007378977665822,6.9829910090810765,7.469276564566875,7.219202298239262,7.044007909435753,6.987043845580732,7.954227983539096,7.69335486150388,7.435778367186441,7.255328146718826,7.196655160948156,7.490874897119343,7.245198267629867,7.002626229292084,6.83268767215268,6.777432530213312,7.5,0.0,13.005780346820885,-162.8419997135079,64.03411958967513,51.89776671258152,88.30682534386236,35.89743589743592,82.05128205128209,82.05128205128209,14.662756598240467,14.662756598240467,82.05128205128209,0.12966997947791234,0.2518626915862425,7.142932824354392,7.3985341496254255,7.82,7.320000000000002,7.07,6.986666666666666,6.944999999999999,6.903333333333332,-0.040000000000000036,0.1299999999999999,0.10000000000000052,0.02515859126926939,7.0200000000000005,7.907558448779572,6.1324415512204276,2062.162162162137,39871600,1.9190599256843492,2.0625628529990747,1.8192714722447898,3.0816326530612246,8.090909090909069,50.0,7.95,63.99989733323065,45.82959027403472,7.0200000000000005,7.2200000000000015,7.62,7.9,1,0,1,1,0,0,0,0,0,2.0,0,0.0,1,0,0.0,1,1,0,0,1.0
20160818,4864,000415XSHE20160818,20200210004725,0,699231,7.94,550037056.0,000415.XSHE,7.76,1500,7.92,7.84,311558.59375,618452.125,1.2787723785,7.82,4.0,7.7883676268861475,7.6856542968750015,7.418024453809892,7.269206395227624,7.875625,7.391360936422075,7.158863002839451,7.062191915597587,7.2125340275784335,7.043168037365202,7.007649140421049,7.5512262801001695,7.285944936502191,7.086739230926693,7.010079800010838,8.022018655692731,7.777763068503175,7.504523284597258,7.2993414078544925,7.220382194011163,7.554716598079562,7.324689491697163,7.0673665884071255,6.874137053998891,6.799777406010513,7.78,0.2024291497975598,14.088159031979325,-130.67947838023278,66.1936865640569,56.66307332973998,85.25491303269074,29.48717948717953,71.42857142857146,83.13253012048195,16.129032258064512,16.129032258064512,83.13253012048195,0.1593892454191243,0.2377541275296956,7.2004933558836965,7.4787596650676695,7.904000000000001,7.43,7.125,7.0233333333333325,6.972500000000001,6.921666666666668,0.08000000000000007,0.020000000000000462,0.08000000000000007,0.027431318541996676,7.07,8.022711918682662,6.117288081317338,160.24096385542134,39172369,1.6166544563082024,1.7678571909962757,2.0420935680658343,2.8245614035087727,6.785714285714261,66.66666666666666,7.86,64.03411958967513,51.89776671258152,7.07,7.320000000000002,7.82,7.82,1,0,1,1,0,0,0,0,0,2.0,0,0.0,1,0,0.0,0,1,0,0,1.0
20160819,4865,000415XSHE20160819,20200210004725,0,467326,7.92,365666912.0,000415.XSHE,7.76,1500,7.84,7.88,311558.59375,618452.125,-1.0101010101,7.92,4.0,7.805578417924099,7.72424072265625,7.474287859968571,7.321096722934205,7.8578125,7.447440819369316,7.202807325236906,7.096009658397692,7.260800640841631,7.074416349625389,7.0295531104099656,7.603730592809232,7.338712085406746,7.123483658686365,7.030571656800696,8.039745770461822,7.831842510593507,7.5588734479689474,7.337188168446955,7.241488806504716,7.571411065386377,7.3756186750249535,7.118550722844543,6.9097791489257725,6.819654507096673,8.1,-0.960080848913588,12.604848902677311,-97.36290411563505,65.92399617090972,59.7500476101299,78.27189329246934,34.61538461538466,53.84615384615383,79.31034482758622,4.533333333333331,14.956011730205269,79.31034482758622,0.1848055728953543,0.20333061980983985,7.247864218410831,7.534335101211106,7.915999999999999,7.532000000000001,7.176,7.057333333333332,6.997999999999999,6.938666666666666,-0.040000000000000036,0.040000000000000036,0.08000000000000007,0.02947213486852729,7.125,8.115401938608763,6.1345980613912365,102.19780219780206,38705043,1.2445801037988151,1.4306172800535086,1.7774003649253916,2.391304347826088,4.318181818181807,50.0,7.84,66.1936865640569,56.66307332973998,7.125,7.43,7.904000000000001,7.92,0,0,1,1,0,0,0,0,0,1.0,0,0.0,1,0,0.0,1,1,0,0,1.0
20160822,4866,000415XSHE20160822,20200210004725,0,568837,7.94,440526560.0,000415.XSHE,7.55,1500,7.6,7.88,311558.59375,618452.125,-3.0612244898000003,7.84,1.0,7.737052278616066,7.693180541992188,7.491049478639429,7.346451566303822,7.72890625,7.466510716948152,7.228432659092588,7.117922281945617,7.2868928992384285,7.095027473169493,7.044564870662336,7.603052303207552,7.36359664870134,7.14672835826264,7.044631615892036,7.969163846974548,7.83114387230378,7.58450454816238,7.361130209010518,7.255970564368797,7.504940710257584,7.374960734111326,7.1426887492403,6.932326507514759,6.833292667415273,7.9,-2.7635619242579352,8.913728862138203,-55.6563500533616,60.61599744727313,60.038697555844315,61.77059723013079,50.000000000000064,14.28571428571425,69.69696969696969,-2.313624678663247,11.436950146627554,69.69696969696969,0.20194226690669845,0.13709355209075352,7.273948350380398,7.5444373933324735,7.816,7.6099999999999985,7.214999999999999,7.083333333333332,7.017500000000001,6.951666666666667,-0.28000000000000025,0.0600000000000005,0.049999999999999815,0.03460371381589572,7.176,8.168683232456356,6.183316767543643,43.502824858757066,39273880,0.7092575318533956,0.9769188178261052,1.5351878543391762,1.6764705882352948,2.739726027397257,33.33333333333333,7.88,65.92399617090972,59.7500476101299,7.176,7.532000000000001,7.915999999999999,7.84,0,0,1,1,0,0,0,0,0,1.0,0,0.0,1,0,0.0,1,1,0,0,1.0
20160823,4867,000415XSHE20160823,20200210004725,0,420923,7.76,321327328.0,000415.XSHE,7.52,1500,7.66,7.55,311558.59375,618452.125,0.7894736842,7.6,2.0,7.7113681857440435,7.684885406494142,7.513576214820838,7.374955969367111,7.694453125,7.490696877329634,7.25627571334468,7.141490878382765,7.315593445450858,7.117183258535394,7.060760531960697,7.613406429897088,7.391825539301213,7.171765999322997,7.059825896981122,7.942709231316365,7.841808622794001,7.613580305480246,7.3869189793026875,7.271620673890556,7.480027140171722,7.3850042370001745,7.170070773122175,6.956613019343308,6.8480311200716875,7.82,-1.3903192584964024,9.509921656087426,-35.263075321266804,48.7439982981821,56.27379780329024,33.684399287965824,46.153846153846175,28.57142857142857,70.58823529411767,-5.4320987654320945,12.316715542521992,70.58823529411767,0.21348811093055275,0.09236675219083408,7.302544768870739,7.562216255896707,7.768000000000002,7.694,7.257000000000001,7.1113333333333335,7.038499999999999,6.9656666666666665,0.11000000000000032,0.09999999999999963,0.03000000000000025,0.037736873084825234,7.214999999999999,8.208359954900537,6.221640045099461,46.31268436578162,38852957,0.3364916656396489,0.5228745987465222,1.6360262960978569,1.828571428571429,2.6666666666666634,33.33333333333333,7.88,60.61599744727313,60.038697555844315,7.214999999999999,7.6099999999999985,7.816,7.6,0,0,1,1,0,0,0,0,0,1.0,0,0.0,1,0,0.0,0,1,0,0,1.0
20160824,4868,000415XSHE20160824,20200210004725,0,263584,7.65,200034592.0,000415.XSHE,7.53,1500,7.56,7.64,311558.59375,618452.125,-1.3054830287,7.66,2.0,7.660912123829362,7.653664054870607,7.5197660528447265,7.391778153970099,7.6272265625,7.499359767663429,7.275870828612765,7.159686927148732,7.3343939496469455,7.134548620945772,7.073898412698574,7.603696169915799,7.4078421546058575,7.190704243258463,7.072175874833442,7.890739487544242,7.8318070550132735,7.630077419244034,7.406425370556216,7.2843411510784435,7.431084760114483,7.375585284818323,7.185606889967683,6.9749831159607085,6.860010598588438,7.92,-2.021772939346808,7.852088564254775,-14.739324517813705,37.357109976565816,49.9682351943821,12.134859540933276,52.56410256410262,27.5862068965517,67.2897196261682,-4.303797468354439,10.850439882697936,67.2897196261682,0.2188424420882213,0.04283464926134839,7.321615526732166,7.561875293451061,7.715999999999998,7.768000000000002,7.294,7.135999999999999,7.057,6.9780000000000015,-0.08000000000000007,0.010000000000000677,0.029999999999999364,0.039324174672126816,7.257000000000001,8.237538627490013,6.276461372509986,42.48366013071906,38589373,0.0252092371417062,0.18085045139067754,1.538854533272057,1.6637931034482778,2.2872340425531896,33.33333333333333,7.55,48.7439982981821,56.27379780329024,7.257000000000001,7.694,7.768000000000002,7.66,0,0,1,0,0,0,0,0,0,1.0,0,0.0,1,0,0.0,1,1,0,0,1.0
20160825,4869,000415XSHE20160825,20200210004725,0,317938,7.56,237764480.0,000415.XSHE,7.41,1500,7.55,7.48,311558.59375,618452.125,-0.13227513230000001,7.56,2.0,7.623941415886242,7.627748041152954,7.523797245798763,7.4061619581546365,7.58861328125,7.5056897967055,7.293556581605491,7.176657060750961,7.350979030443335,7.150840831889075,7.086427401838086,7.593933229931108,7.421380997024348,7.208230865538537,7.083974001380764,7.85265965836283,7.821751226829042,7.644022426935076,7.424477791504693,7.296493221422187,7.395223173409654,7.366115233033174,7.198739567113618,6.991983939572383,6.871454781339342,7.84,-1.2038733315885963,7.485549955866904,5.495545106677248,29.71573654795109,43.21740231223843,2.712405019376405,53.20512820512825,12.244897959183747,66.97674418604649,-3.4526854219948913,10.703812316715537,66.97674418604649,0.21937703969166614,0.0042767808275588895,7.338532895122375,7.560048325227821,7.642,7.7730000000000015,7.330500000000002,7.160333333333332,7.07525,6.990166666666667,0.0699999999999994,0.009999999999999787,0.07000000000000027,0.04104426297234756,7.294,8.255404701465515,6.332595298534483,24.34017595307923,38907311,-0.17347757523613527,-0.07413416904721454,1.6104974395623253,1.6341463414634154,1.9724770642201832,33.33333333333333,7.64,37.357109976565816,49.9682351943821,7.294,7.768000000000002,7.715999999999998,7.56,0,0,1,0,0,0,0,0,0,1.0,0,0.0,1,0,0.0,0,1,0,0,1.0
20160826,4870,000415XSHE20160826,20200210004725,0,301112,7.69,228721328.0,000415.XSHE,7.52,1500,7.53,7.59,311558.59375,618452.125,-0.2649006623,7.55,2.0,7.592627610590827,7.603311030864716,7.524624279692261,7.417419961958759,7.559306640625,7.508728572117312,7.308810995695459,7.19201979724005,7.364749874255387,7.165709818873818,7.0981003649476095,7.582309006307269,7.431725663974409,7.223926920878122,7.094986989000992,7.820406438908553,7.809778276496488,7.654677433893641,7.4406447285044655,7.307836598671021,7.364848782273103,7.354839736118051,7.2087738940551755,7.007209113251778,6.882137379330961,7.6,-0.659630606860156,6.984541941350361,2.3384859294486318,25.780640285698738,37.405148303391854,2.531624250312504,54.487179487179496,13.953488372093119,51.00671140939598,-4.92424242424242,10.410557184750733,66.3594470046083,0.21604360421936755,-0.02666748377838896,7.352715643631829,7.5554255059620035,7.58,7.747999999999999,7.366000000000001,7.184000000000001,7.093000000000001,7.002000000000002,-0.05999999999999961,0.10000000000000052,0.010000000000000677,0.037132233284756885,7.330500000000002,8.265965659444536,6.3950343405554655,47.58620689655177,38606199,-0.28417980200566084,-0.2288286886208981,1.5081662464766554,1.6230769230769235,2.0446428571428568,16.666666666666664,7.48,29.71573654795109,43.21740231223843,7.330500000000002,7.7730000000000015,7.642,7.55,0,0,0,0,0,0,1,0,0,1.0,0,0.0,1,0,0.0,1,1,0,0,1.0
20160829,4871,000415XSHE20160829,20200210004725,0,204315,7.65,154132512.0,000415.XSHE,7.4,1500,7.53,7.53,311558.59375,618452.125,0.0,7.53,2.0,7.5717517403938865,7.584983273148537,7.525341042399959,7.4276545108716,7.5446533203125,7.511387500602648,7.323081254037688,7.206714588664397,7.3774614223895885,7.179995708329746,7.10946614481741,7.572798277887768,7.441085124548273,7.238857314981628,7.105728051000966,7.798904292605702,7.7999822262244,7.664317678284722,7.456023034431078,7.318899892530996,7.344599188182068,7.345614329551133,7.217852570811826,7.021691595532179,6.892556209470937,7.66,-0.4758128469468622,6.769134787170758,20.040775604042874,24.531726292160734,33.11400763298148,7.367163610519242,54.487179487179496,31.57894736842125,39.669421487603294,-3.954081632653057,0.4000000000000033,66.3594470046083,0.2099680976720012,-0.048604052378930784,7.36584781817762,7.551513889660156,7.566,7.691,7.4015,7.207666666666667,7.11075,7.0138333333333325,0.0,0.1200000000000001,0.1299999999999999,0.028600434553754963,7.366000000000001,8.269222563934273,6.462777436065731,54.35684647302914,38401884,-0.3192963699639115,-0.3017380859847861,1.6225776408153716,1.5594405594405605,1.928,16.666666666666664,7.59,25.780640285698738,37.405148303391854,7.366000000000001,7.747999999999999,7.58,7.53,0,0,0,0,0,0,1,0,0,1.0,0,0.0,1,0,0.0,0,1,0,0,1.0
20160830,4872,000415XSHE20160830,20200210004725,0,235382,7.55,176357536.0,000415.XSHE,7.45,1500,7.46,7.51,311558.59375,618452.125,-0.9296148738,7.53,2.0,7.5345011602625895,7.553737454861403,7.5166289034133,7.430595009883271,7.50232666015625,7.504964063027318,7.3319147215191265,7.2177269978529015,7.383810543744232,7.190976268787402,7.1186907199537925,7.552289500089993,7.442886541257961,7.249644763031305,7.114475506531807,7.760536195070468,7.778858185092693,7.6661731374957,7.467134105922244,7.327909771727763,7.308466125454712,7.3257208150872914,7.219599945020223,7.0321554201403655,6.901041241335852,7.56,-0.8769598724422099,5.584963342485978,36.2986330178756,20.058187898477506,28.76206772148016,2.650428252472203,93.8775510204082,0.0,16.666666666666682,-1.8421052631578907,-4.1131105398457635,64.28571428571428,0.20089703330645545,-0.07256851492436611,7.372822053868167,7.5374348297124385,7.526000000000002,7.6469999999999985,7.433499999999999,7.229000000000001,7.126750000000001,7.0245,-0.049999999999999815,0.040000000000000036,0.009999999999999787,0.02652319560849416,7.4015,8.264501158747771,6.538498841252228,49.76303317535574,38637266,-0.3642169743148081,-0.3417566721393598,0.904493906263156,1.5234899328859073,1.827067669172932,16.666666666666664,7.53,24.531726292160734,33.11400763298148,7.4015,7.691,7.566,7.53,0,0,0,0,0,0,1,0,0,1.0,1,0.0,1,0,0.0,1,1,0,0,2.0
20160831,4873,000415XSHE20160831,20200210004725,0,460596,7.48,338441312.0,000415.XSHE,7.28,1500,7.3,7.46,311558.59375,618452.125,-2.144772118,7.46,2.0,7.4563341068417275,7.490303091146053,7.487745049624858,7.418722736257519,7.401163330078125,7.479343555148902,7.32985570722757,7.2213040849027745,7.37736357884083,7.195251709227112,7.123462016797112,7.506418681891812,7.429278299233393,7.2521011160541695,7.1190563582223785,7.680024130046978,7.731611242348565,7.6521566482103935,7.469664149535795,7.332628048969051,7.232644083636473,7.281226121435057,7.206399950256392,7.034538082572544,6.905484667475707,7.55,-2.3280706449023207,3.180212014134322,70.88672569616283,14.38222627575266,23.968787239570993,-4.790895651884007,98.18181818181824,0.0,17.391304347826086,-4.69973890339426,-9.876543209876539,60.0,0.18741333998843515,-0.1078695465441622,7.36742782765571,7.5009063943720635,7.473999999999998,7.594999999999999,7.4575,7.245000000000003,7.138749999999999,7.032499999999999,-0.16000000000000014,0.020000000000000462,0.01999999999999957,0.025810236213896533,7.433499999999999,8.252496336988145,6.614503663011853,43.209876543210115,39097862,-0.5073136293480413,-0.4357653018314247,0.33747572458159514,1.3712574850299415,1.6225165562913912,0.0,7.51,20.058187898477506,28.76206772148016,7.433499999999999,7.6469999999999985,7.526000000000002,7.46,0,0,0,0,0,0,1,0,0,1.0,1,0.0,1,0,0.0,1,1,0,0,2.0
20160901,4874,000415XSHE20160901,20200210004725,0,251471,7.35,183684592.0,000415.XSHE,7.25,1500,7.25,7.33,311558.59375,618452.125,-0.6849315068,7.3,2.0,7.387556071227817,7.430227318359539,7.4560457096748785,7.403384305688652,7.325581665039063,7.450675610755289,7.324703726116113,7.222551733385263,7.3675663804684595,7.197398701022128,7.1267919637235035,7.459797103366027,7.4122041754968775,7.251998622588112,7.122289534562568,7.609182753364652,7.683591016467009,7.634570300761785,7.469558581265758,7.335958220599445,7.165929389090983,7.2360031902650475,7.189838050231971,7.0344386639104695,6.9086208485256915,7.53,-2.212031292149983,2.349088034332868,108.09891731052907,9.588150850501773,19.17524177654792,-9.586031001590523,100.0,0.0,17.977528089887645,-4.100529100529095,-8.227848101265826,58.775510204081634,0.1706458601049346,-0.1341398390680043,7.358729470051585,7.462305410622517,7.414,7.528,7.479000000000001,7.259333333333335,7.1495000000000015,7.039666666666666,-0.08000000000000007,0.01999999999999957,0.0,0.024916819285996827,7.4575,8.229663195186095,6.685336804813906,53.99061032863889,38846391,-0.6330743066989802,-0.5701939680235107,0.4410758675079542,1.3200000000000014,1.602564102564103,0.0,7.46,14.38222627575266,23.968787239570993,7.4575,7.594999999999999,7.473999999999998,7.3,0,0,0,0,0,0,1,0,0,1.0,1,0.0,0,0,0.0,1,0,0,0,0.0
20160902,4875,000415XSHE20160902,20200210004725,0,280561,7.27,201932144.0,000415.XSHE,7.12,1500,7.17,7.25,311558.59375,618452.125,-1.1034482759,7.25,2.0,7.315037380818545,7.365170488769655,7.417906281718229,7.382167550626048,7.247790832519531,7.415591159410878,7.3147228405602345,7.220266875411989,7.352368966586269,7.196324242158514,7.127929017309728,7.40710672093584,7.389137111163842,7.247998689778937,7.123467570746208,7.534488502243103,7.629319922563917,7.610811224498758,7.465438650472305,7.337171597868596,7.095586259393988,7.1848935193077645,7.167462997828928,7.030558729085568,6.909763543623821,7.53,-2.342685916643974,1.1197924012072658,210.32173342087998,8.99626723366784,15.78225026225456,-4.5756988235056015,94.79166666666669,0.0,6.896551724137981,-5.033112582781456,-8.31202046035806,56.91699604743082,0.15103385571250744,-0.1568960351394172,7.3447495093070225,7.417335347449821,7.342,7.461,7.4965,7.271,7.158250000000002,7.0455000000000005,-0.08000000000000007,0.01999999999999957,0.049999999999999815,0.024968053168671227,7.479000000000001,8.205120513413581,6.752879486586423,15.942028985507324,39126952,-0.7405109541000807,-0.6867926303995304,0.5254983194454229,1.2393617021276606,1.49112426035503,0.0,7.33,9.588150850501773,19.17524177654792,7.479000000000001,7.528,7.414,7.25,0,0,0,0,0,0,1,0,0,1.0,1,0.0,0,0,0.0,1,0,0,0,0.0
20160905,4876,000415XSHE20160905,20200210004725,0,227329,7.3,164002032.0,000415.XSHE,7.15,1500,7.17,7.16,311558.59375,618452.125,0.0,7.17,2.0,7.266691587212364,7.316377866577241,7.384852110822465,7.362879591478225,7.2088954162597645,7.3848922644845185,7.305385883104737,7.2180813590897275,7.338340584541173,7.195291918936611,7.1290361484331575,7.363996408038415,7.368266910100618,7.244193875643378,7.124616519616674,7.484692334828735,7.584916300279567,7.589314917403637,7.46151969191268,7.338355015205173,7.048690839595992,7.143076515797262,7.1472189027976,7.0268680593740775,6.9108780240281735,7.46,-1.3755158184319192,1.0200631199279009,491.5022950006186,8.921488097299019,13.495329540602713,-0.22619478930837644,94.25287356321842,0.0,7.594936708860813,-4.780876494023908,-9.469696969696967,56.91699604743082,0.1303228154348577,-0.16568832222119798,7.331805101210206,7.379283755534464,7.27,7.417999999999998,7.5139999999999985,7.2826666666666675,7.167000000000001,7.051333333333335,0.009999999999999787,0.1299999999999999,0.009999999999999787,0.021928524430507808,7.4965,8.171641466657174,6.821358533342826,26.126126126126103,38899623,-0.7613212918304729,-0.7509161229652768,0.3644960221274015,1.306878306878308,1.5497076023391818,0.0,7.25,8.99626723366784,15.78225026225456,7.4965,7.461,7.342,7.17,0,0,0,0,0,0,1,0,0,1.0,1,0.0,0,0,1.0,0,0,0,0,1.0
20160906,4877,000415XSHE20160906,20200210004725,0,297901,7.28,214139744.0,000415.XSHE,7.09,1500,7.27,7.19,311558.59375,618452.125,1.3947001394999998,7.17,2.0,7.267794391474909,7.304783399932932,7.369538496046138,7.354435992252932,7.239447708129883,7.370530731423955,7.303102922904432,7.220338691303219,7.333083616499544,7.198221647605765,7.132745723474388,7.346906152031429,7.3589081567577015,7.2454527109778475,7.128206235181693,7.4858282232191575,7.567313336592373,7.579675401460433,7.462816292307184,7.3420524222371455,7.049760559730661,7.126498967470486,7.138140912054971,7.028089129648513,6.914360048126242,7.3,0.5254424778761098,2.2992711001041566,-826.4104459226472,15.947658731532652,14.312772604246025,19.217430986105906,78.82352941176475,25.64102564102557,24.615384615384627,-3.45285524568394,-7.2704081632653095,58.5551330798479,0.11130703724840972,-0.1521262254915836,7.3272269455650045,7.3624708700676225,7.231999999999998,7.379,7.536499999999998,7.297666666666667,7.17825,7.058833333333332,0.07999999999999917,0.010000000000000677,0.10000000000000052,0.021408845216598943,7.5139999999999985,8.121758998287973,6.906241001712027,35.04273504273511,39197524,-0.6223410899541542,-0.6918311908923136,0.5545513750555313,1.2864321608040206,1.5418994413407832,16.666666666666664,7.16,8.921488097299019,13.495329540602713,7.5139999999999985,7.417999999999998,7.27,7.17,0,0,0,0,0,0,1,0,0,1.0,0,0.0,0,0,1.0,0,0,0,0,1.0
20160907,4878,000415XSHE20160907,20200210004725,0,314300,7.32,228258576.0,000415.XSHE,7.19,1500,7.2,7.27,311558.59375,618452.125,-0.9628610729000001,7.27,2.0,7.245196260983273,7.278587549949697,7.3469333632399865,7.340396356593573,7.219723854064941,7.349214389995961,7.296451121426727,7.219454400376991,7.322846415230348,7.198291386915343,7.134515572856642,7.3201959425711705,7.343774046590303,7.243235505564295,7.129978920732762,7.4625521488127715,7.5398018208483055,7.564087267988012,7.460532570731224,7.3438782883547455,7.027840373153776,7.1005900642940345,7.123460825192593,7.025938440397367,6.916079553110778,7.25,-0.16638935108153707,1.2060386269714456,-172.64957264957292,16.74288359879956,15.122809602430534,19.983031591537603,87.05882352941174,33.33333333333333,15.151515151515115,-3.485254691689005,-5.2631578947368345,57.03703703703704,0.09298015464286316,-0.14661506084437265,7.317802727375004,7.337475351595683,7.2120000000000015,7.343000000000001,7.5554999999999986,7.310333333333332,7.1877499999999985,7.065166666666667,-0.0699999999999994,0.05000000000000071,0.009999999999999787,0.02162709918485291,7.536499999999998,8.073062205154258,6.99993779484574,70.4142011834319,39511824,-0.5177305370063495,-0.5700358134802519,0.6184460769879639,1.260869565217393,1.5026737967914456,16.666666666666664,7.19,15.947658731532652,14.312772604246025,7.536499999999998,7.379,7.231999999999998,7.27,0,0,0,0,0,0,1,0,0,1.0,1,0.0,0,0,1.0,1,0,0,0,1.0
20160908,4879,000415XSHE20160908,20200210004725,0,311167,7.33,226313904.0,000415.XSHE,7.16,1500,7.28,7.19,311558.59375,618452.125,1.1111111111,7.2,2.0,7.256797507322183,7.278940662462274,7.338008914807987,7.334905778721431,7.249861927032472,7.3405625912464645,7.295389758754034,7.222086817751903,7.319550537135707,7.201495646251996,7.138344110413046,7.3128875893764125,7.337700327867416,7.245028895536769,7.1336831449122,7.474501432541847,7.532274217057705,7.557831337703439,7.462379762402872,7.3476936392595675,7.0390935821025185,7.093500961695121,7.117569318031392,7.027678028670667,6.919672650564832,7.17,0.8589637018564862,2.198388410028971,-78.07807807807805,22.471446208723528,17.572355137861532,32.26962835044751,77.64705882352938,54.5454545454546,28.12500000000001,-0.2739726027397202,-4.96083550913838,58.273381294964025,0.07711021660719138,-0.1269595042853743,7.315002525347228,7.328632989811732,7.217999999999999,7.316,7.544499999999998,7.325666666666666,7.199250000000001,7.0728333333333335,0.08999999999999986,0.049999999999999815,0.03000000000000025,0.02197550905313033,7.5554999999999986,8.105026159522911,7.005973840477088,97.50000000000006,39200657,-0.3546405077451443,-0.4361855223757469,0.5687639235393849,1.3095238095238106,1.539267015706808,33.33333333333333,7.27,16.74288359879956,15.122809602430534,7.5554999999999986,7.343000000000001,7.2120000000000015,7.2,0,0,0,0,0,0,1,0,0,1.0,0,0.0,0,0,0.0,0,0,0,0,0.0
20160909,4880,000415XSHE20160909,20200210004725,0,232254,7.3,168044688.0,000415.XSHE,7.17,1500,7.24,7.3,311558.59375,618452.125,-0.5494505495,7.28,2.0,7.251198338214787,7.2692054968467055,7.324941059500258,7.3262779806558465,7.244930963516237,7.327992267340658,7.291816225931193,7.2228656517626915,7.313431265048344,7.2030056209087805,7.141019265402178,7.299635300398884,7.3283955347371865,7.244783583559366,7.136308252445233,7.468734288361232,7.5186243594108495,7.548247400779301,7.462127091066147,7.350397500018588,7.033662388068343,7.080646241386918,7.108543668695071,7.027440076052585,6.922219004871876,7.17,0.11061946902653648,1.5171485459491934,-57.305724391332504,25.850529356540353,20.331746544087807,36.888094981445434,77.6119402985074,62.06896551724146,26.86567164179104,-0.13793103448275568,-4.2328042328042255,57.44680851063831,0.06279824578503265,-0.11449576657726986,7.309446782728911,7.314997145225312,7.232000000000001,7.286999999999999,7.517500000000001,7.339666666666668,7.20975,7.079833333333332,-0.05999999999999961,0.0,0.07000000000000027,0.021513453041449603,7.544499999999998,8.098137968351159,6.990862031648838,128.14814814814838,38968403,-0.24808501336006655,-0.3013627605526054,0.5769460796704615,1.2331838565022433,1.4653465346534664,33.33333333333333,7.19,22.471446208723528,17.572355137861532,7.544499999999998,7.316,7.217999999999999,7.28,0,0,0,0,0,0,1,0,0,1.0,0,0.0,0,0,0.0,1,0,0,0,0.0
20160912,4881,000415XSHE20160912,20200210004725,0,287522,7.2,204806000.0,000415.XSHE,7.04,1500,7.08,7.1,311558.59375,618452.125,-2.2099447513999997,7.24,2.0,7.194132225476525,7.2219041226350305,7.292282251566888,7.3038890733234965,7.162465481758118,7.296993233923075,7.27815066296789,7.2166541016860535,7.29547501389078,7.198181871069221,7.139413495260014,7.259701609417268,7.304738817143169,7.236745359971106,7.134917925224363,7.409956192240821,7.477492657699788,7.523880981657463,7.453847720770239,7.348965462981093,6.9783082587122305,7.04191056113475,7.0855966526288725,7.019642999171972,6.92087038746763,7.27,-1.857499306903248,-0.7986548970154963,-79.0550273696347,20.263989267996603,20.309160785390734,20.173646233208324,93.84615384615385,40.0,22.2222222222222,-1.2552301255230107,-6.225165562913903,54.36241610738254,0.04751719933174135,-0.12224837162633047,7.292450724748994,7.278843738267571,7.2139999999999995,7.242000000000001,7.466500000000001,7.348333333333333,7.21625,7.0841666666666665,-0.01999999999999957,0.10000000000000052,0.040000000000000036,0.02045328692624939,7.517500000000001,8.03376640409773,7.0012335959022725,55.223880597014855,39255925,-0.31603043425601723,-0.2820577238080419,0.3806974288292297,1.2445414847161589,1.3153153153153163,33.33333333333333,7.3,25.850529356540353,20.331746544087807,7.517500000000001,7.286999999999999,7.232000000000001,7.24,0,0,0,0,0,0,1,0,0,1.0,0,1.0,0,0,0.0,1,0,0,0,1.0
20160913,4882,000415XSHE20160913,20200210004725,0,154017,7.18,109662880.0,000415.XSHE,7.07,1500,7.16,7.13,311558.59375,618452.125,1.1299435028,7.08,2.0,7.18275481698435,7.206428091976272,7.274644618024638,7.290808248475907,7.16123274087906,7.2798690796826895,7.270528039550607,7.214190879873613,7.285053858976103,7.1966845427919965,7.13995524538475,7.241574044068672,7.290954167891438,7.233001683874954,7.13553723571265,7.3982374614938795,7.458821265390734,7.5096827929281815,7.449991734391202,7.3496033527840305,6.967272172474818,7.0243268227466125,7.072225542854693,7.016011633358705,6.92147111864127,7.2,-0.4449388209121004,0.2267700663512976,-53.12911205852933,26.41255198511604,22.343624518632502,34.5504069180831,81.53846153846153,37.209302325581454,29.213483146067404,-0.13947001394699846,-4.913678618857904,42.857142857142854,0.033597864720119816,-0.11135467689297228,7.282639559952773,7.260560086226405,7.1919999999999975,7.211999999999999,7.4295,7.3596666666666675,7.22475,7.089833333333332,0.03000000000000025,0.01999999999999957,0.05999999999999961,0.020649117201684854,7.466500000000001,7.958698130837573,6.974301869162429,64.70588235294107,39101908,-0.3079935171178655,-0.3120119756869414,0.5048283615036848,1.234042553191491,1.3542600896860997,50.0,7.1,20.263989267996603,20.309160785390734,7.466500000000001,7.242000000000001,7.2139999999999995,7.08,0,0,0,0,0,0,1,0,0,1.0,0,1.0,0,0,1.0,0,0,0,0,2.0
20160914,4883,000415XSHE20160914,20200210004725,0,135117,7.19,96637928.0,000415.XSHE,7.09,1500,7.15,7.12,311558.59375,618452.125,-0.1396648045,7.16,2.0,7.171836544656233,7.1923210689822055,7.258025335621352,7.2780074986144605,7.155616370439531,7.263635444722353,7.262752036998956,7.211399972053022,7.274665100593326,7.194853776407998,7.140219581032519,7.22492421787437,7.277529961425586,7.228952821246907,7.135894341003693,7.3869916409959195,7.4416719444106,7.495855860268352,7.445821405884316,7.349971171233804,6.956681448316545,7.008176491338137,7.059204062582817,7.0120842366095,6.921817510773582,7.28,-0.4455583402951828,-0.005594092638111369,-41.573233671471904,30.25204615099693,24.979765062753977,40.79660832748284,83.07692307692305,43.24324324324328,31.325301204819283,-1.6506189821182835,-5.046480743691896,35.071090047393355,0.02102557874167487,-0.1005782878275596,7.272814407363678,7.243550842191572,7.182,7.197,7.396000000000001,7.370666666666668,7.233,7.0953333333333335,0.03000000000000025,0.040000000000000036,0.03000000000000025,0.019307992572889,7.4295,7.9016186291600885,6.9573813708399115,52.27272727272712,38966791,-0.2755476883157948,-0.2917706027168301,0.5458215612733901,1.2478991596638669,1.32608695652174,33.33333333333333,7.13,26.41255198511604,22.343624518632502,7.4295,7.211999999999999,7.1919999999999975,7.16,0,0,0,0,0,0,1,0,0,1.0,0,1.0,0,0,1.0,0,0,0,0,2.0
20160919,4884,000415XSHE20160919,20200210004725,0,163679,7.22,117422592.0,000415.XSHE,7.14,1500,7.19,7.15,311558.59375,618452.125,0.5594405593999999,7.15,3.0,7.177891029770823,7.191740801736652,7.248955290871838,7.270006816922237,7.172808185219765,7.2544310141320585,7.2580583571925725,7.2104695384854995,7.268152400547687,7.194663432235133,7.1415295920579815,7.218574360079028,7.269193774623148,7.227052683625108,7.137230283201134,7.393227760663946,7.4351315908814,7.487269587861844,7.443864264133861,7.351347191697168,6.962554298877697,7.002017129276657,7.0511179613844535,7.0102411031163525,6.9231133747051,7.24,0.3629257398101716,0.4498588951913161,-20.765600419507123,37.40941007767616,29.122980067728037,53.9822700975724,75.40983606557373,36.36363636363639,42.2535211267606,-0.13888888888888593,-3.619302949061656,25.13661202185793,0.010546911846731169,-0.08382933515954959,7.266680006818222,7.235312251085178,7.164,7.191,7.3595000000000015,7.382999999999999,7.24225,7.1015,0.040000000000000036,0.029999999999999364,0.010000000000000677,0.01904133869537714,7.396000000000001,7.809689497086886,6.9823105029131165,53.642384105959756,39130470,-0.1961846263064948,-0.2358661573111448,0.7057574735698833,1.2719665271966536,1.3506493506493509,50.0,7.12,30.25204615099693,24.979765062753977,7.396000000000001,7.197,7.182,7.15,0,0,0,0,0,0,0,0,0,0.0,0,1.0,0,0,1.0,0,0,1,0,2.0
20160920,4885,000415XSHE20160920,20200210004725,0,131845,7.2,94288512.0,000415.XSHE,7.12,1500,7.13,7.2,311558.59375,618452.125,-0.8344923504999999,7.19,1.0,7.161927353180548,7.1763056013024915,7.2330945854222595,7.25727892447476,7.151404092609883,7.238877137365552,7.249796527696277,7.206970862899173,7.2575252928132485,7.192127611363167,7.141226181740666,7.202469930973751,7.255937224659038,7.222318406375103,7.137051757689996,7.376785173775965,7.418544028902963,7.47361534139881,7.438987958566356,7.351163310420697,6.947069532585132,6.986395833044537,7.038259107919267,7.005648854183849,6.9229402049592945,7.08,-0.16802016241949672,-0.4745951982132613,-22.94733646987466,35.28443430465765,31.176798146704574,43.49970662056379,82.35294117647061,34.28571428571426,41.66666666666666,-2.0604395604395647,-2.3287671232876703,27.21893491124259,0.0009484903642091356,-0.07678737186017627,7.256555561868723,7.219110366302843,7.142,7.187,7.324,7.393333333333333,7.25,7.106666666666667,-0.07000000000000027,0.0,0.009999999999999787,0.018071308121515743,7.3595000000000015,7.720686932211009,6.998313067788992,51.42857142857088,38998625,-0.17518289448479124,-0.18568376039564305,0.8606478307396828,1.240816326530613,0.8059210526315791,33.33333333333333,7.15,37.40941007767616,29.122980067728037,7.3595000000000015,7.191,7.164,7.19,0,0,0,0,0,0,0,0,0,0.0,0,1.0,0,0,1.0,1,0,1,0,3.0
20160921,4886,000415XSHE20160921,20200210004725,0,158386,7.2,113467504.0,000415.XSHE,7.11,1500,7.14,7.14,311558.59375,618452.125,0.1402524544,7.13,2.0,7.1546182354536985,7.167229200976868,7.220681974032626,7.246617204067963,7.14570204630494,7.226517495194859,7.24271288074813,7.204059086251383,7.2484848856737685,7.1900833913097095,7.141193913800121,7.191111761705798,7.244895584215322,7.2183028743568025,7.137124553796417,7.3692567825173105,7.406845114556973,7.462242451741782,7.434851960587507,7.351238290410309,6.939979688390088,6.975378408854621,7.0275487166888615,7.001753788126099,6.923010817182523,7.16,-0.19569471624265236,-0.4239651902264525,-16.6002020524277,35.01720907666828,32.456935123359145,40.13775698328655,77.27272727272738,64.9999999999999,47.69230769230767,-1.3812154696132672,-1.5172413793103492,29.012345679012327,-0.007437662874097349,-0.06708922590645186,7.247921816545112,7.20693954071779,7.153999999999999,7.183999999999998,7.300999999999998,7.403999999999999,7.257999999999999,7.111999999999999,0.0,0.0600000000000005,0.029999999999999364,0.0172397621139914,7.324,7.670231136670289,6.977768863329711,145.33333333333215,39157011,-0.15421877249772128,-0.16470083349125625,1.0322311275388008,1.1161825726141088,0.694352159468439,50.0,7.2,35.28443430465765,31.176798146704574,7.324,7.187,7.142,7.13,0,0,0,0,0,0,0,0,0,0.0,0,1.0,0,0,1.0,0,0,1,0,2.0
20160922,4887,000415XSHE20160922,20200210004725,0,160934,7.24,115728064.0,000415.XSHE,7.16,1500,7.18,7.17,311558.59375,618452.125,0.5602240896,7.14,2.0,7.1630788236358,7.17042190073265,7.215257710828276,7.240561094607239,7.162851023152469,7.220702808295503,7.238666888441799,7.203013039023062,7.243216817545017,7.189687964199525,7.142215126594857,7.189091441395652,7.23871505238529,7.216434441461352,7.138183206789098,7.377971188344874,7.404764184637521,7.455876503956849,7.432927474705192,7.35232870299277,6.948186458926727,6.973418698153783,7.021553600813731,6.99994140821751,6.924037710585424,7.15,0.3073484213467483,0.033437360677697286,0.5859491778768955,39.436760074100654,34.78354344027298,48.74319334175601,54.8387096774194,56.24999999999986,50.7246376811594,1.4124293785310684,0.13947001394699846,26.282051282051288,-0.013969245275903786,-0.05225265921445151,7.2428905708751055,7.202794995991976,7.158,7.175,7.276999999999999,7.415999999999999,7.266999999999999,7.117999999999999,0.009999999999999787,0.0600000000000005,0.009999999999999787,0.01574048818710446,7.300999999999998,7.608772643358697,6.9932273566413015,196.5517241379287,39317945,-0.09514313989145028,-0.1246809561945858,1.4633207477844523,0.8347826086956529,0.6045627376425862,66.66666666666666,7.14,35.01720907666828,32.456935123359145,7.300999999999998,7.183999999999998,7.153999999999999,7.14,0,0,0,0,0,0,0,0,0,0.0,0,1.0,0,0,1.0,0,0,1,0,2.0
20160923,4888,000415XSHE20160923,20200210033915,1,0,7.18,0.0,000415.XSHE,7.18,1500,7.18,7.18,,,0.0,7.18,,7.168719215757201,7.172816425549487,7.210556682717838,7.235055540552035,7.171425511576235,7.215614957258563,7.2348819278971686,7.202012472109016,7.238353985426168,7.189308044034839,7.143209465368675,7.187438452050987,7.2331231426343106,7.214657151633967,7.139215720201713,7.383780792229916,7.403061605612518,7.45011683691334,7.431096866182988,7.353392191807762,6.953657639284483,6.9718152984894575,7.016129448355281,6.998217437084948,6.9250392485956604,7.19,0.2233389168062537,-0.0668077051553082,-1.745635910224863,44.239891331451695,37.93565940399922,56.84835518635664,51.724137931034605,59.99999999999977,42.372881355932215,0.27932960893854153,0.13947001394699846,27.702702702702698,-0.018964183528297048,-0.039959506019146086,7.238232010069543,7.199288073531672,7.164,7.172999999999999,7.257999999999999,7.427999999999999,7.275999999999999,7.1240000000000006,0.0,0.0,0.0,0.013934932631548913,7.276999999999999,7.558325434328287,6.9956745656717105,221.95121951218948,39317945,-0.042448965204111636,-0.06879605254778097,1.2458047638822176,0.8287037037037048,0.6880341880341886,50.0,7.17,39.436760074100654,34.78354344027298,7.276999999999999,7.175,7.158,7.18,0,0,0,1,0,0,0,0,0,0.0,0,1.0,0,0,1.0,0,0,1,0,2.0
20160926,4889,000415XSHE20160926,20200210033915,1,0,7.18,0.0,000415.XSHE,7.18,1500,7.18,7.18,,,0.0,7.18,,7.172479477171468,7.174612319162116,7.20648245835546,7.2300504914109425,7.175712755788117,7.2111630876012445,7.231341158355415,7.201055408104277,7.233865217316463,7.188943022700138,7.144177637332658,7.186086006223534,7.228063795716755,7.212966558871336,7.140222739455991,7.387653861486611,7.40166858641024,7.444905709588259,7.429355555637477,7.35442942163967,6.9573050928563225,6.970503426036828,7.011221881845254,6.996577562105196,6.926016057272309,7.13,0.25132644512704416,-0.1668520578420284,-1.8845700824505445,52.82659422096772,42.89930434298872,72.68117397692575,51.724137931034605,45.454545454545155,48.07692307692303,0.41958041958041065,-1.2379642365887191,33.06451612903226,-0.022690916870326792,-0.029813866736237926,7.233918527842167,7.1963206776037225,7.162000000000001,7.1629999999999985,7.2395,7.417333333333333,7.284999999999998,7.130000000000001,0.0,0.0,0.0,0.011599767796384077,7.257999999999999,7.506875470868465,7.009124529131535,156.4102564102537,39317945,-0.0069531197350851705,-0.024701042469598408,0.9607631320602346,0.8217821782178233,0.7037037037037046,50.0,7.18,44.239891331451695,37.93565940399922,7.257999999999999,7.172999999999999,7.164,7.18,0,0,1,1,0,0,0,0,0,1.0,0,1.0,0,0,1.0,0,0,1,0,2.0
20160927,4890,000415XSHE20160927,20200210033915,1,0,7.18,0.0,000415.XSHE,7.18,1500,7.18,7.18,,,0.0,7.18,,7.174986318114311,7.175959239371588,7.202951463908065,7.225500446737223,7.1778563778940585,7.207267701651088,7.22802882555829,7.200139955578004,7.229721739061352,7.188592315927585,7.145120331087062,7.184979459637438,7.2234862913627795,7.211358434048344,7.141204894037322,7.3902359076577415,7.400528843426561,7.440190880103662,7.427699187069795,7.355441040858443,6.959736728570883,6.969430075848313,7.006781702621896,6.995017681026894,6.926968747216202,7.14,0.11154489682097052,-0.26669629958882624,-1.145721446473959,56.786356931625434,47.528321872534285,75.3024270498077,51.724137931034605,100.0,38.636363636363576,-0.1390820584144739,-0.27777777777778423,29.66101694915252,-0.025375685234380645,-0.0214781469124309,7.229924562816823,7.193809804126228,7.172000000000001,7.156999999999999,7.222000000000001,7.397333333333334,7.294,7.136000000000001,0.0,0.0,0.0,0.009804187685886845,7.2395,7.4505544953323675,7.028445504667633,423.07692307691264,39317945,0.012770398486501952,0.002908639375708391,1.3739569849510271,0.8041237113402074,0.6666666666666676,33.33333333333333,7.18,52.82659422096772,42.89930434298872,7.2395,7.1629999999999985,7.162000000000001,7.18,0,0,1,1,0,0,0,0,0,1.0,0,1.0,0,0,1.0,0,0,1,0,2.0
20160928,4891,000415XSHE20160928,20200210033915,1,0,7.18,0.0,000415.XSHE,7.18,1500,7.18,7.18,,,0.0,7.18,,7.17665754540954,7.1769694295286905,7.1998912687203225,7.2213640424883865,7.1789281889470296,7.203859238944702,7.2249301916513025,7.199264305335483,7.225896989902787,7.188255362361798,7.1460382171110854,7.1840741033397215,7.219344739804421,7.209828754338669,7.142162797888253,7.391957271771827,7.399596326439912,7.435925081998553,7.426123616968829,7.3564276818249015,6.9613578190472545,6.968551880239531,7.002764397610288,6.993533891708507,6.927897913951607,7.18,0.0,-0.3663410301953663,0.3510751677002956,57.85757128775022,50.9714050109396,71.62990384137144,51.724137931034605,100.0,42.499999999999936,0.7012622720897591,-1.373626373626381,32.407407407407405,-0.02720879382281977,-0.014664868707512938,7.226226447052613,7.191685218876038,7.18,7.1670000000000025,7.204500000000001,7.366666666666666,7.303,7.142000000000001,0.0,0.0,0.0,0.007544300680237122,7.222000000000001,7.379159154999002,7.064840845001,-3300.00000000064,39317945,0.021320377946514632,0.017045388216508292,0.948175595979278,0.8351648351648366,0.7216494845360837,33.33333333333333,7.18,56.786356931625434,47.528321872534285,7.222000000000001,7.156999999999999,7.172000000000001,7.18,0,0,1,1,0,0,0,0,0,1.0,0,1.0,0,0,1.0,0,0,1,0,2.0
20160929,4892,000415XSHE20160929,20200210033915,1,0,7.18,0.0,000415.XSHE,7.18,1500,7.18,7.18,,,0.0,7.18,,7.1777716969396925,7.177727072146517,7.197239099557613,7.217603674989442,7.179464094473515,7.200876834076613,7.222031469609282,7.1984267268426345,7.222366452217956,7.187931622661336,7.146931948239742,7.183333357277953,7.215597621727809,7.208373693151418,7.143097049792247,7.3931048478478845,7.398833357996294,7.432065550379642,7.424624903945959,7.357389961286015,6.962438546031502,6.967833356559615,6.999129693075974,6.992122482356875,6.928804138298478,7.18,0.0,-0.4657868470666376,4.040404040403279,56.52043214055128,52.82108072081016,63.91913498003351,51.724137931034605,,70.83333333333323,0.5602240896358549,-0.8287292817679627,32.710280373831765,-0.028349989637125494,-0.009129566514445832,7.222802265789458,7.189887492895108,7.18,7.169,7.190500000000003,7.342666666666667,7.3119999999999985,7.1480000000000015,0.0,0.0,0.0,0.00600798783107512,7.204500000000001,7.309280723418003,7.099719276581999,-100.0,39317945,0.02307970381753284,0.022200040882023733,1.3898828626444162,0.979865771812082,0.787878787878789,16.666666666666664,7.18,57.85757128775022,50.9714050109396,7.204500000000001,7.1670000000000025,7.18,7.18,0,0,1,1,0,0,0,0,0,1.0,0,1.0,0,0,1.0,0,0,1,0,2.0
20160930,4893,000415XSHE20160930,20200210033915,1,0,7.18,0.0,000415.XSHE,7.18,1500,7.18,7.18,,,0.0,7.18,,7.178514464626463,7.178295304109888,7.194940552949933,7.214185159081311,7.179732047236757,7.198267229817038,7.219319761892555,7.197625564806,7.219107494355037,7.187620578635402,7.147802160128172,7.182727292318328,7.212207372039447,7.206989610558665,7.144008233747993,7.393869898565256,7.398209111087878,7.428573593200629,7.423199298875425,7.358328480760432,6.9631590306876685,6.967245473548776,6.995841150878262,6.990779922241905,6.929687986735552,7.18,0.0,-0.5650343452249051,10.603191777114336,55.62900604241865,53.757055828012994,59.372906471229975,46.153846153846224,,56.24999999999986,0.0,1.4124293785310684,33.3333333333333,-0.028933069197863724,-0.004664636485905829,7.219631727582833,7.188366340142015,7.18,7.172000000000001,7.1845000000000026,7.3213333333333335,7.321000000000001,7.154000000000001,0.0,0.0,0.0,0.004609386432473711,7.190500000000003,7.282472822072612,7.098527177927393,,39317945,0.0212749226421763,0.02217731322985457,3.2834844909447587,0.8561643835616455,0.7261146496815297,0.0,7.18,56.52043214055128,52.82108072081016,7.190500000000003,7.169,7.18,7.18,0,0,1,1,0,0,0,0,0,1.0,0,1.0,0,0,1.0,0,0,1,0,2.0
20161010,4894,000415XSHE20161010,20200210033915,1,0,7.18,0.0,000415.XSHE,7.18,1500,7.18,7.18,,,0.0,7.18,,7.179009643084309,7.1787214780824185,7.192948479223276,7.2110774173466465,7.179866023618379,7.195983826089907,7.216783003060777,7.196859235901392,7.216099225558497,7.187321732414405,7.148649471703746,7.182231420987723,7.209140003273784,7.20567304418995,7.144896919334463,7.394379932376839,7.397698363617353,7.4254142033719965,7.421843235515648,7.359243826914496,6.9636393537917805,6.9667644783580895,6.992865803175571,6.989502852864254,6.930550011754428,7.18,0.0,-0.6640841173215281,18.102125794430894,55.034721976996906,54.18294454434097,56.738276842308814,30.00000000000022,,59.99999999999977,0.0,0.27932960893854153,33.3333333333333,-0.02906982199204717,-0.0010940223534675472,7.216696044058177,7.187079210889398,7.18,7.171000000000001,7.181000000000003,7.296666666666668,7.330000000000001,7.16,0.0,0.0,0.0,0.003496729965157996,7.1845000000000026,7.2714252552484036,7.097574744751599,,39317945,0.017973865849190078,0.01962439424568319,2.5536775367469366,0.9185185185185196,0.7986111111111122,0.0,7.18,55.62900604241865,53.757055828012994,7.1845000000000026,7.172000000000001,7.18,7.18,0,0,1,1,0,0,0,0,0,1.0,0,1.0,0,0,1.0,0,0,1,0,2.0
20161011,4895,000415XSHE20161011,20200210033915,1,0,7.18,0.0,000415.XSHE,7.18,1500,7.18,7.18,,,0.0,7.18,,7.179339762056206,7.179041108561813,7.191222015326837,7.208252197587861,7.179933011809188,7.193985847828668,7.214409906089113,7.196126225644809,7.213322362053997,7.187034605653057,7.149474485606278,7.181825708080863,7.206364764866756,7.204420700570929,7.145763662066944,7.394719954917893,7.397280479323291,7.422555707812759,7.4205533215880575,7.360136571928952,6.963959569194519,6.9663709368384374,6.990173821920752,6.988288079553801,6.931390752204934,7.18,0.0,-0.7629367536488421,17.053497942379828,45.02314798466442,51.129679024448784,32.81008590509569,35.29411764705913,,45.454545454545155,0.0,0.41958041958041065,35.71428571428569,-0.028853401003755736,0.0017313679063314727,7.2139778185723875,7.1859901015217975,7.18,7.175999999999998,7.1815000000000015,7.2746666666666675,7.338999999999999,7.166,0.0,0.0,0.0,0.0023747103298143767,7.181000000000003,7.267781334398593,7.094218665601411,,39317945,0.014361353652353631,0.016167609750771854,1.9134279134563443,0.906250000000002,0.8914728682170552,0.0,7.18,55.034721976996906,54.18294454434097,7.181000000000003,7.171000000000001,7.18,7.18,0,0,1,1,0,0,0,0,0,1.0,0,1.0,0,0,1.0,0,0,0,0,2.0
20161012,4896,000415XSHE20161012,20200210033915,1,0,7.18,0.0,000415.XSHE,7.18,1500,7.18,7.18,,,0.0,7.18,,7.179559841370804,7.17928083142136,7.189725746616593,7.205683815988966,7.179966505904595,7.192237616850085,7.212189912147881,7.195425085399384,7.210759103434459,7.186758738764702,7.150277788616641,7.18149376115707,7.203853834879445,7.203229446884543,7.146609003744303,7.394946636611928,7.396938573991783,7.419969449925829,7.419326330291081,7.361007273856632,6.9641730461296785,6.966048948322357,6.987738219833061,6.987132563478006,6.932210733631973,7.18,0.0,-0.8615928421517883,17.4999999999923,30.015431989776285,44.09159667955796,1.863102610212934,40.00000000000024,,100.0,0.0,-0.1390820584144739,42.682926829268276,-0.028361199939216562,0.0039376085163133475,7.211460943122582,7.185068547441522,7.18,7.1800000000000015,7.182000000000002,7.260666666666667,7.347999999999999,7.1720000000000015,0.0,0.0,0.0,0.001114206128133706,7.1815000000000015,7.268125631310832,7.094874368689171,,39317945,0.011034145414369116,0.012697749533361374,1.1378377353841491,0.8760330578512414,0.8015873015873021,0.0,7.18,45.02314798466442,51.129679024448784,7.1815000000000015,7.175999999999998,7.18,7.18,1,0,1,0,0,0,0,0,0,1.0,0,1.0,0,0,0.0,0,0,0,0,1.0
20161013,4897,000415XSHE20161013,20200210033915,1,0,7.18,0.0,000415.XSHE,7.18,1500,7.18,7.18,,,0.0,7.18,,7.1797065609138695,7.17946062356602,7.1884289804010475,7.203348923626332,7.179983252952298,7.190707914743824,7.210113143622211,7.194754429512452,7.208393018554884,7.186493690185693,7.151059952074099,7.181222168219421,7.201582041081402,7.202096303134077,7.147433472787652,7.3950977577412855,7.396658833266003,7.417629502313843,7.418159192228099,7.3618564769712815,6.964315364086453,6.965785503172837,6.985534579848959,6.986033414040056,6.933010468604024,7.18,0.0,-0.9600529684396668,17.764763299156204,20.010287993184193,36.064493784100044,-12.098123588647509,46.15384615384657,,100.0,0.0,0.7012622720897591,45.45454545454543,-0.027657306347217383,0.005631148735993408,7.209130502891277,7.184288770912057,7.18,7.1800000000000015,7.177500000000002,7.244666666666667,7.356999999999998,7.178,0.0,0.0,0.0,0.0,7.182000000000002,7.258648548583782,7.105351451416223,,39317945,0.008233618416665034,0.009633881915517076,3.0321745608829063,0.8703703703703721,0.7876106194690269,0.0,7.18,30.015431989776285,44.09159667955796,7.182000000000002,7.1800000000000015,7.18,7.18,1,0,0,0,0,0,0,0,0,0.0,0,1.0,1,0,0.0,0,0,0,0,2.0
20161014,4898,000415XSHE20161014,20200210033915,1,0,7.18,0.0,000415.XSHE,7.18,1500,7.18,7.18,,,0.0,7.18,,7.179804373942576,7.179595467674514,7.187305116347574,7.201226294205759,7.1799916264761485,7.189369425400847,7.208170360162714,7.19411293257713,7.206208940204508,7.186239035668608,7.151821532282674,7.1809999558158895,7.199526608597457,7.201018434688513,7.148237584570674,7.395198505160856,7.396429954490366,7.415512406855383,7.417048987729169,7.362684712107794,6.964410242724299,6.965569957141413,6.9835408103395356,6.984987881647857,6.933790457033553,7.18,0.0,-1.0583177157976391,35.12544802864193,13.340191995456125,28.489726521218728,-16.958877056069092,46.15384615384657,,,0.0,0.5602240896358549,50.7246376811594,-0.026794590649730644,0.00690172557989395,7.206972687862293,7.183628960002509,7.18,7.1800000000000015,7.1765000000000025,7.232000000000001,7.3660000000000005,7.184,0.0,0.0,0.0,0.0,7.177500000000002,7.253467098141238,7.101532901858767,,39317945,0.0060057211528605605,0.007119669784762797,inf,0.8823529411764721,0.8285714285714295,0.0,7.18,20.010287993184193,36.064493784100044,7.177500000000002,7.1800000000000015,7.18,7.18,0,0,0,0,0,0,1,0,0,1.0,0,1.0,1,0,0.0,0,1,0,0,2.0
20161017,4899,000415XSHE20161017,20200210033915,1,0,7.18,0.0,000415.XSHE,7.18,1500,7.18,7.18,,,0.0,7.18,,7.179869582628385,7.179696600755887,7.186331100834564,7.1992966310961455,7.179995813238075,7.18819824722574,7.2063529175715715,7.1934993268129075,7.204192867881086,7.185994367603174,7.152563070906815,7.180818145667544,7.197666931588175,7.199993145191512,7.149021841741768,7.3952656701072375,7.396242690037572,7.413596939535822,7.415992939547259,7.363492496994022,6.964473495149533,6.965393601297518,6.981736923640531,6.983993350835768,6.934551186489516,7.18,0.0,-1.156387665198269,108.52713178249195,8.893461330304081,21.957638124247183,-17.234892257582118,46.15384615384657,,,0.0,0.0,50.7246376811594,-0.025816483023772974,0.007824861007661318,7.204974710983603,7.183070658463662,7.18,7.1800000000000015,7.171500000000003,7.219666666666668,7.358,7.19,0.0,0.0,0.0,0.0,7.1765000000000025,7.235922218066983,7.117077781933019,,39317945,0.004301380207879724,0.005153550680370142,,1.0476190476190488,0.9770114942528739,0.0,7.18,13.340191995456125,28.489726521218728,7.1765000000000025,7.1800000000000015,7.18,7.18,0,0,0,0,0,0,1,0,0,1.0,0,1.0,1,0,0.0,0,1,0,0,2.0
20161018,4900,000415XSHE20161018,20200210033915,1,0,7.18,0.0,000415.XSHE,7.18,1500,7.18,7.18,,,0.0,7.18,,7.1799130550855885,7.179772450566914,7.185486954056622,7.197542391905586,7.179997906619038,7.187173466322522,7.204652729341147,7.192912399560172,7.202331878044079,7.185759294363833,7.153285095356638,7.1806693919098095,7.1959843666750185,7.199017869816317,7.149786734538268,7.395310446738157,7.3960894736671055,7.411863897675269,7.414988405910808,7.364280336574416,6.964515663433023,6.965249310152516,6.9801048356747675,6.983047333721827,6.935293132502119,7.18,0.0,-1.2542633953130482,21.21212121218505,5.928974220202723,16.61475015623236,-15.442577651856553,75.00000000000054,,,0.0,0.0,42.372881355932215,-0.024758483003613337,0.008464000161277144,7.203124732392228,7.182598249469253,7.18,7.1800000000000015,7.1685000000000025,7.208000000000001,7.343000000000001,7.196000000000001,0.0,0.0,0.0,0.0,7.171500000000003,7.222205029336351,7.120794970663653,,39317945,0.0030347728744713853,0.0036680765411755537,,1.1315789473684228,0.9756097560975616,0.0,7.18,8.893461330304081,21.957638124247183,7.171500000000003,7.1800000000000015,7.18,7.18,0,0,0,0,0,0,1,0,0,1.0,0,0.0,1,0,0.0,0,1,0,0,1.0
20161019,4901,000415XSHE20161019,20200210033915,1,0,7.18,0.0,000415.XSHE,7.18,1500,7.18,7.18,,,0.0,7.18,,7.179942036723727,7.179829337925185,7.184755360182406,7.1959476290050794,7.179998953309518,7.186276783032207,7.203062230673977,7.192350990883644,7.200614041271459,7.1855334396828985,7.153988119163041,7.180547684289845,7.194462046039303,7.198090168849668,7.150532741092879,7.395340297825438,7.395964114818541,7.4102959074204815,7.4140328739151595,7.365048723325665,6.964543775622014,6.9651312537611485,6.978628184658122,6.982147463784178,6.9360167588600925,7.18,0.0,-1.3519454825236654,6.180460482650989e-11,3.952649480135148,12.394049930866625,-12.930151421327805,,,,0.0,0.0,48.07692307692303,-0.023649440496967915,0.008872340053163362,7.201411789252062,7.182198518781675,7.18,7.1800000000000015,7.1735000000000015,7.1963333333333335,7.32,7.202000000000001,0.0,0.0,0.0,0.0,7.1685000000000025,7.199012292604786,7.137987707395218,,39317945,0.002114338267839225,0.002574555571155305,,1.3333333333333366,1.130434782608697,0.0,7.18,5.928974220202723,16.61475015623236,7.1685000000000025,7.1800000000000015,7.18,7.18,0,0,0,0,0,0,1,0,0,1.0,0,0.0,1,0,0.0,0,1,0,0,1.0
20161020,4902,000415XSHE20161020,20200210033915,1,0,7.18,0.0,000415.XSHE,7.18,1500,7.18,7.18,,,0.0,7.18,,7.1799613578158175,7.179872003443888,7.1841213121580845,7.194497844550072,7.179999476654759,7.1854921851531826,7.201574344824044,7.191813991280007,7.19902834578904,7.185316442048276,7.154672642342963,7.180448105328054,7.193084708321273,7.1972077215887085,7.151260327732562,7.395360198550294,7.395861548487897,7.408877249570911,7.4131239532363695,7.365798137564537,6.964562517081343,6.965034662168213,6.977292167071633,6.981291489941047,6.9367225179005825,7.18,0.0,-1.449434500933371,5.585549847957168e-11,2.6350996534234317,9.141066505052226,-10.376834049834157,,,,0.0,0.0,38.636363636363576,-0.022512641530772263,0.00909439172956518,7.1998257307889455,7.181860285122956,7.18,7.1800000000000015,7.1745,7.187000000000001,7.302000000000001,7.207999999999999,0.0,0.0,0.0,0.0,7.1735000000000015,7.203483328701132,7.1435166712988725,,39317945,0.001457352796250928,0.0017858455320450765,,1.1290322580645191,0.970149253731344,0.0,7.18,3.952649480135148,12.394049930866625,7.1735000000000015,7.1800000000000015,7.18,7.18,0,0,0,0,0,0,1,0,0,1.0,0,0.0,1,0,0.0,0,1,0,0,1.0
20161021,4903,000415XSHE20161021,20200210033915,1,0,7.18,0.0,000415.XSHE,7.18,1500,7.18,7.18,,,0.0,7.18,,7.179974238543878,7.179904002582918,7.18357180387034,7.193179858681884,7.179999738327379,7.184805662009034,7.200182451609588,7.191300339485223,7.197564626882192,7.185107954124813,7.155339151754989,7.180366631632046,7.19183854562401,7.196368320535601,7.151969949270028,7.395373465700193,7.395777630581009,7.40759370199273,7.41225937015167,7.36652904774813,6.964575011387562,6.964955632683084,6.9760833892552885,6.980477270919533,6.937410850791927,7.18,0.0,-1.5467310223782722,5.1453094658520744e-11,1.756733102282288,6.679622037462248,-8.08904476807763,,,,0.0,0.0,42.499999999999936,-0.021366727369854132,0.009167313287345116,7.198357158137911,7.181574087411732,7.18,7.1800000000000015,7.176,7.1830000000000025,7.286000000000001,7.2139999999999995,0.0,0.0,0.0,0.0,7.1745,7.2023567765543675,7.146643223445633,,39317945,0.000995260668359482,0.0012263067323052053,,1.1730769230769285,0.9152542372881358,0.0,7.18,2.6350996534234317,9.141066505052226,7.1745,7.1800000000000015,7.18,7.18,0,0,0,0,1,0,1,0,0,2.0,0,0.0,1,0,0.0,0,1,0,0,1.0
20161024,4904,000415XSHE20161024,20200210033915,1,0,7.18,0.0,000415.XSHE,7.18,1500,7.18,7.18,,,0.0,7.18,,7.179982825695919,7.179928001937188,7.183095563354295,7.191981689710804,7.179999869163688,7.184204954257906,7.198880357957356,7.190809020377171,7.196213501737408,7.1849076421983495,7.155988121445647,7.18029997133531,7.190711065088389,7.195569865875329,7.152662049288052,7.395382310466796,7.395708970475369,7.4064323970410415,7.411436961851589,7.367241910766696,6.964583340925041,6.96489097219525,6.974989733135737,6.979702769899068,6.938082187809411,7.18,0.0,-1.6438356164383934,4.950226642502278e-11,1.1711554015215253,4.843466492148673,-6.173466779732769,,,,0.0,0.0,70.83333333333323,-0.020226471601602646,0.009122046146011809,7.196997368646215,7.181331920117619,7.18,7.1800000000000015,7.175500000000001,7.180666666666667,7.2675,7.2200000000000015,0.0,0.0,0.0,0.0,7.176,7.2031845544381365,7.148815445561863,,39317945,0.0006742251647890912,0.0008347429165742867,,1.2727272727272754,0.9607843137254876,0.0,7.18,1.756733102282288,6.679622037462248,7.176,7.1800000000000015,7.18,7.18,0,0,0,0,1,0,1,0,0,2.0,0,0.0,1,0,0.0,0,1,0,0,1.0
20161025,4905,000415XSHE20161025,20200210033915,1,0,7.18,0.0,000415.XSHE,7.18,1500,7.18,7.18,,,0.0,7.18,,7.179988550463946,7.1799460014528895,7.182682821573723,7.19089244519164,7.1799999345818435,7.1836793349756665,7.197662270347202,7.190339062969469,7.1949663092960705,7.1847151856415525,7.1566200129865525,7.180245431092527,7.189690963651401,7.194810360222872,7.153337060416742,7.395388206977866,7.3956527940253025,7.405381692560942,7.410654671029559,7.367937172229245,6.964588893950027,6.964838068159749,6.974000234741858,6.9789660494161865,6.938736948604242,7.18,0.0,-1.7407488504489108,4.997597232382872e-11,0.7807702676810169,3.4892344173261214,-4.636158031609192,,,,0.0,0.0,56.24999999999986,-0.019103436275633826,0.008984282607750638,7.195738304302051,7.181127009330293,7.18,7.1800000000000015,7.178000000000003,7.181000000000001,7.251,7.226,0.0,0.0,0.0,0.0,7.175500000000001,7.1929355957741645,7.158064404225839,,39317945,0.0004535118984619595,0.0005638685316255254,,1.0243902439024428,0.7659574468085084,0.0,7.18,1.1711554015215253,4.843466492148673,7.175500000000001,7.1800000000000015,7.18,7.18,0,0,0,0,1,0,1,0,0,2.0,0,0.0,1,0,0.0,0,1,0,0,1.0
20161026,4906,000415XSHE20161026,20200210033915,1,0,7.18,0.0,000415.XSHE,7.18,1500,7.18,7.18,,,0.0,7.18,,7.179992366975965,7.179959501089669,7.182325112030559,7.189902222901491,7.1799999672909225,7.183219418103707,7.19652276903448,7.189889538492537,7.1938150547348325,7.184530276400706,7.157235275802695,7.180200807257521,7.18876801473222,7.194087903626636,7.153995404603986,7.395392137985243,7.395606831475247,7.404431055174188,7.409910540735437,7.368615266742106,6.964592595966685,6.964794783039795,6.973104974290254,6.978265266517838,6.939375542465865,7.18,0.0,-1.8374712895111287,5.4973569556217386e-11,0.5205135117873446,2.4996607821465293,-3.437781028931024,,,,0.0,0.0,59.99999999999977,-0.018006525161287267,0.008775288914772437,7.1945725039833786,7.1809536232794775,7.18,7.1800000000000015,7.1800000000000015,7.1813333333333365,7.2405,7.232,0.0,0.0,0.0,0.0,7.178000000000003,7.178000000000004,7.177999999999997,,39317945,0.00030313448936452513,0.00037832319391324236,,1.5000000000000064,0.9444444444444432,0.0,7.18,0.7807702676810169,3.4892344173261214,7.178000000000003,7.1800000000000015,7.18,7.18,0,0,0,0,1,0,1,0,0,2.0,0,0.0,0,0,0.0,0,1,0,0,0.0
20161027,4907,000415XSHE20161027,20200210033915,1,0,7.18,0.0,000415.XSHE,7.18,1500,7.18,7.18,,,0.0,7.18,,7.1799949113173085,7.17996962581725,7.182015097093152,7.1890020208195375,7.179999983645461,7.1828169908407435,7.19545678393548,7.1894595585580765,7.192752358216769,7.184352618502643,7.1578343474920985,7.180164296847063,7.187932965710104,7.193400688815581,7.154637493379196,7.395394758656828,7.395569225752476,7.403570954681407,7.409202709480048,7.369276618180572,6.9645950639777885,6.964759367941651,6.972294976738801,6.9775986681511135,6.93999836857782,7.18,0.0,-1.934003496503525,7.057417713299814e-11,0.3470090078582297,1.7821101907170958,-2.523193357859502,,,,0.0,0.0,45.454545454545155,-0.016942449576661432,0.008512604677006694,7.1934930592438695,7.180806912005713,7.18,7.1800000000000015,7.1800000000000015,7.178333333333334,7.228499999999999,7.237999999999999,0.0,0.0,0.0,0.0,7.1800000000000015,7.180000000000005,7.179999999999998,,39317945,0.0002014818342541545,0.00025230816180933977,,1.4545454545454577,2.3749999999999973,0.0,7.18,0.5205135117873446,2.4996607821465293,7.1800000000000015,7.1800000000000015,7.18,7.18,0,0,0,0,1,0,1,0,0,2.0,0,0.0,0,0,0.0,0,0,0,0,0.0
20161028,4908,000415XSHE20161028,20200210033915,1,0,7.18,0.0,000415.XSHE,7.18,1500,7.18,7.18,,,0.0,7.18,,7.179996607544871,7.179977219362938,7.181746417480731,7.188183655290491,7.17999999182273,7.182464866985653,7.1944595720686735,7.18904827340338,7.191771407584709,7.184181927580969,7.158417654137042,7.180134424693053,7.187177445166285,7.1927469966782365,7.155263728110574,7.395396505771218,7.395538457433844,7.402792768521273,7.408529406578583,7.369921639953891,6.964596709318526,6.964730391952259,6.971562121811298,6.976964586777887,6.940605816267258,7.18,0.0,-2.0303460320925963,1.1735930579428064e-10,0.2313393385721532,1.2651865733354482,-1.8363551309544368,,,,0.0,0.0,100.0,-0.015916119996691663,0.00821063663975815,7.1924935733739535,7.180682771697142,7.18,7.1800000000000015,7.1800000000000015,7.177666666666667,7.2189999999999985,7.244,0.0,0.0,0.0,0.0,7.1800000000000015,7.180000000000005,7.179999999999998,,39317945,0.00013324060599778891,0.0001673612201259717,,1.687500000000001,1.866666666666664,0.0,7.18,0.3470090078582297,1.7821101907170958,7.1800000000000015,7.1800000000000015,7.18,7.18,0,0,0,0,1,0,1,0,0,2.0,0,0.0,0,0,0.0,0,0,0,0,0.0
20161031,4909,000415XSHE20161031,20200210033915,1,0,7.18,0.0,000415.XSHE,7.18,1500,7.18,7.18,,,0.0,7.18,,7.179997738363247,7.179982914522202,7.181513561816633,7.187439686627719,7.1799999959113645,7.182156758612446,7.19352669645134,7.188654870211928,7.1908659146935765,7.184017930420933,7.158985610607121,7.1801099838397695,7.186493878959973,7.192125191962223,7.155874500255992,7.3953976705141455,7.395513283354965,7.4020886953287715,7.407888947721091,7.370550735263673,6.9645978062123515,6.964706684324577,6.970899062591172,6.976361436203357,6.941198265248313,7.18,0.0,-1.9447175789359081,2.008649656865939e-10,0.15422622571476874,0.8948664574618884,-1.3270542377794703,,,,0.0,0.0,100.0,-0.01493097471671779,0.00788116223979098,7.191568123494402,7.18057772989758,7.18,7.1800000000000015,7.1800000000000015,7.174333333333334,7.20975,7.25,0.0,0.0,0.0,0.0,7.1800000000000015,7.180000000000005,7.179999999999998,,39317945,8.770975064562874e-05,0.00011047517832170879,,1.538461538461541,3.1249999999999973,0.0,7.18,0.2313393385721532,1.2651865733354482,7.1800000000000015,7.1800000000000015,7.18,7.18,0,0,0,0,1,0,1,0,0,2.0,0,0.0,0,0,0.0,0,0,0,0,0.0
20161101,4910,000415XSHE20161101,20200210033915,1,0,7.18,0.0,000415.XSHE,7.18,1500,7.18,7.18,,,0.0,7.18,,7.179998492242166,7.179987185891652,7.181311753574415,7.186763351479744,7.179999997955682,7.181887163785889,7.192654006357706,7.1882785715070625,7.190030075101764,7.183860364522072,7.159538620854303,7.180089986777995,7.1858754142971195,7.19153371918358,7.156470191607696,7.3953984470094305,7.395492686381334,7.401451676726032,7.407279730759088,7.371164297355927,6.9645985374749015,6.964687287174653,6.970299151868205,6.975787707608073,6.941776085859464,7.18,0.0,-1.7837601225651585,3.73034936276032e-10,0.10281748380984584,0.6308501329112076,-0.9532478143928778,,,,0.0,0.0,,-0.013989255189955068,0.00753375621410176,7.190711225457778,7.180488848374875,7.18,7.1800000000000015,7.1800000000000015,7.172333333333333,7.200999999999999,7.256,0.0,0.0,0.0,0.0,7.1800000000000015,7.180000000000005,7.179999999999998,,39317945,5.7497768480708995e-05,7.260375956316887e-05,,1.0833333333333468,2.5714285714286023,0.0,7.18,0.15422622571476874,0.8948664574618884,7.1800000000000015,7.1800000000000015,7.18,7.18,0,0,0,0,1,0,1,0,0,2.0,0,0.0,0,0,0.0,0,0,0,0,0.0
20161102,4911,000415XSHE20161102,20200210033915,1,0,7.18,0.0,000415.XSHE,7.18,1500,7.18,7.18,,,0.0,7.18,,7.179998994828111,7.179990389418738,7.1811368530978275,7.1861485013452215,7.179999998977841,7.1816512683126525,7.191837618850756,7.187918633615451,7.189258530863168,7.1837089776780685,7.160077078200242,7.1800736255456306,7.185315851030726,7.1909710987355995,7.157051174530963,7.395398964672954,7.395475834312,7.400875326561648,7.406700231697669,7.371762709766892,6.964599024983268,6.964671416779263,6.969756375499804,6.975241965773533,6.942339639295032,7.18,0.0,-1.53592978606696,6.963318810519141e-10,0.06854498920656389,0.4434150850096597,-0.6811952023996277,,,,0.0,0.0,,-0.01309223623540586,0.007176151636393662,7.189917801349795,7.180413640932586,7.18,7.1800000000000015,7.1800000000000015,7.175666666666667,7.19225,7.262,0.0,0.0,0.0,0.0,7.1800000000000015,7.180000000000005,7.179999999999998,,39317945,3.754942141306135e-05,4.7523594946885166e-05,,3.250000000000089,-191402984163247.0,0.0,7.18,0.10281748380984584,0.6308501329112076,7.1800000000000015,7.1800000000000015,7.18,7.18,0,0,0,0,1,0,1,0,0,2.0,0,0.0,0,0,0.0,0,0,0,0,0.0
20161103,4912,000415XSHE20161103,20200210033915,1,0,7.18,0.0,000415.XSHE,7.18,1500,7.18,7.18,,,0.0,7.18,,7.179999329885408,7.179992792064054,7.180985272684783,7.185589546677474,7.1799999994889205,7.181444859773571,7.191073901505545,7.187574345197388,7.188546336181385,7.183563527573048,7.160601365616026,7.180060239082789,7.184809579503988,7.190435923187523,7.1576178121968645,7.39539930978197,7.395462046255273,7.400353866889108,7.4061490008831505,7.372346346562772,6.964599349988845,6.964658431910307,6.96926529211887,6.974722845491897,6.942889277830957,7.18,0.0,-1.3411014620204933,1.044497821727491e-08,0.045696659471042594,0.3108422764967873,-0.4845945745804469,,,,0.0,0.0,,-0.012240418094709564,0.006814545125570368,7.189183149397959,7.180350003866034,7.18,7.1800000000000015,7.1800000000000015,7.176333333333334,7.185249999999999,7.268,0.0,0.0,0.0,0.0,7.1800000000000015,7.180000000000005,7.179999999999998,,39317945,2.443667373418957e-05,3.099304757362546e-05,,7.000000000000178,-4.999999999999911,0.0,7.18,0.06854498920656389,0.4434150850096597,7.1800000000000015,7.1800000000000015,7.18,7.18,0,0,0,0,1,0,1,0,0,2.0,0,0.0,0,0,0.0,0,0,0,0,0.0
20161104,4913,000415XSHE20161104,20200210033915,1,0,7.18,0.0,000415.XSHE,7.18,1500,7.18,7.18,,,0.0,7.18,,7.1799995532569385,7.17999459404804,7.180853902993477,7.185081406070433,7.179999999744459,7.181264252301875,7.190359456247124,7.187245025840981,7.187888925705893,7.183423781393713,7.161111855994551,7.180049286522283,7.184351524313134,7.189926853763742,7.158170458809288,7.395399539854647,7.3954507651179515,7.399882070042528,7.405624659376656,7.372915572573566,6.96459956665923,6.964647807926612,6.9688209785837385,6.974229048150829,6.943425345045009,7.18,0.0,-1.1672723268362937,-2.611244553817073e-09,0.03046443964736173,0.2173829975469788,-0.34337267615187234,,,,0.0,0.0,,-0.011433686274129164,0.0064538545646432065,7.188502916109222,7.180296157117414,7.18,7.1800000000000015,7.1800000000000015,7.177333333333335,7.182249999999999,7.274,0.0,0.0,0.0,0.0,7.1800000000000015,7.180000000000005,7.179999999999998,,39317945,1.5852155126394382e-05,2.0144414430291973e-05,,,,0.0,7.18,0.045696659471042594,0.3108422764967873,7.1800000000000015,7.1800000000000015,7.18,7.18,0,0,0,0,1,0,1,0,0,2.0,0,0.0,0,0,0.0,0,0,0,0,0.0
20161107,4914,000415XSHE20161107,20200210033915,1,0,7.18,0.0,000415.XSHE,7.18,1500,7.18,7.18,,,0.0,7.18,,7.179999702171291,7.179995945536031,7.180740049261014,7.18461946006403,7.17999999987223,7.181106220764141,7.189691104231179,7.18693002471746,7.18728208526698,7.183289515456704,7.161608912415748,7.180040325336412,7.183937093426168,7.1894426169947785,7.158709459826343,7.395399693236429,7.395441535096505,7.399455206228954,7.405125895504622,7.373470743621132,6.964599711106152,6.964639115576318,6.968418980623382,6.973759338484935,6.943948176031553,7.18,0.0,-0.9655172413793628,-66.66666666666667,0.020309626431574485,0.151691873841844,-0.2424548683889645,,,,0.0,0.0,,-0.010671444216810369,0.00609793645855037,7.187873070471501,7.180250594483966,7.18,7.1800000000000015,7.1800000000000015,7.177000000000001,7.1804999999999986,7.280000000000001,0.0,0.0,0.0,0.0,7.1800000000000015,7.180000000000005,7.179999999999998,,39317945,1.025294642929745e-05,1.3052550777845915e-05,,,,0.0,7.18,0.03046443964736173,0.2173829975469788,7.1800000000000015,7.1800000000000015,7.18,7.18,0,0,0,0,1,0,1,0,0,2.0,0,0.0,0,0,0.0,0,0,0,0,0.0
20161108,4915,000415XSHE20161108,20200210033915,1,0,7.18,0.0,000415.XSHE,7.18,1500,7.18,7.18,,,0.0,7.18,,7.1799998014475275,7.179996959152023,7.180641376026213,7.184199509149119,7.179999999936116,7.180967943168622,7.189065871700135,7.18662871929496,7.186721924861828,7.18316051485056,7.162092888404807,7.180032993457063,7.183562132147485,7.188982001531619,7.159235152176309,7.395399795490952,7.395433983260776,7.39906899611191,7.404651461577567,7.3740122067415985,6.9645998074041024,6.964632003653352,6.968055268183059,6.97331254148567,6.944458097611019,7.18,0.0,-0.7848772938315759,-66.66666666666667,0.01353975095438299,0.10564116621269032,-0.17066307956223167,,,,0.0,0.0,,-0.009952723089402616,0.00574976901926199,7.1872898800662055,7.180212041486433,7.18,7.1800000000000015,7.1800000000000015,7.178666666666667,7.1807500000000015,7.2860000000000005,0.0,0.0,0.0,0.0,7.1800000000000015,7.180000000000005,7.179999999999998,,39317945,6.613297448768862e-06,8.433121939033156e-06,,,,0.0,7.18,0.020309626431574485,0.151691873841844,7.1800000000000015,7.1800000000000015,7.18,7.18,0,0,0,0,1,0,1,0,0,2.0,0,0.0,0,0,0.0,0,0,0,0,0.0
20161109,4916,000415XSHE20161109,20200210033915,1,0,7.18,0.0,000415.XSHE,7.18,1500,7.18,7.18,,,0.0,7.18,,7.1799998676316825,7.179997719364017,7.180555859222719,7.183817735590107,7.179999999968058,7.180846950272545,7.188480976751738,7.186340514108224,7.186204853718609,7.183036573091714,7.162564128183629,7.180026994646688,7.183222881466771,7.188543855115443,7.159747864468251,7.395399863660634,7.39542780448609,7.398719567910775,7.404200170768904,7.374540300402299,6.964599871602732,6.964626184807289,6.967726195022768,6.972887539461977,6.944955428534203,7.18,0.0,-0.6695810967849649,-66.66666666666667,0.009026500636255328,0.07343627768721199,-0.119793053465658,,,,0.0,0.0,,-0.009276272317702335,0.00541160617360225,7.1867498889501915,7.180179419719289,7.18,7.1800000000000015,7.1800000000000015,7.1800000000000015,7.181,7.292000000000001,0.0,0.0,0.0,0.0,7.1800000000000015,7.180000000000005,7.179999999999998,,39317945,4.2548187641890495e-06,5.434058106478957e-06,,,,0.0,7.18,0.01353975095438299,0.10564116621269032,7.1800000000000015,7.1800000000000015,7.18,7.18,0,0,0,0,1,0,1,0,0,2.0,0,0.0,0,0,0.0,0,0,0,0,0.0
20161110,4917,000415XSHE20161110,20200210033915,1,0,7.18,0.0,000415.XSHE,7.18,1500,7.18,7.18,,,0.0,7.18,,7.1799999117544555,7.179998289523013,7.180481744659691,7.1834706687182805,7.1799999999840285,7.180741081488477,7.187933816961304,7.18606483958178,7.1857275572787165,7.182917491794,7.163022966915637,7.1800220865291084,7.1829159403746985,7.188127081695177,7.16024791719743,7.395399909107088,7.395422749124982,7.398403418585938,7.403770894146031,7.3750553547133535,6.964599914401821,6.964621423933236,6.967428462163457,6.9724832692443215,6.9454404796815075,7.18,0.0,-0.5374854546462529,-66.66666666666667,0.006017667090836885,0.050963407488420286,-0.08387381370432992,,,,0.0,0.0,,-0.008640633952271678,0.005085106923445253,7.1862498971761015,7.1801518166855525,7.18,7.1800000000000015,7.1800000000000015,7.1800000000000015,7.178749999999999,7.297999999999999,0.0,0.0,0.0,0.0,7.1800000000000015,7.180000000000005,7.179999999999998,,39317945,2.7309489200535176e-06,3.4928838421212838e-06,,,,0.0,7.18,0.009026500636255328,0.07343627768721199,7.1800000000000015,7.1800000000000015,7.18,7.18,0,0,0,0,1,0,1,0,0,2.0,0,0.0,0,0,0.0,0,0,0,0,0.0
20161111,4918,000415XSHE20161111,20200210033915,1,0,7.18,0.0,000415.XSHE,7.18,1500,7.18,7.18,,,0.0,7.18,,7.179999941169636,7.17999871714226,7.180417512038398,7.1831551533802545,7.179999999992014,7.180648446302418,7.187421957802512,7.185801150904312,7.185286975949584,7.182803080351097,7.163469730944174,7.180018070796543,7.182638231767585,7.1877306386856565,7.1607356229456425,7.395399939404725,7.395418612920442,7.398117378720612,7.4033625578462265,7.375557691634013,6.964599942934548,6.964617528672648,6.967159084814558,6.972098719525086,6.945913554257272,7.18,0.0,-0.4326603061904212,-66.66666666666667,0.004011778060557923,0.0353128643457995,-0.058590394509925224,,,,0.0,0.0,,-0.008044203473283955,0.004771443831901786,7.185786941829723,7.180128460272392,7.18,7.1800000000000015,7.1800000000000015,7.1800000000000015,7.17825,7.303999999999999,0.0,0.0,0.0,0.0,7.1800000000000015,7.180000000000005,7.179999999999998,,39317945,1.7489760282537285e-06,2.239962474153623e-06,,,,0.0,7.18,0.006017667090836885,0.050963407488420286,7.1800000000000015,7.1800000000000015,7.18,7.18,0,0,0,0,1,0,1,0,0,2.0,0,0.0,0,0,0.0,0,0,0,0,0.0
20161114,4919,000415XSHE20161114,20200210033915,1,0,7.18,0.0,000415.XSHE,7.18,1500,7.18,7.18,,,0.0,7.18,,7.1799999607797576,7.179999037856693,7.180361843766612,7.1828683212547775,7.179999999996007,7.180567390514616,7.186943121815253,7.185548926951952,7.184880285491923,7.182693155631447,7.163904738024588,7.180014785197173,7.182386971599245,7.187353534359528,7.161211286576613,7.39539995960315,7.395415228753087,7.397858580747223,7.402974140390313,7.376047625173912,6.964599961956365,6.964614341641258,6.966915362451267,6.971732928328742,6.946374947979315,7.18,0.0,-0.33038118770655645,-66.66666666666667,0.0026745187070386154,0.02443341579954587,-0.040843275477975886,,,,0.0,0.0,,-0.007485279242308363,0.00447139384780473,7.185358279471967,7.180108697153561,7.18,7.1800000000000015,7.1800000000000015,7.1800000000000015,7.175749999999999,7.2986666666666675,0.0,0.0,0.0,0.0,7.1800000000000015,7.180000000000005,7.179999999999998,,39317945,1.1177728847734836e-06,1.4333744565136058e-06,,,,0.0,7.18,0.004011778060557923,0.0353128643457995,7.1800000000000015,7.1800000000000015,7.18,7.18,0,0,0,0,1,0,1,0,0,2.0,0,0.0,0,0,0.0,0,0,0,0,0.0
20161115,4920,000415XSHE20161115,20200210033915,1,0,7.18,0.0,000415.XSHE,7.18,1500,7.18,7.18,,,0.0,7.18,,7.179999973853171,7.17999927839252,7.180313597931062,7.182607564777073,7.179999999998003,7.180496466700287,7.186495178472332,7.185307669258388,7.184504878915623,7.182587541685116,7.164328297550258,7.180012096979505,7.182159640970745,7.18699482536638,7.161675205426572,7.395399973068766,7.39541245988889,7.397624430199867,7.4026046701273716,7.376525461589369,6.964599974637577,6.96461173407012,6.966694851741623,6.9713849806053885,6.946824949263776,7.18,0.0,-0.2334370831481264,-66.66666666666667,0.001783012471359077,0.01688328135681694,-0.02841752529955665,,,,0.0,0.0,,-0.006962102467226404,0.004185414200655675,7.18496136988145,7.180091974514553,7.18,7.1800000000000015,7.1800000000000015,7.1800000000000015,7.174249999999999,7.288666666666668,0.0,0.0,0.0,0.0,7.1800000000000015,7.180000000000005,7.179999999999998,,39317945,7.129820364654718e-07,9.153774606194777e-07,,,,0.0,7.18,0.0026745187070386154,0.02443341579954587,7.1800000000000015,7.1800000000000015,7.18,7.18,0,0,0,0,1,0,1,0,0,2.0,0,0.0,0,0,0.0,0,0,0,0,0.0
20161116,4921,000415XSHE20161116,20200210033915,1,0,7.18,0.0,000415.XSHE,7.18,1500,7.18,7.18,,,0.0,7.18,,7.1799999825687815,7.17999945879439,7.180271784873588,7.182370513433702,7.179999999999001,7.180434408362753,7.186076134699924,7.185076901029763,7.184158349768268,7.182486069462169,7.1647407107726195,7.180009897528686,7.181953960878293,7.186653614372897,7.162127669490113,7.395399982045844,7.3954101944545485,7.397412579704643,7.402253222804085,7.376991499574817,6.964599983091718,6.9646096006028255,6.966495342051943,6.971054005941711,6.9472638394054105,7.18,0.0,-0.13630420874022486,-66.66666666666667,0.001188674980906051,0.011651745898179976,-0.0197374668536418,,,,0.0,0.0,,-0.006472889256202494,0.003913705688191289,7.184593861001344,7.180077824589237,7.18,7.1800000000000015,7.1800000000000015,7.1800000000000015,7.17675,7.273333333333333,0.0,0.0,0.0,0.0,7.1800000000000015,7.180000000000005,7.179999999999998,,39317945,4.539517812116766e-07,5.83466908838574e-07,,,,0.0,7.18,0.001783012471359077,0.01688328135681694,7.1800000000000015,7.1800000000000015,7.18,7.18,0,0,0,0,1,0,1,0,0,2.0,0,0.0,0,0,0.0,0,0,0,0,0.0
20161117,4922,000415XSHE20161117,20200210033915,1,0,7.18,0.0,000415.XSHE,7.18,1500,7.18,7.18,,,0.0,7.18,,7.179999988379188,7.179999594095793,7.180235546890442,7.182155012212457,7.179999999999501,7.180380107317407,7.185684126009607,7.184856166202383,7.1838384767091705,7.182388576542086,7.165142271015445,7.180008097978018,7.181767869366075,7.1863290478181225,7.162568961601468,7.395399988030562,7.395408340917357,7.397220905447058,7.401918919252666,7.377446030449513,6.964599988727811,6.964607855038676,6.966314833285093,6.970739176383579,6.947691892753425,7.18,0.0,-0.058461624119657316,-66.66666666666667,0.0007924499872707008,0.008031980594543551,-0.013686611227275,,,,0.0,0.0,,-0.006015856090109047,0.0036562653287475796,7.184253575001242,7.180065851575508,7.18,7.1800000000000015,7.1800000000000015,7.1800000000000015,7.177250000000001,7.261333333333335,0.0,0.0,0.0,0.0,7.1800000000000015,7.180000000000005,7.179999999999998,,39317945,2.885315407630156e-07,3.712416609873461e-07,,,,0.0,7.18,0.001188674980906051,0.011651745898179976,7.1800000000000015,7.1800000000000015,7.18,7.18,0,0,0,0,1,0,1,0,0,2.0,0,0.0,0,0,0.0,0,0,0,0,0.0
20161118,4923,000415XSHE20161118,20200210033915,1,0,7.18,0.0,000415.XSHE,7.18,1500,7.18,7.18,,,0.0,7.18,,7.179999992252792,7.179999695571843,7.1802041406383825,7.181959102011326,7.179999999999749,7.180332593902732,7.1853174082025335,7.18464502854141,7.1835432092700024,7.182294906873769,7.16553326388346,7.180006625618375,7.181599500855023,7.186020313778214,7.162999357611308,7.395399992020375,7.395406824386928,7.397047485880673,7.4016009231915625,7.377889338339647,6.964599992485208,6.964606426849826,6.966151515829371,6.9704397043648685,6.948109376882969,7.18,0.0,-0.025063354590848724,-66.66666666666667,0.0005282999915138005,0.005530753726866967,-0.009476607479192531,,,,0.0,0.0,,-0.0055892398336131474,0.0034129300519671925,7.183938495371519,7.180055720563892,7.18,7.1800000000000015,7.1800000000000015,7.1800000000000015,7.178,7.2506666666666675,0.0,0.0,0.0,0.0,7.1800000000000015,7.180000000000005,7.179999999999998,,39317945,1.8309295984227765e-07,2.3581225030264665e-07,,,,0.0,7.18,0.0007924499872707008,0.008031980594543551,7.1800000000000015,7.1800000000000015,7.18,7.18,0,0,0,0,1,0,1,0,0,2.0,0,0.0,0,0,0.0,0,0,0,0,0.0
20161121,4924,000415XSHE20161121,20200210033915,1,0,7.18,0.0,000415.XSHE,7.18,1500,7.18,7.18,,,0.0,7.18,,7.179999994835195,7.179999771678883,7.180176921886599,7.181781001828478,7.1799999999998745,7.180291019664892,7.184974349608822,7.184443070778741,7.183270654710772,7.182204910525779,7.165913967465475,7.180005420960491,7.1814471674402585,7.185726639935376,7.163419126559178,7.39539999468025,7.395405583589305,7.3968905824634685,7.401298439133438,7.378321700355952,6.964599994990139,6.964605258331674,6.966003752417049,6.970154840737313,6.948516552762403,7.18,0.0,-0.005570720294195261,-66.66666666666667,0.0003521999943425337,0.0038045691493588225,-0.006552538315690044,,,,0.0,0.0,,-0.005191313227727347,0.0031834128470864115,7.18364675497363,7.180047148169446,7.18,7.1800000000000015,7.1800000000000015,7.1800000000000015,7.1777500000000005,7.238333333333332,0.0,0.0,0.0,0.0,7.1800000000000015,7.180000000000005,7.179999999999998,,39317945,1.1600685165816386e-07,1.495499057502208e-07,,,,0.0,7.18,0.0005282999915138005,0.005530753726866967,7.1800000000000015,7.1800000000000015,7.18,7.18,0,0,0,0,1,0,1,0,0,2.0,0,0.0,0,0,0.0,0,0,0,0,0.0
20161122,4925,000415XSHE20161122,20200210033915,1,0,7.18,0.0,000415.XSHE,7.18,1500,7.18,7.18,,,0.0,7.18,,7.1799999965567975,7.179999828759162,7.180153332301718,7.181619092571343,7.1799999999999375,7.180254642206778,7.184653423827608,7.18424989378836,7.183019065886867,7.1821184434463365,7.166284652532173,7.18000443533131,7.181309341969758,7.185447291645845,7.163828530841668,7.395399996453501,7.395404568391251,7.396748622228851,7.401010710395219,7.378743386766918,6.964599996660095,6.964604302271369,6.965870061710665,6.96988387289647,6.948913674916418,7.18,0.0,-0.008355847700828714,-66.66666666666667,0.0002347999962283558,0.0026146460983153337,-0.0045248922079456,,,,0.0,0.0,,-0.00482039665631529,0.0029673325712964538,7.183376624975582,7.180039894604916,7.18,7.1800000000000015,7.1800000000000015,7.1800000000000015,7.1789999999999985,7.227333333333334,0.0,0.0,0.0,0.0,7.1800000000000015,7.180000000000005,7.179999999999998,,39317945,7.339474755944043e-08,9.470079960880216e-08,,,,0.0,7.18,0.0003521999943425337,0.0038045691493588225,7.1800000000000015,7.1800000000000015,7.18,7.18,0,0,0,0,1,0,1,0,0,2.0,0,0.0,0,0,0.0,0,0,0,0,0.0
20161123,4926,000415XSHE20161123,20200210033915,1,0,7.18,0.0,000415.XSHE,7.18,1500,7.18,7.18,,,0.0,7.18,,7.179999997704532,7.179999871569373,7.180132887994822,7.181471902337585,7.179999999999969,7.180222811930933,7.184353202935504,7.184065115797563,7.182786830049419,7.182035367232755,7.1666455827286955,7.180003628907435,7.181184642734545,7.185181570102144,7.1642278263764405,7.395399997635669,7.395403737774657,7.39662018201658,7.40073701720521,7.379154661167734,6.964599997773397,6.96460352004021,6.965749103452508,6.96962612299908,6.949300991585147,7.18,0.0,-0.011140819964422354,-66.66666666666667,0.00015653333081890386,0.0017952751758165235,-0.0031209503591763357,,,,0.0,0.0,,-0.0044748668517784525,0.0027642384362947057,7.183126504607023,7.180033756973391,7.18,7.1800000000000015,7.1800000000000015,7.1800000000000015,7.18,7.220333333333333,0.0,0.0,0.0,0.0,7.1800000000000015,7.180000000000005,7.179999999999998,,39317945,4.6371251063010056e-08,5.988299931122525e-08,,,,0.0,7.18,0.0002347999962283558,0.0026146460983153337,7.1800000000000015,7.1800000000000015,7.18,7.18,0,0,0,0,1,0,1,0,0,2.0,0,0.0,0,0,0.0,0,0,0,0,0.0
20161124,4927,000415XSHE20161124,20200210033915,1,0,7.18,0.0,000415.XSHE,7.18,1500,7.18,7.18,,,0.0,7.18,,7.179999998469688,7.179999903677029,7.1801151695955125,7.18133809303417,7.179999999999984,7.180194960439565,7.184072351133213,7.183888371632452,7.1825724585071535,7.181955548909903,7.166997014762151,7.180002969106082,7.181071819616967,7.184928810584968,7.1646172627622065,7.395399998423778,7.395403058179267,7.396503974205476,7.400476674902516,7.379555780645074,6.964599998515596,6.964602880032902,6.965639665028457,6.969380946267417,6.949678744879341,7.18,0.0,0.013929516645690431,-66.66666666666667,0.00010435555387926924,0.001231635301837439,-0.0021502039420370697,,,,0.0,0.0,,-0.0041531630974825295,0.002573630034367376,7.182894911673168,7.180028563592869,7.18,7.1800000000000015,7.1800000000000015,7.1800000000000015,7.18,7.212333333333333,0.0,0.0,0.0,0.0,7.1800000000000015,7.180000000000005,7.179999999999998,,39317945,2.9259380456919648e-08,3.7815315759964845e-08,,,,0.0,7.18,0.00015653333081890386,0.0017952751758165235,7.1800000000000015,7.1800000000000015,7.18,7.18,0,0,0,0,1,0,1,0,0,2.0,0,0.0,0,0,0.0,0,0,0,0,0.0
20161125,4928,000415XSHE20161125,20200210033915,1,0,7.18,0.0,000415.XSHE,7.18,1500,7.18,7.18,,,0.0,7.18,,7.179999998979792,7.179999927757772,7.180099813649443,7.18121644821288,7.179999999999992,7.180170590384621,7.183809618802037,7.183719311996257,7.182374577083527,7.181878860717357,7.167339198584199,7.180002429268613,7.18096974155821,7.184688380800336,7.164997083434746,7.395399998949184,7.395402502146673,7.396398833804955,7.400229032224345,7.379946995937789,6.964599999010397,6.964602356390554,6.965540649311462,6.969147729376324,6.950047170931701,7.18,0.0,0.01950240994057437,-66.66666666666667,6.957036925284617e-05,0.0008442803243092414,-0.0014798495408599446,,,,0.0,0.0,,-0.0038537913934832023,0.0023949736319946228,7.182680473771452,7.180024169193967,7.18,7.1800000000000015,7.1800000000000015,7.1800000000000015,7.18,7.206,0.0,0.0,0.0,0.0,7.1800000000000015,7.180000000000005,7.179999999999998,,39317945,1.8439214880944814e-08,2.3849297668932232e-08,,,,0.0,7.18,0.00010435555387926924,0.001231635301837439,7.1800000000000015,7.1800000000000015,7.18,7.18,0,0,0,0,1,0,1,0,0,2.0,0,0.0,0,0,0.0,0,0,0,0,0.0
20161128,4929,000415XSHE20161128,20200210033915,1,0,7.18,0.0,000415.XSHE,7.18,1500,7.18,7.18,,,0.0,7.18,,7.179999999319861,7.179999945818329,7.180086505162852,7.18110586201171,7.179999999999996,7.180149266586543,7.1835638369438435,7.183557602779031,7.182191917307872,7.181805179904911,7.1676723775688265,7.1800019875834105,7.180877385219332,7.18445967929788,7.1653675258190725,7.395399999299457,7.395402047210912,7.396303706775912,7.399993469676817,7.380328551593647,6.9645999993402645,6.964601927955908,6.965451063662753,6.9689258889189425,6.950406500044501,7.18,0.0,0.047376194855429286,-66.66666666666667,4.638024616856411e-05,0.0005783136315956822,-0.0010174865246856725,,,,0.0,0.0,,-0.003575326975250372,0.002227715345862638,7.182481920158754,7.180020450856433,7.18,7.1800000000000015,7.1800000000000015,7.1800000000000015,7.18,7.199833333333332,0.0,0.0,0.0,0.0,7.1800000000000015,7.180000000000005,7.179999999999998,,39317945,1.1606624052979544e-08,1.502291946696218e-08,,,,0.0,7.18,6.957036925284617e-05,0.0008442803243092414,7.1800000000000015,7.1800000000000015,7.18,7.18,0,0,0,0,1,0,1,0,0,2.0,0,0.0,0,0,0.0,0,0,0,0,0.0
20161129,4930,000415XSHE20161129,20200210033915,1,0,7.18,0.0,000415.XSHE,7.18,1500,7.18,7.18,,,0.0,7.18,,7.179999999546574,7.179999959363746,7.1800749711411385,7.181005329101553,7.179999999999998,7.180130608263225,7.183333911979723,7.183402924397331,7.1820233082841884,7.181734388536091,7.1679967886854365,7.180001626204609,7.1807938247222545,7.1842421339662765,7.165728821477861,7.395399999532971,7.395401674990747,7.396217639463921,7.399769397985264,7.380700686122197,6.9645999995601775,6.9646015774184695,6.965370009980585,6.968714869947287,6.9507569568335255,7.18,0.0,0.06410792429682813,-66.66666666666667,3.0920164112376075e-05,0.0003958491424345802,-0.0006989377925320322,,,,0.0,0.0,,-0.003316415510248173,0.0020712917200175897,7.182298074221068,7.1800173045708275,7.18,7.1800000000000015,7.1800000000000015,7.1800000000000015,7.18,7.194,0.0,0.0,0.0,0.0,7.1800000000000015,7.180000000000005,7.179999999999998,,39317945,7.297610366389187e-09,9.452117209684366e-09,,,,0.0,7.18,4.638024616856411e-05,0.0005783136315956822,7.1800000000000015,7.1800000000000015,7.18,7.18,0,0,0,0,1,0,1,0,0,2.0,0,0.0,0,0,0.0,0,0,0,0,0.0
20161130,4931,000415XSHE20161130,20200210033915,1,0,7.18,0.0,000415.XSHE,7.18,1500,7.18,7.18,,,0.0,7.18,,7.179999999697716,7.179999969522809,7.180064974988985,7.180913935546867,7.179999999999999,7.180114282230321,7.183118820884258,7.1832549711626665,7.181867669185406,7.181666373299383,7.168312662667398,7.180001330531044,7.180718222367754,7.184035200602068,7.166081196256187,7.395399999688648,7.395401370446977,7.396139769038787,7.399556256620129,7.381063632143872,6.964599999706786,6.9646012906151125,6.965296675696722,6.968514144584006,6.951098760368501,7.18,0.0,0.03622481678595072,-66.66666666666667,2.061344274158405e-05,0.0002707705758702481,-0.00047970082351574415,,,,0.0,0.0,,-0.0030757732425635014,0.0019251381414773785,7.182127846500987,7.180014642329162,7.18,7.1800000000000015,7.1800000000000015,7.1800000000000015,7.18,7.1881666666666675,0.0,0.0,0.0,0.0,7.1800000000000015,7.180000000000005,7.179999999999998,,39317945,4.58342123209625e-09,5.940515799242719e-09,,,,0.0,7.18,3.0920164112376075e-05,0.0003958491424345802,7.1800000000000015,7.1800000000000015,7.18,7.18,0,0,0,0,1,0,1,0,0,2.0,0,0.0,0,0,0.0,0,0,0,0,0.0
20161201,4932,000415XSHE20161201,20200210033915,1,0,7.18,0.0,000415.XSHE,7.18,1500,7.18,7.18,,,0.0,7.18,,7.179999999798478,7.179999977142106,7.180056311657121,7.180830850497151,7.18,7.180099996951531,7.18291760663366,7.183113450677334,7.18172400232499,7.181601025326858,7.16862022417615,7.180001088616309,7.180649820237492,7.183838361548308,7.1664248704227,7.395399999792433,7.395401121274798,7.396069314844617,7.399353512394758,7.381417616535383,6.964599999804523,6.964601055957821,6.965230325630367,6.968323210701858,6.951432124310019,7.18,0.0,0.030650059906851445,-66.66666666666667,1.3742295161056034e-05,0.00018509448230051744,-0.0003289620791178668,,,,0.0,0.0,,-0.002852186309754168,0.0017886954624746652,7.1819702282416555,7.180012389663137,7.18,7.1800000000000015,7.1800000000000015,7.1800000000000015,7.18,7.1835,0.0,0.0,0.0,0.0,7.1800000000000015,7.180000000000005,7.179999999999998,,39317945,2.875755962892184e-09,3.729588597494217e-09,,,,0.0,7.18,2.061344274158405e-05,0.0002707705758702481,7.1800000000000015,7.1800000000000015,7.18,7.18,0,0,0,0,1,0,1,0,0,2.0,0,0.0,0,0,0.0,0,0,0,0,0.0
20161202,4933,000415XSHE20161202,20200210033915,1,0,7.18,0.0,000415.XSHE,7.18,1500,7.18,7.18,,,0.0,7.18,,7.179999999865652,7.17999998285658,7.180048803436171,7.180755318633773,7.18,7.18008749733259,7.182729373947615,7.182978083256581,7.181591386761529,7.181538240019922,7.168919691960988,7.180000890686071,7.180587932595826,7.183651124399611,7.166760058807325,7.395399999861622,7.395400917406652,7.396005570573702,7.399160658131598,7.381762860571546,6.964599999869683,6.964600863965488,6.965170294617951,6.968141590667623,6.9517572570431065,7.18,0.0,0.0222890894906176,-66.66666666666667,9.16153010737069e-06,0.00012645016490280187,-0.0002254157394834917,,,,0.0,0.0,,-0.0026445094173683076,0.0016614151390868769,7.181824285408942,7.180010483561117,7.18,7.1800000000000015,7.1800000000000015,7.1800000000000015,7.18,7.1815,0.0,0.0,0.0,0.0,7.1800000000000015,7.180000000000005,7.179999999999998,,39317945,1.8025568658508326e-09,2.3391564143715085e-09,,,,0.0,7.18,1.3742295161056034e-05,0.00018509448230051744,7.1800000000000015,7.1800000000000015,7.18,7.18,0,0,0,0,1,0,1,0,0,2.0,0,0.0,0,0,0.0,0,0,0,0,0.0
20161205,4934,000415XSHE20161205,20200210033915,1,0,7.18,0.0,000415.XSHE,7.18,1500,7.18,7.18,,,0.0,7.18,,7.179999999910437,7.179999987142434,7.180042296311347,7.180686653303432,7.18,7.180076560166016,7.182553285305834,7.18284860137586,7.1814689723952565,7.181477916881887,7.169211279014647,7.180000728743148,7.180531939015272,7.183473020770362,7.16708697093554,7.395399999907749,7.395400750605444,7.395947897185731,7.398977211393473,7.382099580063606,6.964599999913123,6.964600706880853,6.965115980844812,6.9679688301472495,6.952074361807474,7.18,0.0,0.025075924326361982,-66.66666666666667,6.107686738247128e-06,8.633600551461696e-05,-0.00015434895081449252,,,,0.0,0.0,,-0.0024516640240683217,0.0015427631463998922,7.181689153156428,7.180008870705558,7.18,7.1800000000000015,7.1800000000000015,7.1800000000000015,7.18,7.1803333333333335,0.0,0.0,0.0,0.0,7.1800000000000015,7.180000000000005,7.179999999999998,,39317945,1.128815394642536e-09,1.4656861302466848e-09,,,,0.0,7.18,9.16153010737069e-06,0.00012645016490280187,7.1800000000000015,7.1800000000000015,7.18,7.18,0,0,0,0,1,0,1,0,0,2.0,0,0.0,0,0,0.0,0,0,0,0,0.0
20161206,4935,000415XSHE20161206,20200210033915,1,0,7.18,0.0,000415.XSHE,7.18,1500,7.18,7.18,,,0.0,7.18,,7.17999999994029,7.1799999903568255,7.1800366568031695,7.180624230275848,7.18,7.180066990145264,7.182388557221588,7.182724749142128,7.1813559745186994,7.1814199593571075,7.1694951927247885,7.180000596244395,7.180481278156673,7.183303605123027,7.1674058111593535,7.3953999999384985,7.395400614131727,7.3958957165013715,7.398802713276718,7.382427985494134,6.964599999942081,6.964600578357063,6.965066839811972,6.967804496969335,6.952383636824575,7.18,0.0,0.011143302874896678,-66.66666666666667,4.071791158831418e-06,5.8914600729355114e-05,-0.00010561382798221596,,,,0.0,0.0,,-0.002272636163008234,0.0014322228884807034,7.181564030700395,7.180007505981628,7.18,7.1800000000000015,7.1800000000000015,7.1800000000000015,7.18,7.1805,0.0,0.0,0.0,0.0,7.1800000000000015,7.180000000000005,7.179999999999998,,39317945,7.062502857505925e-10,9.175328401965642e-10,,,,0.0,7.18,6.107686738247128e-06,8.633600551461696e-05,7.1800000000000015,7.1800000000000015,7.18,7.18,0,0,0,0,1,0,1,0,0,2.0,0,0.0,0,0,1.0,0,0,0,0,1.0
20161207,4936,000415XSHE20161207,20200210033915,1,0,7.18,0.0,000415.XSHE,7.18,1500,7.18,7.18,,,0.0,7.18,,7.179999999960192,7.17999999276762,7.180031769229412,7.180567482068953,7.18,7.1800586163771065,7.182234456755677,7.182606281788122,7.181251668786492,7.1813642746764375,7.1697716350215055,7.180000487836323,7.180435442141751,7.183142453653611,7.16771677878505,7.3953999999589985,7.3954005024714125,7.395848505406003,7.398636727263218,7.382748282148602,6.964599999961387,6.964600473201232,6.9650223788774985,6.9676481800440015,6.952685275421499,7.18,0.0,-8.659121083427397e-14,-66.66666666666667,2.7145274392209453e-06,4.018124296597706e-05,-7.22189036142913e-05,,,,0.0,0.0,,-0.002106474002250031,0.0013292972860656233,7.18144817657444,7.180006351215223,7.18,7.1800000000000015,7.1800000000000015,7.1800000000000015,7.18,7.180666666666667,0.0,0.0,0.0,0.0,7.1800000000000015,7.180000000000005,7.179999999999998,,39317945,4.4150384370319255e-10,5.738770647268925e-10,,,,0.0,7.18,4.071791158831418e-06,5.8914600729355114e-05,7.1800000000000015,7.1800000000000015,7.18,7.18,0,0,0,0,1,0,1,0,0,2.0,0,0.0,0,0,1.0,0,0,0,0,1.0
20161208,4937,000415XSHE20161208,20200210033915,1,0,7.18,0.0,000415.XSHE,7.18,1500,7.18,7.18,,,0.0,7.18,,7.17999999997346,7.179999994575715,7.18002753333216,7.180515892789956,7.18,7.180051289329968,7.1820902982553125,7.182492965188639,7.1811553865721445,7.1813107737087325,7.170040802520938,7.180000399138808,7.180393971461582,7.182989163231483,7.168020068197764,7.395399999972665,7.3954004111129725,7.395805790605429,7.398478838128427,7.383060670243697,6.964599999974258,6.964600387164644,6.964982152317735,6.9674994883345365,6.952979466151833,7.18,0.0,-8.659121083427397e-14,-66.66666666666667,1.8096849594806304e-06,2.739072363047825e-05,-4.9352392382514614e-05,,,,0.0,0.0,,-0.0019522852278811124,0.001233510194951349,7.1813409042355945,7.180005374105187,7.18,7.1800000000000015,7.1800000000000015,7.1800000000000015,7.18,7.179166666666666,0.0,0.0,0.0,0.0,7.1800000000000015,7.180000000000005,7.179999999999998,,39317945,2.757435258172765e-10,3.586236847602345e-10,,,,0.0,7.18,2.7145274392209453e-06,4.018124296597706e-05,7.1800000000000015,7.1800000000000015,7.18,7.18,0,0,0,0,1,0,1,0,0,2.0,0,0.0,0,0,1.0,0,0,0,0,1.0
20161209,4938,000415XSHE20161209,20200210033915,1,0,7.18,0.0,000415.XSHE,7.18,1500,7.18,7.18,,,0.0,7.18,,7.179999999982308,7.1799999959317855,7.180023862221204,7.180468993445415,7.18,7.180044878163723,7.181955440303357,7.18238457539783,7.181066510681979,7.1812593708181955,7.170302886665125,7.180000326568116,7.180356450370003,7.182843350390924,7.168315868983005,7.395399999981778,7.39540033636516,7.395767143881104,7.398328650902651,7.383365345052496,6.964599999982838,6.964600316771072,6.964945756858902,6.967358049879197,6.953266392913517,7.18,0.0,-8.659121083427397e-14,-66.66666666666667,1.2064566396537537e-06,1.8662634633536754e-05,-3.370589934811225e-05,,,,0.0,0.0,,-0.0018092343175336906,0.0011444072827793766,7.181241577995919,7.1800045473197756,7.18,7.1800000000000015,7.1800000000000015,7.1800000000000015,7.18,7.1788333333333325,0.0,0.0,0.0,0.0,7.1800000000000015,7.180000000000005,7.179999999999998,,39317945,1.72093846447417e-10,2.2391868613234674e-10,,,,0.0,7.18,1.8096849594806304e-06,2.739072363047825e-05,7.1800000000000015,7.1800000000000015,7.18,7.18,0,0,0,0,1,0,1,0,0,2.0,0,0.0,0,0,1.0,0,0,1,0,1.0
20161212,4939,000415XSHE20161212,20200210033915,1,0,7.18,0.0,000415.XSHE,7.18,1500,7.18,7.18,,,0.0,7.18,,7.179999999988206,7.1799999969488395,7.18002068059171,7.180426357677648,7.18,7.180039268393258,7.181829282864428,7.182280898206621,7.180984471398749,7.1812099837272845,7.170558073858148,7.180000267192097,7.180322502715717,7.1827046503718535,7.1686043660451535,7.395399999987851,7.395400275207858,7.39573217779719,7.3981857898830095,7.383662497026508,6.9645999999885575,6.964600259176332,6.964912827634247,6.9672235108606975,6.953546235063798,7.18,0.0,-8.659121083427397e-14,-66.66666666666667,8.043044264358357e-07,1.2709857897836448e-05,-2.300680251636539e-05,,,,0.0,0.0,,-0.001676539758699505,0.0010615564706734802,7.181149609255481,7.1800038477321175,7.18,7.1800000000000015,7.1800000000000015,7.1800000000000015,7.18,7.1771666666666665,0.0,0.0,0.0,0.0,7.1800000000000015,7.180000000000005,7.179999999999998,,39317945,1.0733599091587607e-10,1.3971491868164657e-10,,,,0.0,7.18,1.2064566396537537e-06,1.8662634633536754e-05,7.1800000000000015,7.1800000000000015,7.18,7.18,0,0,0,0,1,0,1,0,0,2.0,0,1.0,0,0,1.0,0,0,1,0,2.0
20161213,4940,000415XSHE20161213,20200210033915,1,0,7.18,0.0,000415.XSHE,7.18,1500,7.18,7.18,,,0.0,7.18,,7.1799999999921384,7.1799999977116284,7.1800179231794825,7.180387597888773,7.18,7.180034359844098,7.18171126461511,7.182181728719376,7.180908742829615,7.18116253338504,7.170806545598722,7.180000218611715,7.180291788171365,7.182572716207375,7.16888573972305,7.395399999991901,7.395400225170068,7.395700541816506,7.3980498976935944,7.383952311914742,6.964599999992372,6.964600212053362,6.964883034526224,6.967095534721153,6.9538191675313605,7.18,0.0,-8.659121083427397e-14,-66.66666666666667,5.362029509572237e-07,8.651972915543374e-06,-1.5695336978215078e-05,,,,0.0,0.0,,-0.0015534712551605722,0.0009845480283114628,7.181064453014335,7.18000325577333,7.18,7.1800000000000015,7.1800000000000015,7.1800000000000015,7.18,7.176166666666666,0.0,0.0,0.0,0.0,7.1800000000000015,7.180000000000005,7.179999999999998,,39317945,6.689789545608327e-11,8.711694318597967e-11,,,,0.0,7.18,8.043044264358357e-07,1.2709857897836448e-05,7.1800000000000015,7.1800000000000015,7.18,7.18,0,0,0,0,1,0,1,0,0,2.0,0,1.0,0,0,0.0,0,0,1,0,1.0
20161214,4941,000415XSHE20161214,20200210033915,1,0,7.18,0.0,000415.XSHE,7.18,1500,7.18,7.18,,,0.0,7.18,,7.179999999994759,7.179999998283723,7.1800155334222175,7.180352361717068,7.18,7.180030064863588,7.181600860446392,7.182086870948969,7.1808388395350295,7.181116943840528,7.171048478609282,7.1800001788641294,7.1802639988217125,7.1824472178557945,7.1691601659027295,7.395399999994601,7.395400184230055,7.3956719187863635,7.397920634391469,7.384234970879811,6.964599999994916,6.964600173498206,6.9648560788570615,6.966973801320123,6.954085360925647,7.18,0.0,-8.659121083427397e-14,-66.66666666666667,3.574686339714825e-07,5.88713815501941e-06,-1.0701870408124373e-05,,,,0.0,0.0,,-0.0014393469556841386,0.0009129943958114697,7.180985604642904,7.180002754885125,7.18,7.1800000000000015,7.1800000000000015,7.1800000000000015,7.18,7.177833333333334,0.0,0.0,0.0,0.0,7.1800000000000015,7.180000000000005,7.179999999999998,,39317945,4.165037241133168e-11,5.4274133933707476e-11,,,,0.0,7.18,5.362029509572237e-07,8.651972915543374e-06,7.1800000000000015,7.1800000000000015,7.18,7.18,0,0,0,0,1,0,1,0,0,2.0,0,1.0,0,0,1.0,0,0,1,0,2.0
20161215,4942,000415XSHE20161215,20200210033915,1,0,7.18,0.0,000415.XSHE,7.18,1500,7.18,7.18,,,0.0,7.18,,7.1799999999965065,7.179999998712791,7.180013462299256,7.180320328833697,7.18,7.180026306755639,7.181497579127271,7.181996137429447,7.180774313416952,7.181073142121294,7.171284044961669,7.18000014634338,7.1802388560767865,7.1823278413750264,7.169427816127353,7.3953999999964015,7.395400150733682,7.395646021759092,7.397797676616276,7.384510650611173,6.964599999996612,6.964600141953079,6.964831690394484,6.9668580061337755,6.9543449816435325,7.18,0.0,-8.659121083427397e-14,-66.66666666666667,2.3831242264765502e-07,4.004196244228825e-06,-7.293455220514685e-06,,,,0.0,0.0,,-0.0013335307315342506,0.0008465297931991044,7.180912596891577,7.1800023310566425,7.18,7.1800000000000015,7.1800000000000015,7.1800000000000015,7.18,7.178166666666668,0.0,0.0,0.0,0.0,7.1800000000000015,7.180000000000005,7.179999999999998,,39317945,2.592788255839467e-11,3.378912748486317e-11,,,,0.0,7.18,3.574686339714825e-07,5.88713815501941e-06,7.1800000000000015,7.1800000000000015,7.18,7.18,0,0,0,0,1,0,1,0,0,2.0,0,1.0,0,0,1.0,0,0,1,0,2.0
20161216,4943,000415XSHE20161216,20200210033915,1,0,7.18,0.0,000415.XSHE,7.18,1500,7.18,7.18,,,0.0,7.18,,7.179999999997673,7.179999999034593,7.1800116673260215,7.180291208030637,7.18,7.180023018411183,7.181400961119062,7.18190934884556,7.180714750846418,7.181031058116536,7.171513412199521,7.180000119735492,7.180216107879,7.182214288137222,7.169688857704455,7.395399999997602,7.395400123327557,7.3956225911153695,7.3976807167813385,7.384779523435589,6.964599999997741,6.964600116143428,6.96480962464263,6.966747859493103,6.9545981919733215,7.18,0.0,-8.659121083427397e-14,-66.66666666666667,1.5887494843176998e-07,2.72242247896314e-06,-4.96822011263097e-06,,,,0.0,0.0,,-0.0012354295230849307,0.0007848096675945566,7.180844997121833,7.180001972432544,7.18,7.1800000000000015,7.1800000000000015,7.1800000000000015,7.18,7.178666666666667,0.0,0.0,0.0,0.0,7.1800000000000015,7.180000000000005,7.179999999999998,,39317945,1.6130705561134483e-11,2.1029294059764575e-11,,,,0.0,7.18,2.3831242264765502e-07,4.004196244228825e-06,7.1800000000000015,7.1800000000000015,7.18,7.18,0,0,0,0,1,0,1,0,0,2.0,0,1.0,0,0,1.0,0,0,1,0,2.0
20161219,4944,000415XSHE20161219,20200210033915,1,0,7.18,0.0,000415.XSHE,7.18,1500,7.18,7.18,,,0.0,7.18,,7.179999999998446,7.179999999275945,7.1800101116825505,7.1802647345733055,7.18,7.180020141109786,7.181310576530733,7.181826333678361,7.1806597700120784,7.180990624464908,7.171736743457428,7.180000097965404,7.180195526176237,7.182106274081748,7.169943453810519,7.395399999998403,7.395400100904366,7.395601391961525,7.3975694623042,7.385041757424835,6.964599999998494,6.964600095026442,6.964789660390951,6.966643085859295,6.954845150196202,7.18,0.0,-8.659121083427397e-14,-66.66666666666667,1.0591663228784666e-07,1.8502538634047089e-06,-3.3827578299458773e-06,,,,0.0,0.0,,-0.0011444907706784954,0.0007275100192514839,7.180782404742438,7.180001668981384,7.18,7.1800000000000015,7.1800000000000015,7.1800000000000015,7.18,7.1785000000000005,0.0,0.0,0.0,0.0,7.1800000000000015,7.180000000000005,7.179999999999998,,39317945,1.0032210283802113e-11,1.3081457922468296e-11,,,,0.0,7.18,1.5887494843176998e-07,2.72242247896314e-06,7.1800000000000015,7.1800000000000015,7.18,7.18,0,0,0,0,1,0,1,0,1,3.0,0,1.0,0,0,1.0,0,0,1,0,2.0
20161220,4945,000415XSHE20161220,20200210033915,1,0,7.18,0.0,000415.XSHE,7.18,1500,7.18,7.18,,,0.0,7.18,,7.179999999998965,7.179999999456959,7.18000876345821,7.180240667793914,7.18,7.180017623471062,7.181226023206171,7.181746927866259,7.180609018472687,7.180951776446677,7.1719541975769685,7.180000080153512,7.180176904635643,7.182003529004589,7.170191763592976,7.395399999998933,7.395400082558115,7.395582211774712,7.397463634874728,7.385297516500765,6.964599999998996,6.964600077748907,6.964771597496574,6.9665434231344525,6.955086010685187,7.18,0.0,-8.659121083427397e-14,-66.66666666666667,7.061108819189777e-08,1.2570396050004385e-06,-2.302245945425184e-06,,,,0.0,0.0,,-0.0010601999406572278,0.0006743266401701372,7.180724448835589,7.180001412215017,7.18,7.1800000000000015,7.1800000000000015,7.1800000000000015,7.18,7.179333333333332,0.0,0.0,0.0,0.0,7.1800000000000015,7.180000000000005,7.179999999999998,,39317945,6.209826834116097e-12,8.121018558959108e-12,,,,0.0,7.18,1.0591663228784666e-07,1.8502538634047089e-06,7.1800000000000015,7.1800000000000015,7.18,7.18,0,0,0,0,1,0,1,0,1,3.0,0,1.0,0,0,1.0,0,0,1,0,2.0
20161221,4946,000415XSHE20161221,20200210033915,1,0,7.18,0.0,000415.XSHE,7.18,1500,7.18,7.18,,,0.0,7.18,,7.179999999999311,7.1799999995927175,7.180007594997116,7.180218788903559,7.18,7.180015420537179,7.181146924934803,7.1816709744807685,7.180562170897867,7.180914451880142,7.172165929219682,7.1800000655801455,7.180160056575105,7.181905795882415,7.1704339422696926,7.39539999999929,7.39540006754755,7.3955648582723565,7.397362969758888,7.3855469605377815,6.964599999999331,6.964600063612742,6.964755254877852,6.966448622005942,6.955320924001602,7.18,0.0,-8.659121083427397e-14,-66.66666666666667,4.707405879459851e-08,8.537177562651585e-07,-1.5662133361465215e-06,,,,0.0,0.0,,-0.0009820781540677208,0.0006249742927160593,7.180670785958878,7.180001194951168,7.18,7.1800000000000015,7.1800000000000015,7.1800000000000015,7.18,7.1800000000000015,0.0,0.0,0.0,0.0,7.1800000000000015,7.180000000000005,7.179999999999998,,39317945,3.85949396861375e-12,5.034660401364924e-12,,,,0.0,7.18,7.061108819189777e-08,1.2570396050004385e-06,7.1800000000000015,7.1800000000000015,7.18,7.18,0,0,0,0,1,0,1,0,1,3.0,0,1.0,0,0,1.0,0,0,1,0,2.0
20161222,4947,000415XSHE20161222,20200210004725,0,50731,7.9,40077680.0,000415.XSHE,7.9,1500,7.9,7.9,311558.59375,618452.125,10.0278551532,7.18,3.0,7.41999999999954,7.359999999694539,7.276006582330834,7.245653444457782,7.54,7.270013492970032,7.227524542680946,7.2129026712424755,7.235903542367263,7.209113885139742,7.1913194573981105,7.3109091445655725,7.248716241663192,7.216934781449126,7.188447919003773,7.642599999999526,7.5302364189025415,7.4661777289130855,7.4334428248926,7.404101356573887,7.197399999999553,7.091581870228606,7.031254754413295,7.000426738005652,6.97279448143366,7.18,7.864554888039329,9.807628155231773,-933.3333333333818,33.33333336471604,11.111111690717184,77.77777671271375,0.0,100.0,100.0,10.027855153203351,10.027855153203351,100.0,0.010577499564416098,0.09247662174787057,7.233954431443406,7.290770241881757,7.324,7.252000000000002,7.216000000000001,7.2040000000000015,7.197999999999999,7.191999999999998,0.0,0.0,0.0,0.0,7.1800000000000015,7.493840723934929,6.866159276065072,-100.0,39368676,0.6417827298074403,0.3208913649056499,1.0,,-1.0,16.666666666666664,7.18,4.707405879459851e-08,8.537177562651585e-07,7.1800000000000015,7.1800000000000015,7.18,7.18,1,0,0,0,1,0,1,0,0,2.0,0,1.0,0,0,1.0,0,1,1,0,2.0
20161223,4948,000415XSHE20161223,20200210004725,0,1308191,8.45,1056599872.0,000415.XSHE,7.76,1500,7.78,8.45,311558.59375,618452.125,-1.5189873418000002,7.9,4.0,7.539999999999694,7.464999999770905,7.3432057046867225,7.294230404052527,7.66,7.333761806348778,7.263168120572496,7.237559076840628,7.277757116031319,7.231501575918577,7.206811050624474,7.396198391008197,7.299314694838126,7.244401377475997,7.203054143225902,7.766199999999684,7.6180843427384435,7.518294135683268,7.461733418800278,7.419145767522679,7.313799999999702,7.174312439277951,7.080335253992982,7.027069336151718,6.986962518929125,7.18,4.5137023105857095,7.959591474245046,-479.6722635739534,37.97025373920704,20.064159040213802,73.78244313719352,52.75590551181097,85.71428571428571,85.71428571428571,8.356545961002794,8.356545961002794,85.71428571428571,0.0267888210873023,0.12969057218308966,7.274402251336488,7.366036358515334,7.444,7.312,7.246,7.224000000000001,7.212999999999999,7.201999999999999,-0.669999999999999,0.0,0.020000000000000462,0.00886889460154241,7.216000000000001,7.61381402690202,6.818185973097982,-218.96551724137922,40676867,1.0415605694942631,0.8416716496508518,0.019020941369938208,0.0,-2.1896551724137923,16.666666666666664,7.9,33.33333336471604,11.111111690717184,7.216000000000001,7.252000000000002,7.324,7.9,1,0,0,0,0,0,0,0,0,0.0,0,1.0,1,0,1.0,1,1,1,0,4.0
20161226,4949,000415XSHE20161226,20200210004725,0,561725,7.75,420198848.0,000415.XSHE,7.25,1500,7.54,7.71,311558.59375,618452.125,-3.0848329049000003,7.78,1.0,7.539999999999796,7.483749999828179,7.3694449440618275,7.316573094593209,7.6,7.359541580555183,7.281028241825887,7.250708682195383,7.297929645567372,7.243599553333534,7.215579180871201,7.422344138097615,7.322237104853543,7.258820822477169,7.211373794010448,7.76619999999979,7.645014462240543,7.541904217999147,7.476585447151486,7.427715007830763,7.313799999999803,7.199673813954687,7.102569991707936,7.0410561978028525,6.995032580190135,7.18,0.31931878658861124,4.524786514361692,-118.35953244659537,34.76232139044249,24.963546490290035,54.359871190747405,71.65354330708658,66.66666666666666,66.66666666666666,5.0139275766016755,5.0139275766016755,66.66666666666666,0.04117582427422689,0.11509602549539664,7.294076158644897,7.392799995666821,7.516,7.348000000000001,7.263999999999999,7.2360000000000015,7.221999999999999,7.207999999999998,-0.16999999999999993,0.040000000000000036,0.29000000000000004,0.01550019433629042,7.246,7.66238443774954,6.82961556225046,957.7777777777874,40115142,0.9635048013087566,1.00253268540151,0.013383500023611269,0.034782608695652216,-24.800000000000075,16.666666666666664,8.45,37.97025373920704,20.064159040213802,7.246,7.312,7.444,7.78,0,0,0,0,0,0,0,0,0,0.0,0,1.0,1,0,1.0,1,1,1,0,4.0
20161227,4950,000415XSHE20161227,20200210004725,0,321076,7.59,238914144.0,000415.XSHE,7.37,1500,7.37,7.49,311558.59375,618452.125,-2.2546419097999997,7.54,2.0,7.4833333333331975,7.455312499871135,7.3695189515202495,7.321430085993827,7.4849999999999985,7.360848882985784,7.2867683552564735,7.255895261230368,7.3034735189852675,7.248556433594963,7.219642886637748,7.412827022079867,7.326785952010348,7.264244196990478,7.215290490454635,7.707833333333192,7.635211832742263,7.546589530570658,7.4821715229001935,7.431749205168273,7.2588333333332,7.190442211417471,7.1069823734500375,7.046316871080763,6.998831775740995,7.18,-2.435795604977486,2.1143348020061943,-61.413913207193104,28.16175756738162,26.029616849320558,32.426039003503746,85.03937007874013,57.60000000000001,57.60000000000001,2.646239554317554,2.646239554317554,57.60000000000001,0.050859090845851405,0.07746613257299613,7.299700146893422,7.389292304025773,7.5539999999999985,7.367000000000001,7.2735,7.242333333333334,7.22675,7.211166666666666,-0.1200000000000001,0.09999999999999963,0.0,0.018485268963156092,7.263999999999999,7.680954433961315,6.847045566038686,437.1428571428601,39794066,0.6025210383162128,0.7830129198124847,0.01144467893830305,0.11023622047244074,10.749999999999984,16.666666666666664,7.71,34.76232139044249,24.963546490290035,7.263999999999999,7.348000000000001,7.516,7.54,0,0,0,0,0,0,0,0,0,0.0,0,1.0,1,0,1.0,1,1,1,0,4.0
20161228,4951,000415XSHE20161228,20200210004725,0,260017,7.48,192139216.0,000415.XSHE,7.32,1500,7.39,7.33,311558.59375,618452.125,0.2713704206,7.37,2.0,7.45222222222213,7.438984374903351,7.372249757984218,7.327663714539843,7.4375,7.364492772612561,7.293428461368959,7.261725902046439,7.310129402140246,7.254103240120652,7.224125968568332,7.408676654428983,7.332806337533173,7.270378626405578,7.219604305505137,7.675788888888794,7.630936954061853,7.552790527659168,7.488489985197746,7.436192434670291,7.228655555555466,7.186416354796113,7.1128221474071776,7.05226726761341,7.003016176339983,7.9,-2.7119536598209524,2.331893209261044,-26.25680435478766,24.28631606854313,25.448516589061423,21.961915027506553,83.46456692913384,58.267716535433074,58.267716535433074,2.9247910863509743,2.9247910863509743,58.267716535433074,0.057289703762317436,0.051444903331728166,7.306389024901318,7.389401180329499,7.595999999999999,7.388,7.283999999999999,7.2493333333333325,7.231999999999998,7.214666666666665,0.05999999999999961,0.09000000000000075,0.009999999999999787,0.02065035691985433,7.2735,7.691083524579215,6.855916475420785,327.2108843537437,39534049,0.2900324223941431,0.44627673035517795,0.12876194386510298,0.2265625000000001,8.23529411764706,33.33333333333333,7.49,28.16175756738162,26.029616849320558,7.2735,7.367000000000001,7.5539999999999985,7.37,0,0,0,0,0,0,1,0,0,1.0,0,1.0,1,0,1.0,0,1,1,0,3.0
20161229,4952,000415XSHE20161229,20200210004725,0,329566,7.38,238062384.0,000415.XSHE,7.13,1500,7.13,7.36,311558.59375,618452.125,-3.5182679296,7.39,2.0,7.344814814814754,7.361738281177512,7.339949790252987,7.30969428594531,7.283749999999999,7.335181176035991,7.282884689667735,7.255998688913984,7.296273294283305,7.249236446390428,7.221648969395481,7.3580081718055315,7.313491448244298,7.263530888532134,7.217391853517356,7.565159259259198,7.578748416959697,7.532896191691628,7.481436815188099,7.433913609122876,7.124470370370312,7.137267926651366,7.094086704796967,7.045624961876169,7.000870097911835,7.78,-4.192421392098901,-1.2547433731269386,79.95629717918291,16.190877379028752,22.36263685238386,3.847358432318529,100.0,2.469135802469084,48.36601307189543,-0.696378830083563,-0.696378830083563,48.36601307189543,0.057065790055399974,-0.0017913096553396066,7.293323171204923,7.349493306432652,7.442,7.382999999999999,7.2814999999999985,7.2476666666666665,7.23075,7.213833333333333,-0.23000000000000045,0.01999999999999957,0.0,0.024156668280303138,7.283999999999999,7.704631667852053,6.863368332147945,34.565619223660015,39863615,-0.14382996431182654,0.07310122904115829,0.11209390227161184,0.20529801324503288,3.2325581395348846,33.33333333333333,7.33,24.28631606854313,25.448516589061423,7.283999999999999,7.388,7.595999999999999,7.39,0,0,0,0,0,0,1,0,0,1.0,0,1.0,1,0,1.0,1,1,1,0,4.0
20161230,4953,000415XSHE20161230,20200210004725,0,209712,7.22,150611616.0,000415.XSHE,7.13,1500,7.15,7.13,311558.59375,618452.125,0.2805049088,7.13,2.0,7.279876543209835,7.308803710883135,7.31462315155259,7.295176623586645,7.216875,7.312033529031493,7.27431148388272,7.251390050265551,7.285021502415359,7.245344821041787,7.219763470200863,7.320188504204526,7.2979208341257955,7.257992796408616,7.21572785713421,7.49827283950613,7.539794159330662,7.516858459149568,7.475732580300875,7.432199692848236,7.061480246913541,7.100582849078389,7.078983209102019,7.040253012516358,6.999256021420183,7.54,-2.268999453253137,-0.9695290858726164,120.41491449397431,11.298968757736352,18.67474748750136,-3.4525887017936654,98.48484848484846,5.633802816901412,49.03225806451614,-9.493670886075947,-0.4178272980501304,49.03225806451614,0.05287170974739551,-0.03355264246403575,7.282706640004559,7.318802028519936,7.316,7.38,7.2799999999999985,7.246666666666666,7.229999999999999,7.213333333333333,0.020000000000000462,0.0699999999999994,0.0,0.0254154095390444,7.2814999999999985,7.703779528274812,6.859220471725184,-4.3137254901959246,39653903,-0.4256344981644243,-0.2847322312381254,0.1944655839030513,0.2649006622516553,3.4418604651162803,33.33333333333333,7.36,16.190877379028752,22.36263685238386,7.2814999999999985,7.382999999999999,7.442,7.13,0,0,0,0,0,0,1,0,0,1.0,0,1.0,0,0,1.0,0,0,0,0,2.0
20170103,4954,000415XSHE20170103,20200210004725,0,224528,7.29,162612000.0,000415.XSHE,7.15,1500,7.26,7.16,311558.59375,618452.125,1.5384615385,7.15,3.0,7.273251028806556,7.296602783162352,7.307340064678911,7.291978748715133,7.2384375,7.305529337902554,7.2733881623419,7.251764395906179,7.283096771460332,7.245919533942107,7.220822326248207,7.309245139803703,7.2943093261138126,7.258090708778927,7.216820996464231,7.491448559670753,7.528522493997816,7.513138605897229,7.475833430042296,7.433325626358156,7.0550534979423585,7.089967785609592,7.075480046330401,7.040347987515559,7.000316366570302,7.37,0.0,0.5317381189763576,86.26730368737003,10.815474121319184,16.05498969877397,0.3364429664096136,90.15151515151516,25.862068965517192,52.40963855421686,-6.683804627249364,1.1142061281337057,52.40963855421686,0.04804354698249708,-0.038625302119187466,7.281024666670889,7.309755562593793,7.26,7.388000000000001,7.284000000000002,7.2493333333333325,7.231999999999998,7.214666666666665,0.09999999999999963,0.03000000000000025,0.009999999999999787,0.027343784194691783,7.2799999999999985,7.699923802611854,6.8600761973881434,44.537815126050816,39878431,-0.45517326324947605,-0.4404038807069501,0.2826567648242376,0.3486842105263155,3.7674418604651168,50.0,7.13,11.298968757736352,18.67474748750136,7.2799999999999985,7.38,7.316,7.15,0,0,0,0,0,0,1,0,0,1.0,0,1.0,0,0,1.0,0,0,0,0,2.0
20170104,4955,000415XSHE20170104,20200210004725,0,207389,7.29,150287296.0,000415.XSHE,7.2,1500,7.25,7.25,311558.59375,618452.125,-0.1377410468,7.26,4.0,7.265500685871038,7.284952087371765,7.299694722721722,7.288162498831937,7.24421875,7.298588170664734,7.271879248642423,7.251687683040693,7.280550865963383,7.246079552218887,7.221590159767993,7.2984732962030305,7.290089390293452,7.257696040058003,7.217640231119432,7.483465706447167,7.5174274950891204,7.5087920720022545,7.4754269212597455,7.434169438053018,7.047535665294904,7.079519097316941,7.071386708584647,7.039965158856263,7.00111102418585,7.39,0.19347705914870414,0.3738058978263528,87.61139028475904,10.240619111182491,14.11686616957681,2.48812499439385,90.90909090909088,35.71428571428567,52.09580838323354,-3.8461538461538463,0.9749303621169956,52.09580838323354,0.0428020087668052,-0.04193230572553501,7.278726543213786,7.300562399117823,7.236000000000001,7.395,7.287499999999999,7.251666666666666,7.233749999999999,7.215833333333332,0.0,0.040000000000000036,0.049999999999999815,0.028585163505036607,7.284000000000002,7.7015583791519475,6.866441620848055,50.515463917526134,39671042,-0.3993786833756535,-0.4272759733125647,0.3107304524652233,0.3630573248407641,3.3673469387755137,50.0,7.16,10.815474121319184,16.05498969877397,7.284000000000002,7.388000000000001,7.26,7.26,0,0,0,0,0,0,1,0,0,1.0,0,1.0,0,0,1.0,0,0,0,0,2.0
20170105,4956,000415XSHE20170105,20200210004725,0,199838,7.26,143905488.0,000415.XSHE,7.17,1500,7.18,7.25,311558.59375,618452.125,-0.9655172414000001,7.25,1.0,7.237000457247357,7.258714065528822,7.283735426358826,7.278329544392671,7.212109375,7.283764649331642,7.265951555181621,7.248570827256316,7.272816183966199,7.2434881972299126,7.2204956818793615,7.27693269689339,7.279604686455978,7.253905989323468,7.216710842696731,7.454110470964777,7.495240677800192,7.49799282704966,7.471523169003173,7.433212167977632,7.0198904435299365,7.0586247159865865,7.061216545862299,7.036288809643764,7.000209517415828,7.13,-0.1946066166249685,-0.5953205039457676,141.7612101566749,8.089705670081251,12.107812669744954,0.05349167075384287,96.21212121212123,27.659574468085093,50.0,-2.5780189959294493,0.0,50.0,0.03636178136872232,-0.05152181918466305,7.271413465938691,7.282014337715082,7.194,7.394999999999999,7.2875,7.251666666666666,7.2337500000000015,7.215833333333332,-0.07000000000000027,0.009999999999999787,0.009999999999999787,0.029838645399187014,7.287499999999999,7.705058379151945,6.869941620848053,44.262295081967466,39471204,-0.3801731991504573,-0.38977594126305537,0.28893830962822376,0.3515151515151511,2.9122807017543884,50.0,7.25,10.240619111182491,14.11686616957681,7.287499999999999,7.395,7.236000000000001,7.25,0,0,0,0,0,0,1,0,0,1.0,0,1.0,0,0,1.0,1,0,0,0,2.0
20170106,4957,000415XSHE20170106,20200210004725,0,179421,7.23,129174248.0,000415.XSHE,7.17,1500,7.18,7.19,311558.59375,618452.125,0.0,7.18,2.0,7.218000304831572,7.239035549146617,7.269904036177651,7.269390494902427,7.1960546875,7.270794068165188,7.260406293557,7.245589486940823,7.265676477507262,7.2409984640052105,7.21943000604043,7.2593085701855005,7.270118525841122,7.250300819112568,7.2158044021363175,7.434540313976519,7.477087827291065,7.488222081616358,7.467809843685943,7.432278534200408,7.001460295686625,7.041529313079934,7.052014970065888,7.032791794539191,6.999330270072227,7.15,-0.33314825097167045,-0.5953205039457676,181.1445949682109,8.081309156398243,10.765644831962717,2.712637805269296,96.21212121212123,61.904761904761855,50.0,-2.8416779431664407,0.0,50.0,0.029424970320792682,-0.0554944883834371,7.26464209809138,7.266319824220455,7.203999999999999,7.322999999999999,7.2875,7.251666666666668,7.233749999999999,7.215833333333332,-0.010000000000000677,0.040000000000000036,0.009999999999999787,0.030674299995287306,7.2875,7.7050583791519465,6.869941620848054,113.63636363636463,39291783,-0.3517535314019696,-0.3659633652762134,0.2718225269629635,0.3712574850299397,2.9482758620689697,33.33333333333333,7.25,8.089705670081251,12.107812669744954,7.2875,7.394999999999999,7.194,7.18,0,0,0,0,0,0,1,0,0,1.0,0,1.0,0,0,0.0,1,0,0,0,1.0
20170109,4958,000415XSHE20170109,20200210004725,0,161057,7.22,115663976.0,000415.XSHE,7.14,1500,7.17,7.18,311558.59375,618452.125,-0.139275766,7.18,2.0,7.202000203221048,7.221776661859963,7.25658349802063,7.2603549953658435,7.18302734375,7.2581948096445394,7.254573629456549,7.242302987508613,7.258316748468242,7.238214210514809,7.218129216407787,7.243070648333592,7.260583428141968,7.246383705985124,7.214673429244063,7.418060209317678,7.4603627677835975,7.478400930986228,7.463775217164677,7.431113632121386,6.985940197124418,7.025778528883582,7.04276592529771,7.0289921948055705,6.998233226366741,7.26,-0.5271920088790268,-0.7310184416016372,252.84609978918274,8.286090162236514,9.939126608720649,4.980017269268239,96.96969696969695,54.99999999999992,14.563106796116465,0.5610098176718098,-0.13927576601671013,49.714285714285715,0.022313939740267377,-0.05688824464420244,7.257631572306832,7.251501389724998,7.207999999999999,7.261999999999999,7.287000000000001,7.251333333333332,7.233500000000001,7.215666666666666,-0.009999999999999787,0.040000000000000036,0.03000000000000025,0.022921165505320903,7.2875,7.705595682828703,6.869404317171296,121.6867469879532,39130726,-0.3178244733451921,-0.3347890023735809,0.2580984434160707,0.3859649122807013,2.8225806451612936,33.33333333333333,7.19,8.081309156398243,10.765644831962717,7.2875,7.322999999999999,7.203999999999999,7.18,0,0,0,0,0,0,1,0,0,1.0,1,1.0,0,0,0.0,1,0,0,0,1.0
20170110,4959,000415XSHE20170110,20200210004725,0,200706,7.19,142741840.0,000415.XSHE,7.05,1500,7.06,7.17,311558.59375,618452.125,-1.5341701534,7.17,2.0,7.154666802147366,7.1813324963949725,7.230372364951212,7.242140904878039,7.121513671875,7.233420458438972,7.242020492072254,7.234376770660412,7.243061613970685,7.231225417945602,7.213967921239162,7.209785075909301,7.241480244509399,7.2372918178882895,7.210854332225693,7.369306806211786,7.42607862818658,7.4587246518446815,7.454410572424939,7.427179962192462,6.940026798082943,6.993491523632022,7.024235837174118,7.020173063351639,6.994528702258923,7.25,-1.506696428571448,-2.2214835743172614,561.4706434065008,6.2992539066072695,8.72583570801619,1.446090303789429,99.2857142857143,0.0,14.705882352941131,-1.2587412587412692,-10.632911392405072,46.774193548387096,0.013660639968056795,-0.06922639817768465,7.242992196580402,7.222039637459615,7.168000000000001,7.2139999999999995,7.2810000000000015,7.247333333333333,7.230499999999998,7.213666666666668,-0.11000000000000032,0.020000000000000462,0.009999999999999787,0.018272868603434092,7.287000000000001,7.71440613004495,6.859593869955051,43.75000000000055,39331432,-0.3714724907882315,-0.34464848206671184,0.2371133469201398,0.37158469945355177,2.3918918918918948,16.666666666666664,7.18,8.286090162236514,9.939126608720649,7.287000000000001,7.261999999999999,7.207999999999999,7.17,0,0,0,0,1,0,1,0,0,2.0,1,0.0,0,0,0.0,1,0,0,0,0.0
20170111,4960,000415XSHE20170111,20200210004725,0,149897,7.12,105911504.0,000415.XSHE,7.02,1500,7.06,7.04,311558.59375,618452.125,0.0,7.06,2.0,7.123111201431577,7.150999372296227,7.207656049624385,7.225582640798218,7.0907568359375,7.2117429011341025,7.230277234519208,7.226795171936046,7.228979951357554,7.2245106956732235,7.2099161338381315,7.1825514257439735,7.224196411698982,7.228643436527885,7.207129533899133,7.336804537474523,7.398027968516294,7.440922304049949,7.445502739623723,7.423343419916107,6.90941786538863,6.967074882971655,7.007470519348012,7.011784133432047,6.990915647882159,7.18,-0.9817671809256702,-2.1889720144084643,1821.705426356662,7.903206308108549,8.451625908046976,6.806367108231694,97.2027972027972,0.0,19.23076923076918,-2.754820936639121,-9.254498714652962,46.774193548387096,0.00446316065642575,-0.07357983449304835,7.229437219055928,7.197110462465829,7.13,7.183,7.275,7.243333333333332,7.227500000000001,7.211666666666668,0.01999999999999957,0.0600000000000005,0.020000000000000462,0.016704224571469282,7.2810000000000015,7.717188032848222,6.84481196715178,34.28571428571486,39181535,-0.4022901054245309,-0.3868812981063812,0.4607729827204389,0.41081081081081056,2.3461538461538494,0.0,7.17,6.2992539066072695,8.72583570801619,7.2810000000000015,7.2139999999999995,7.168000000000001,7.06,0,0,0,0,1,0,1,0,0,2.0,1,1.0,0,0,0.0,0,0,0,0,1.0
20170112,4961,000415XSHE20170112,20200210004725,0,195529,7.08,136885280.0,000415.XSHE,6.87,1500,6.87,7.06,311558.59375,618452.125,-2.6912181303,7.06,2.0,7.038740800954384,7.080749529222173,7.1626352430078,7.193256946180197,6.9803784179687485,7.169025038492339,7.20703354196958,7.211282338373609,7.201366108945437,7.210608315450744,7.200970972421337,7.125723893790524,7.1904634201086015,7.211148634746037,7.198805347876933,7.249903024983017,7.3394956106042395,7.4061773227118595,7.427483093788418,7.41476950831324,6.827578576925753,6.911952176976807,6.974749517505344,6.994814175703657,6.982841187440624,7.18,-2.8013582342954093,-4.739454782439927,-365.35172413792776,5.2688042054057,7.390685340499884,1.025041935217331,100.0,0.0,18.74999999999996,-5.2413793103448265,-8.885941644562331,42.43902439024392,-0.007634764261654561,-0.0967833993446425,7.202812239866599,7.146785775932622,7.068,7.131,7.2595,7.233,7.219749999999999,7.2065,-0.1899999999999995,0.020000000000000462,0.0,0.017595905173723003,7.275,7.74436020282934,6.80563979717066,26.20320855615025,39377064,-0.5610396518909023,-0.4816648786577166,0.5605627222390609,0.3823529411764707,1.9072164948453645,0.0,7.04,7.903206308108549,8.451625908046976,7.275,7.183,7.13,7.06,0,0,0,0,1,0,1,0,0,2.0,1,1.0,0,0,0.0,1,0,0,0,1.0
20170113,4962,000415XSHE20170113,20200210004725,0,144902,6.95,99112400.0,000415.XSHE,6.75,1500,6.76,6.88,311558.59375,618452.125,-1.6011644833,6.87,2.0,6.9458272006362565,7.0005621469166295,7.108950543940092,7.153869951072908,6.870189208984375,7.1178969086807955,7.178192668294124,7.1916613671399725,7.167414869795787,7.1929374011193445,7.189366473147093,7.059228640374066,7.1494669039077845,7.189141384270622,7.187970647929353,7.1542020166553435,7.271005499585287,7.363950911025017,7.40481562579874,7.403609767367231,6.7374523846171686,6.847451781162842,6.93498289679055,6.973467142742503,6.972331528491473,7.17,-3.207331042382592,-6.155426604103671,-179.48717948717862,4.129820087554403,6.303730256184723,-0.21800024970623788,99.00000000000004,0.0,14.606741573033702,-5.849582172701949,-8.276797829036639,40.27777777777778,-0.022654023662688882,-0.12015407520827455,7.170011333209815,7.087280271942989,6.984,7.094000000000001,7.238499999999998,7.2189999999999985,7.20925,7.1995000000000005,-0.1200000000000001,0.07000000000000027,0.009999999999999787,0.017048173694931,7.2595,7.776385867479466,6.742614132520534,19.183673469388005,39232162,-0.7565345511822851,-0.6587871015365936,0.6257609112218251,0.3917050691244242,1.7706422018348655,0.0,7.06,5.2688042054057,7.390685340499884,7.2595,7.131,7.068,6.87,0,0,0,0,1,0,1,0,0,2.0,1,1.0,0,0,0.0,1,0,0,0,1.0
20170116,4963,000415XSHE20170116,20200210004725,0,286948,6.98,196641184.0,000415.XSHE,6.6,1500,6.85,6.78,311558.59375,618452.125,1.3313609467,6.76,2.0,6.913884800424171,6.962921610187472,7.074423804748081,7.126245410066278,6.860094604492187,7.084409795095698,7.157018947759019,7.1768065250904085,7.142998341349957,7.179488875585252,7.180435776485328,7.021187069396963,7.120946246392755,7.172597902111077,7.179625693659493,7.121301344436897,7.231822681478871,7.334574633784538,7.3877758391744095,7.395014464469278,6.706468256411446,6.810551457315054,6.9073178590009725,6.9574199650477455,6.964236922849707,7.06,-1.0115606936416226,-4.818808359270847,-125.68242983467907,14.830508077693267,9.145989530020906,26.199545173037986,74.74747474747474,17.999999999999968,30.55555555555553,-4.596100278551535,-7.307171853856563,42.66666666666666,-0.037229453987770535,-0.11660344260065328,7.146306790009088,7.05077561472099,6.92,7.064,7.221999999999999,7.207999999999998,7.200999999999999,7.194,0.0699999999999994,0.13000000000000078,0.1800000000000006,0.021336877691664213,7.238499999999998,7.782176374325756,6.694823625674242,34.20195439739439,39519110,-0.7654930130880919,-0.7610137821351884,0.6435405111263616,0.4468085106382981,1.7200000000000029,16.666666666666664,6.88,4.129820087554403,6.303730256184723,7.238499999999998,7.094000000000001,6.984,6.76,0,0,0,0,1,0,1,0,0,2.0,0,1.0,0,0,1.0,0,0,0,0,2.0
20170117,4964,000415XSHE20170117,20200210004725,0,135512,6.9,92261312.0,000415.XSHE,6.7,1500,6.85,6.82,311558.59375,618452.125,0.0,6.85,2.0,6.892589866949447,6.934691207640604,7.044500630781671,7.101132190969343,6.855047302246094,7.055108570708735,7.137211273710049,7.162597545738652,7.120460007399959,7.166567743209359,7.171740098156768,6.990062147688423,7.095141841974398,7.1568614190812685,7.171486787643208,7.099367562957932,7.1997640121190765,7.30799609723363,7.371567261653706,7.3866313912725055,6.685812170940964,6.780360283257769,6.882287586715165,6.942155576508831,6.956342184013913,7.06,-0.407095085780757,-4.731440015576808,-91.746163417669,22.513268011391467,13.601749023811092,40.336305986552226,71.59090909090912,23.07692307692306,28.5714285714285,-4.463040446304047,-3.927068723702668,42.66666666666666,-0.0506777792476634,-0.10758660207914288,7.1243581388973025,7.019887058610069,6.877999999999999,7.0230000000000015,7.205499999999999,7.196999999999999,7.192749999999998,7.188500000000001,0.029999999999999364,0.05000000000000071,0.1200000000000001,0.022328211065213915,7.221999999999999,7.789290930651988,6.6547090693480095,42.95081967213133,39383598,-0.6826244074753604,-0.7240587102817262,0.9368382416534652,0.4574898785425103,1.571428571428575,16.666666666666664,6.78,14.830508077693267,9.145989530020906,7.221999999999999,7.064,6.92,6.85,0,0,0,0,1,0,1,0,0,2.0,0,1.0,0,0,1.0,0,0,0,0,2.0
20170118,4965,000415XSHE20170118,20200210004725,0,115514,6.88,79159208.0,000415.XSHE,6.79,1500,6.87,6.85,311558.59375,618452.125,0.2919708029,6.85,2.0,6.8850599112996305,6.9185184057304525,7.021233880010781,7.080120173608495,6.862523651123047,7.031969999370142,7.1199718366964975,7.149875913315233,7.1011938529845775,7.154937635632521,7.163799569257906,6.968232666290527,7.073699761786361,7.142868179126085,7.164042669429795,7.09161170863862,7.177279646279242,7.285910754639951,7.357154224499867,7.37896394951269,6.678508113960643,6.759185686301812,6.861488768932768,6.928582133752303,6.949121389346902,6.87,0.4385964912280869,-4.370824053452177,-63.43317622016096,29.29455962664193,18.83268589142137,50.21830709708307,65.38461538461534,26.829268292683,18.032786885245944,-2.691218130311608,-3.91608391608392,43.171806167400895,-0.062280080226867825,-0.09281840783363536,7.105516795275282,6.9968275111315945,6.839999999999999,6.9849999999999985,7.19,7.1866666666666665,7.185,7.183333333333334,0.020000000000000462,0.009999999999999787,0.05999999999999961,0.022396875422991357,7.205499999999999,7.791366879077492,6.619633120922508,48.4536082474228,39268084,-0.5471216224995019,-0.6148730149874311,0.8573561518713916,0.4584980237154154,1.5273972602739767,33.33333333333333,6.82,22.513268011391467,13.601749023811092,7.205499999999999,7.0230000000000015,6.877999999999999,6.85,0,0,0,0,0,0,1,0,0,1.0,1,0.0,0,0,1.0,0,0,0,0,1.0
20170119,4966,000415XSHE20170119,20200210004725,0,115901,6.93,79832584.0,000415.XSHE,6.82,1500,6.88,6.86,311558.59375,618452.125,0.1455604076,6.87,2.0,6.883373274199754,6.908888804297839,7.002402696009344,7.061927430553178,6.871261825561524,7.012973749448876,7.104489782716079,7.138142177953698,7.084178941216535,7.1441557675685,7.156331159540592,6.9521903633286115,7.055252165425753,7.130045341119933,7.1570292701846165,7.0898744724257465,7.1607560742284715,7.266909730388527,7.3439467013535324,7.371740148290155,6.676872075973762,6.743624652428753,6.843594600462981,6.916143980886336,6.942318392079077,6.76,0.5553931598947583,-4.151574254667098,-46.997835824651716,34.58346985862151,24.08294721382142,55.584515148221705,59.420289855072454,52.17391304347822,19.672131147540988,-2.549575070821526,-5.234159779614324,43.42105263157895,-0.07181562410080042,-0.07628435099146086,7.088811847477112,6.9788540478805805,6.8420000000000005,6.955,7.175,7.176666666666666,7.177499999999998,7.178333333333334,0.01999999999999957,0.049999999999999815,0.040000000000000036,0.02274223073814326,7.19,7.791281963807331,6.5887180361926685,73.45132743362828,39383985,-0.4033517755285341,-0.47523669901401794,0.7656992062169476,0.4785992217898834,1.5165562913907322,50.0,6.85,29.29455962664193,18.83268589142137,7.19,6.9849999999999985,6.839999999999999,6.87,0,0,0,0,0,0,1,0,0,1.0,1,1.0,0,0,1.0,0,0,0,0,2.0
20170120,4967,000415XSHE20170120,20200210004725,0,124193,6.99,86291672.0,000415.XSHE,6.84,1500,6.94,6.87,311558.59375,618452.125,0.8720930232999999,6.88,3.0,6.902248849466503,6.916666603223381,6.99408233654143,7.050843118684707,6.905630912780763,7.003852030767766,7.093877538669879,7.129527300651363,7.0730882534306465,7.136149659036401,7.150638234289524,6.949973933632501,7.044275768718539,7.120774836675057,7.151670522772651,7.109316314950497,7.158473151641476,7.255604041780097,7.33439808177531,7.36622063845583,6.695181383982508,6.741474715623527,6.832947495656983,6.907151591574807,6.937120407089472,6.85,0.9014248328002366,-3.250989795349404,-28.847298801480424,42.264686120436956,30.143526849359933,66.50700466259102,50.724637681159344,100.0,30.000000000000075,1.0189228529839924,-4.2758620689655125,44.87179487179489,-0.07843494840287897,-0.05295459441662858,7.077788747663993,6.972876502052798,6.877999999999999,6.931,7.127000000000001,7.168666666666665,7.1715,7.174333333333332,0.07000000000000027,0.049999999999999815,0.03000000000000025,0.02406795942734557,7.175,7.68317713447183,6.66682286552817,116.27906976744215,39508178,-0.22694387817777545,-0.3151478268531548,0.8580724266334274,0.5192307692307694,1.5483870967741975,66.66666666666666,6.86,34.58346985862151,24.08294721382142,7.175,6.955,6.8420000000000005,6.88,0,0,0,1,0,0,0,0,0,0.0,0,1.0,0,0,1.0,0,0,0,0,2.0
20170123,4968,000415XSHE20170123,20200210004725,0,156988,7.07,110412576.0,000415.XSHE,6.97,1500,7.04,7.0,311558.59375,618452.125,1.4409221902,6.94,4.0,6.948165899644335,6.947499952417536,7.000204691669238,7.049857380622464,6.9728154563903795,7.008370526921794,7.090401568433116,7.125634809318695,7.070543003166749,7.132379084172228,7.147726701808222,6.966342309335682,7.043868552650107,7.11683460073969,7.148913225914067,7.156610876633666,7.175332578615754,7.2551846092296115,7.33033963876188,7.363380622691491,6.739720922655004,6.757352040055612,6.832552496070603,6.903329562717499,6.934445829136645,6.85,1.7929438982070642,-1.8185875264978832,7.4508526121429774,56.38158561875285,38.88954643915757,91.3656639779434,36.231884057970994,100.0,40.00000000000002,4.142011834319529,-1.9498607242339787,47.13114754098361,-0.08110523614744078,-0.021362301956494214,7.074989581170364,6.983203194044676,6.916,6.918000000000001,7.089999999999999,7.164,7.167999999999998,7.172000000000001,0.040000000000000036,0.03000000000000025,0.03000000000000025,0.02437265386122411,7.127000000000001,7.5380960958218886,6.71590390417811,256.16438356164383,39665166,0.0018513591999844976,-0.11254625948889548,1.230642627450758,0.5399239543726237,1.6644736842105297,83.33333333333334,6.87,42.264686120436956,30.143526849359933,7.127000000000001,6.931,6.877999999999999,6.94,0,0,0,1,0,0,0,0,0,0.0,0,0.0,0,0,1.0,0,0,0,0,1.0
20170124,4969,000415XSHE20170124,20200210004725,0,119758,7.06,83674920.0,000415.XSHE,6.94,1500,6.97,7.06,311558.59375,618452.125,-0.9943181818000001,7.04,4.0,6.955443933096223,6.953124964313152,6.996177399446673,7.042597618747692,6.971407728195191,7.003574211056571,7.082633725308398,7.118868078478752,7.062808926000078,7.126011276949787,7.1430496833395845,6.967007344001923,7.036833452397716,7.109671937288972,7.144495615397672,7.16410725108911,7.17601756432198,7.247938455969647,7.322962095407642,7.3588304838596015,6.7467806151033365,6.757997123681864,6.8257284488257834,6.896381779170303,6.930160746935742,6.87,0.4322766570605095,-2.7378526973850086,1.6627078384797782,63.282168190279656,47.02042035619825,95.80566385844246,43.93939393939393,73.07692307692305,36.84210526315789,1.7518248175182498,-2.9247910863509743,45.81673306772909,-0.08209231726501796,-0.00789664894061762,7.067212575157743,6.981171933422417,6.94,6.909000000000002,7.0615,7.156999999999997,7.16275,7.1685,-0.08999999999999986,0.0,0.029999999999999364,0.024111315303829185,7.089999999999999,7.447953907647339,6.732046092352659,273.77049180328083,39545408,0.09657466808588347,0.04921301364293399,1.319971239196449,0.5163636363636367,1.5740740740740773,66.66666666666666,7.0,56.38158561875285,38.88954643915757,7.089999999999999,6.918000000000001,6.916,7.04,0,0,1,1,0,0,0,0,0,1.0,0,0.0,0,0,1.0,1,0,0,0,1.0
20170125,4970,000415XSHE20170125,20200210004725,0,92744,6.99,64508464.0,000415.XSHE,6.92,1500,6.95,6.95,311558.59375,618452.125,-0.2869440459,6.97,4.0,6.953629288730816,6.952343723234862,6.990020412853784,7.034179653406992,6.960703864097597,6.9968774346745,7.074076710772372,7.111525988110111,7.054131316307764,7.119108873932147,7.137969428514857,6.963915099637936,7.028563599788411,7.101883062299267,7.139693254523655,7.16223816739274,7.172832552627074,7.239420507782063,7.314939554168244,7.353884052159366,6.745020410068891,6.754997646648798,6.817706691794758,6.888826570430287,6.925502456887945,6.88,-0.08625646923519589,-2.9546470062556427,-4.837652666070643,67.01080716231411,53.68388262490354,93.66465623713523,44.44444444444443,65.3846153846154,41.79104477611945,1.459854014598548,-3.0683403068340267,23.756906077348056,-0.08210463597714747,-9.854969703601556e-05,7.0585301621830965,6.976376251357431,6.956,6.8980000000000015,7.0405,7.149333333333333,7.156999999999999,7.164666666666666,0.0,0.040000000000000036,0.03000000000000025,0.02370207895353265,7.0615,7.392889498928375,6.730110501071624,201.36986301369984,39452664,0.104107993480753,0.10034133078331824,1.5995727214757651,0.5251798561151082,1.538922155688626,66.66666666666666,7.06,63.282168190279656,47.02042035619825,7.0615,6.909000000000002,6.94,6.97,0,0,1,1,0,0,0,0,0,1.0,0,0.0,0,0,0.0,0,0,0,0,0.0
20170126,4971,000415XSHE20170126,20200210004725,0,88511,7.02,61735784.0,000415.XSHE,6.95,1500,6.95,6.96,311558.59375,618452.125,0.0,6.95,4.0,6.9524195258205435,6.951757792426148,6.9846843578066125,7.026526957642722,6.9553519320487975,6.991017755340188,7.066071761690284,7.104503119061843,7.04612121505332,7.112477153385787,7.1330228646065725,6.961385081521947,7.021081352189514,7.094474132431007,7.135009470461342,7.160992111595161,7.170226633967607,7.231713792755199,7.307308356403938,7.349059754575182,6.743846940045928,6.7525435290762905,6.810448911623827,6.8816399084580775,6.920959186347503,6.94,-0.28694404591105394,-2.8922732988682878,8.259587020648901,69.49656647700374,58.95477724227028,90.58014494647064,43.548387096774114,64.00000000000007,41.79104477611945,1.1644832605531306,-1.5580736543909266,25.44378698224851,-0.08131821365713075,0.0062913785601337036,7.050490890910275,6.972318366533211,6.9700000000000015,6.9060000000000015,7.018499999999999,7.141666666666665,7.15125,7.160833333333334,-0.009999999999999787,0.05999999999999961,0.0,0.021652504639184996,7.0405,7.332203616707095,6.7487963832929045,234.4262295081969,39364153,0.0835069405146104,0.0938074669976817,1.9011564987094,0.5448028673835127,1.5808383233532963,50.0,6.95,67.01080716231411,53.68388262490354,7.0405,6.8980000000000015,6.956,6.95,0,0,1,1,0,0,0,0,0,1.0,0,0.0,0,0,0.0,1,0,0,0,0.0
20170203,4972,000415XSHE20170203,20200210004725,0,82801,7.0,57554356.0,000415.XSHE,6.9,1500,6.92,6.96,311558.59375,618452.125,-0.43165467630000004,6.95,1.0,6.9416130172136965,6.943818344319612,6.976059776765733,7.0168426887661095,6.937675966024399,6.982140535922665,7.0566477770651055,7.0964812443200245,7.036419583126143,7.1049290297236,7.1274169997485055,6.953860521245231,7.011454556742893,7.085963199141692,7.129700594647483,7.149861407730107,7.1624763368825874,7.221798193445182,7.298542095115943,7.343591612486907,6.733364626697285,6.745244705607872,6.801110920040608,6.873384303167441,6.9158095768080585,7.04,-0.6603502727533646,-3.241142090103248,2.235645351663103,66.15086413782228,61.35347287412095,75.74564666522495,45.762711864406796,45.45454545454535,54.90196078431371,0.5813953488372098,-1.9830028328611853,29.05405405405405,-0.08036567331059094,0.007620322772318554,7.040824898990996,6.9642693870665635,6.965999999999998,6.922000000000001,7.007999999999999,7.132999999999997,7.14475,7.1564999999999985,-0.040000000000000036,0.040000000000000036,0.01999999999999957,0.02013901146273049,7.018499999999999,7.308506896469719,6.728493103530277,152.05479452054732,39281352,0.03109679677194335,0.057301868643276875,1.4478051198380817,0.5473684210526318,1.5639534883720958,33.33333333333333,6.96,69.49656647700374,58.95477724227028,7.018499999999999,6.9060000000000015,6.9700000000000015,6.95,0,0,1,1,0,0,0,0,0,1.0,0,0.0,0,0,0.0,1,0,0,0,0.0
20170206,4973,000415XSHE20170206,20200210004725,0,133841,6.97,92826624.0,000415.XSHE,6.9,1500,6.96,6.91,311558.59375,618452.125,0.5780346821,6.92,2.0,6.947742011475798,6.947863758239709,6.973918473196968,7.011675171605553,6.9488379830122,6.9793729689323305,7.050412436609291,7.090547277175675,7.030541153654901,7.099245538361892,7.123011289228806,6.9549767901097335,7.006554122767381,7.079818652842097,7.125510456508037,7.1561742718200705,7.163626093813026,7.216750746450401,7.2922132124273595,7.3392757702032805,6.739309751131523,6.746327486406442,6.796357499084357,6.867424093256833,6.911745142812796,6.97,0.14388489208632785,-2.6219324509612156,9.279204639602577,64.33867132997673,62.348539026072885,68.31893593778445,30.76923076923077,25.0,72.72727272727273,0.2881844380403397,1.3100436681222687,34.8148148148148,-0.07853760087827577,0.01462457945852136,7.034837869436108,6.9636125582870925,6.95,6.933,6.9985,7.125666666666667,7.139250000000001,7.152833333333333,0.049999999999999815,0.009999999999999787,0.009999999999999787,0.0155973133336928,7.007999999999999,7.291144839260758,6.724855160739242,65.38461538461472,39415193,0.025186359717247583,0.02814157824459547,2.3121859088119683,0.5664335664335666,0.8211382113821151,33.33333333333333,6.96,66.15086413782228,61.35347287412095,7.007999999999999,6.922000000000001,6.965999999999998,6.92,0,0,1,1,0,0,0,0,0,1.0,0,0.0,0,0,0.0,0,0,0,0,0.0
20170207,4974,000415XSHE20170207,20200210004725,0,111697,6.95,77272408.0,000415.XSHE,6.89,1500,6.92,6.93,311558.59375,618452.125,-0.5747126437,6.96,2.0,6.938494674317198,6.940897818679781,6.966729343437373,7.003341065095959,6.9344189915060985,6.971951347815789,7.041998731021595,7.083132178168037,7.022037987989137,7.0922163015633854,7.117668886880679,6.9486173737261465,6.998310872980009,7.07202262099614,7.120436124248581,7.146649514546714,7.15707589493793,7.208260199169412,7.284183299626025,7.3340492079760375,6.730339834087683,6.740158852514361,6.788361546790608,6.859861942366256,6.906823040521124,6.95,-0.2881844380403525,-3.111086219932269,3.8652678078419416,56.22578088665111,60.30761964626562,48.062103367422075,33.33333333333333,30.76923076923082,58.974358974359,-1.704545454545456,2.3668639053254457,32.84671532846716,-0.07671576603337202,0.014574678759229963,7.026331360588988,6.956902933935232,6.94,6.94,6.9815,7.116999999999999,7.1327500000000015,7.1484999999999985,-0.009999999999999787,0.020000000000000462,0.03000000000000025,0.013544657327617116,6.9985,7.2565135655348385,6.740486434465161,62.63736263736164,39303496,-0.007095558752508637,0.009045400482369476,2.4831266044587528,0.7420814479638012,0.6108786610878677,16.666666666666664,6.91,64.33867132997673,62.348539026072885,6.9985,6.933,6.95,6.96,0,0,1,1,0,0,0,0,0,1.0,0,0.0,0,0,0.0,1,0,0,0,0.0
20170208,4975,000415XSHE20170208,20200210004725,0,116341,6.98,80640280.0,000415.XSHE,6.89,1500,6.98,6.9,311558.59375,618452.125,0.8670520231000001,6.92,3.0,6.952329782878133,6.950673364009838,6.96849876431239,7.001219150087235,6.95720949575305,6.972957429338816,7.0379988128911695,7.0786481704216015,7.0188042966053565,7.087815662286389,7.114046021436452,6.9543233057759375,6.996566980315246,7.067533712654865,7.11696856562516,7.160899676364477,7.162953004949216,7.206463989724705,7.279559724034512,7.330477622593915,6.743759889391787,6.745693606602659,6.786669970905789,6.855507701275219,6.903459508656405,6.95,0.4894903541606652,-2.216244991734646,25.176304654443378,57.77370899689788,59.462982763143046,54.395161464407565,19.14893617021271,58.823529411764746,64.4444444444445,0.14347202295553338,1.8978102189781136,43.58974358974361,-0.07386122867436587,0.022836298872049243,7.022899407952767,6.960456328714428,6.9460000000000015,6.9510000000000005,6.967999999999999,7.110333333333331,7.127750000000002,7.145166666666667,0.08000000000000007,0.0,0.010000000000000677,0.013524011940297148,6.9815,7.208268604528932,6.754731395471066,102.5974025974016,39419837,0.02204765046221468,0.007476045854853021,2.103273151518795,0.9545454545454544,0.8201058201058228,33.33333333333333,6.93,56.22578088665111,60.30761964626562,6.9815,6.94,6.94,6.92,0,0,1,1,0,0,0,0,0,1.0,0,0.0,0,0,0.0,0,0,0,0,0.0
20170209,4976,000415XSHE20170209,20200210004725,0,211085,7.13,148574400.0,000415.XSHE,6.95,1500,7.1,6.97,311558.59375,618452.125,1.7191977077,6.98,4.0,7.0015531885854205,6.988005023007378,6.986032262404071,7.010199227352032,7.028604747876525,6.988837750671464,7.041998889478836,7.079576510838053,7.0250501199434074,7.088293479451629,7.1136763892933885,6.98080997745304,7.0064177440947475,7.069117433988772,7.116549588696143,7.211599784242983,7.190234276776631,7.216610276417589,7.281190957008435,7.330046076357027,6.791506592927859,6.771385678129449,6.796225211771903,6.857043910969111,6.90305310103526,6.92,1.7775229357798246,-0.512849255948272,142.39955043551691,67.68247266459856,62.20281273029489,78.64179253320594,5.660377358490611,75.86206896551715,70.90909090909088,2.158273381294956,3.6496350364963512,48.031496062992105,-0.06842617835628159,0.04348040254467417,7.028610562919231,6.981924585835285,6.975999999999999,6.972999999999999,6.9639999999999995,7.107666666666664,7.125750000000001,7.143833333333332,0.1299999999999999,0.03000000000000025,0.01999999999999957,0.014460385998600462,6.967999999999999,7.182140141029186,6.753859858970813,153.16455696202445,39630922,0.1633593827248089,0.0927035165935118,2.271535092699588,1.048192771084338,0.9428571428571456,50.0,6.9,57.77370899689788,59.462982763143046,6.967999999999999,6.9510000000000005,6.9460000000000015,6.98,0,0,1,1,0,0,0,0,0,1.0,0,0.0,1,0,0.0,0,1,0,0,1.0
20170210,4977,000415XSHE20170210,20200210004725,0,242714,7.23,173838224.0,000415.XSHE,7.07,1500,7.17,7.09,311558.59375,618452.125,0.9859154929999999,7.1,4.0,7.057702125723615,7.0335037672555325,7.010561294083527,7.024726570320027,7.099302373938262,7.011483031837531,7.050257025641493,7.083507966888571,7.03620011071699,7.091497656728035,7.115158589575143,7.015208163370669,7.0219970065619135,7.074038534769808,7.117869351938214,7.269433189495323,7.22566440827179,7.2326569167587715,7.286259690812902,7.331405432496362,6.845971061951906,6.80475191846955,6.811337096365056,6.8618173787267125,6.904333271380068,6.96,2.0495303159692457,0.470825626366183,600.660066006611,72.57262883522253,65.65941809860409,86.39905030845942,11.320754716981222,87.87878787878786,73.77049180327869,3.1654676258992773,4.3668122270742336,46.34146341463416,-0.06038586060848379,0.06432254198238244,7.039083854554843,7.01085926493755,7.026000000000002,6.996,6.963499999999999,7.083333333333331,7.1255,7.143666666666669,0.08000000000000007,0.0600000000000005,0.01999999999999957,0.014530522936449887,6.9639999999999995,7.176157960020358,6.751842039979643,330.7692307692315,39873636,0.33267111545817,0.24801524909148945,2.5547436317042163,1.0359281437125756,0.9653179190751476,66.66666666666666,6.97,67.68247266459856,62.20281273029489,6.9639999999999995,6.972999999999999,6.975999999999999,7.1,0,0,1,1,0,0,0,0,0,1.0,0,0.0,1,0,0.0,0,1,0,0,1.0
20170213,4978,000415XSHE20170213,20200210004725,0,188710,7.2,135173776.0,000415.XSHE,7.12,1500,7.16,7.17,311558.59375,618452.125,-0.1394700139,7.17,4.0,7.091801417149076,7.0651278254416505,7.030486454872391,7.037024154836389,7.129651186969131,7.03004765285784,7.057337217535587,7.086833707458633,7.045723179123375,7.094184023130858,7.116338626691588,7.041533951848731,7.035140148794111,7.078231776976158,7.1189096148533215,7.304555459663547,7.252779970404192,7.246194353257935,7.290578730285442,7.3324769032989225,6.879047374634602,6.830287933293269,6.824085944330287,6.865884823666872,6.905342326407722,6.92,1.3303141805830785,0.3363228699551073,-1123.5668789808517,74.85234079210913,68.72372566310577,87.10957105011585,15.909090909090958,83.33333333333339,69.64285714285714,3.4682080924855523,4.069767441860469,46.34146341463416,-0.051156011018907384,0.07383879671661131,7.048040606069298,7.033803993408696,7.066,7.007999999999999,6.962999999999999,7.062666666666664,7.125,7.1433333333333335,-0.009999999999999787,0.03000000000000025,0.040000000000000036,0.014227386826749525,6.963499999999999,7.173747473230951,6.753252526769048,322.22222222222376,39684926,0.4168342500982729,0.3747526827782214,1.6172072073484476,1.1677852348993307,1.1250000000000042,66.66666666666666,7.09,72.57262883522253,65.65941809860409,6.963499999999999,6.996,7.026000000000002,7.17,0,0,1,1,0,0,0,0,0,1.0,0,0.0,1,1,0.0,1,1,0,0,2.0
20170214,4979,000415XSHE20170214,20200210004725,0,152225,7.19,108744368.0,000415.XSHE,7.1,1500,7.13,7.17,311558.59375,618452.125,-0.41899441340000004,7.16,4.0,7.1045342780993845,7.081345869081237,7.043754927556073,7.045476504396717,7.129825593484565,7.042541696250612,7.062025138984906,7.088710502786518,7.0522060114985,7.095588571243372,7.116698136515492,7.057618687876235,7.044174420337528,7.080757056148053,7.11918345152361,7.317670306442365,7.269347248512522,7.2554996529476545,7.293179767832494,7.332758955069318,6.891398249756402,6.845890127239947,6.832849187727402,6.8683343444636105,6.905607947977901,6.98,0.3095104108047305,-0.07007708479330843,-258.81608103830087,73.43097229277859,70.29280787299672,79.70730113234238,24.390243902439146,86.20689655172413,59.18367346938774,2.4425287356321834,2.7377521613832783,47.89915966386555,-0.04202646746477776,0.07303634843303693,7.054111672286387,7.048603379038128,7.108,7.023999999999999,6.966500000000001,7.048999999999998,7.1237499999999985,7.142500000000001,-0.040000000000000036,0.020000000000000462,0.03000000000000025,0.013767994641044834,6.962999999999999,7.181748714281935,6.744251285718063,336.36363636363683,39532701,0.3981508080827774,0.4074925290905251,1.1484253373734612,1.0705128205128225,1.044303797468358,50.0,7.17,74.85234079210913,68.72372566310577,6.962999999999999,7.007999999999999,7.066,7.16,0,0,1,1,0,0,0,0,0,1.0,0,0.0,1,1,0.0,1,1,0,0,2.0
20170215,4980,000415XSHE20170215,20200210004725,0,219701,7.15,155509728.0,000415.XSHE,7.0,1500,7.03,7.11,311558.59375,618452.125,-1.4025245441999998,7.13,1.0,7.0796895187329225,7.068509401810927,7.041920937215263,7.044069549451561,7.079912796742282,7.040973984219285,7.059959000985879,7.086157872230584,7.050497856767848,7.093016470410298,7.114416606607191,7.0525971082623755,7.042824475543479,7.07828110218961,7.116981390992162,7.29208020429491,7.264175021510246,7.254109209809783,7.290629535255299,7.330490832721927,6.867298833170935,6.841019195014503,6.831539741277174,6.8659326691239215,6.903471949262397,7.1,-1.2363023321157516,-1.4301738642737252,-60.73274893234336,62.67947172459753,67.75502915686366,52.52835686006526,51.282051282051256,57.57575757575757,55.76923076923082,1.589595375722548,-0.1420454545454515,44.18604651162793,-0.034938034324387315,0.05670746512312355,7.052325622487396,7.045741320724571,7.1179999999999986,7.031999999999999,6.965000000000002,7.0376666666666665,7.12,7.14,-0.08000000000000007,0.040000000000000036,0.03000000000000025,0.014894513056468968,6.966500000000001,7.183064078277078,6.749935921722924,169.3877551020421,39752402,0.24737977082444104,0.3227652894536092,0.7430893020722438,0.9518072289156644,0.8947368421052668,50.0,7.17,73.43097229277859,70.29280787299672,6.966500000000001,7.023999999999999,7.108,7.13,0,0,1,1,0,0,0,1,0,1.0,0,0.0,1,1,0.0,1,1,0,0,2.0
20170216,4981,000415XSHE20170216,20200210004725,0,398891,7.28,285275296.0,000415.XSHE,7.0,1500,7.26,7.04,311558.59375,618452.125,3.2716927454,7.03,3.0,7.1397930124886155,7.116382051358197,7.070998145586561,7.06369959041051,7.169956398371142,7.068352236191873,7.072864871890017,7.093716225611862,7.066613406247242,7.099564844119698,7.1182477485385816,7.090306724941943,7.063507858825053,7.087145438668165,7.120512714671367,7.3539868028632736,7.303015926690202,7.275413094589803,7.29975980182821,7.33412809611151,6.925599222113957,6.877597523193685,6.8516026230603,6.87453107550812,6.9068973332312265,7.17,1.5384615384615303,1.7718963777054724,-145.24765729584982,73.41024610699661,69.64010147357465,80.95053537384051,5.128205128205238,68.18181818181822,71.23287671232875,4.011461318051566,4.160688665710187,52.98013245033111,-0.02575137050977011,0.07349331051693764,7.067708909710553,7.0787041944592515,7.15,7.0630000000000015,6.984499999999999,7.033333333333331,7.122000000000001,7.141333333333333,0.21999999999999972,0.020000000000000462,0.040000000000000036,0.017744068123159432,6.965000000000002,7.211939263787677,6.718060736212324,162.06896551724267,40151293,0.3147079625335268,0.2810438666789839,1.2912607287276534,1.0787878787878804,1.04166666666667,50.0,7.11,62.67947172459753,67.75502915686366,6.965000000000002,7.031999999999999,7.1179999999999986,7.03,0,0,1,1,0,0,0,1,0,1.0,0,0.0,1,0,0.0,0,1,0,0,1.0
20170217,4982,000415XSHE20170217,20200210004725,0,323631,7.44,235770992.0,000415.XSHE,7.18,1500,7.18,7.35,311558.59375,618452.125,-1.1019283747,7.26,4.0,7.1531953416590754,7.132286538518647,7.085531726175018,7.074272354918648,7.1749781991855714,7.082308206667889,7.079776815639048,7.0974676940635195,7.075335451920532,7.102719163958142,7.119872807787567,7.106614593134316,7.07460234846076,7.0916749294648405,7.121981536531335,7.367791201908847,7.319813030928347,7.286840418914584,7.3044251773487865,7.335640982627275,6.938599481409303,6.8934161553402875,6.862364278006938,6.878924681580894,6.908322090435394,7.16,0.3914988814317739,0.6504429740944044,-177.40725302209128,66.51592164708863,68.59870819807931,62.350348545107266,47.27272727272733,51.1111111111111,64.1975308641975,1.1267605633802829,3.3093525179856047,54.05405405405406,-0.016948817149429952,0.07042042688272128,7.076026768250513,7.0942881645424425,7.151999999999999,7.0889999999999995,7.0055000000000005,7.034999999999998,7.122000000000001,7.141333333333333,-0.16999999999999993,0.09000000000000075,0.0,0.019920151334391668,6.984499999999999,7.2227834446620225,6.746216555337974,177.41935483870992,39827662,0.3118467638995369,0.3132773632165319,0.9448253883400328,1.0689655172413814,1.1428571428571468,33.33333333333333,7.04,73.41024610699661,69.64010147357465,6.984499999999999,7.0630000000000015,7.15,7.26,0,0,1,1,0,0,0,1,0,1.0,0,0.0,1,1,0.0,1,1,0,0,2.0
20170220,4983,000415XSHE20170220,20200210004725,0,235723,7.3,171105664.0,000415.XSHE,7.15,1500,7.28,7.15,311558.59375,618452.125,1.3927576602,7.18,4.0,7.19546356110605,7.169214903888985,7.1114608293516826,7.09297486810786,7.227489099592786,7.107019680834403,7.092694440436528,7.105403881278152,7.0910788786958765,7.10967135360684,7.12408668126684,7.1381392125644405,7.094164029559736,7.100861518271433,7.12588322698735,7.411327467939231,7.352283388941374,7.306988950446527,7.313887363819576,7.33965972379697,6.979599654272867,6.923995036187508,6.881339108672943,6.8878356727232894,6.9121067301777295,7.13,1.449275362318842,2.023656034531085,-124.89573889392507,67.9803114010894,68.39257593241601,67.15578233843614,29.09090909090908,61.111111111111114,70.45454545454547,1.5341701534170198,4.7482014388489215,56.96202531645571,-0.0072143897949346345,0.07787541883596255,7.091135896528251,7.122859216151299,7.176,7.121,7.027000000000001,7.0393333333333326,7.1245,7.142999999999999,0.1299999999999999,0.01999999999999957,0.0,0.02097484376839445,7.0055000000000005,7.260772403522199,6.750227596477803,154.79452054794547,39591939,0.3649474054630306,0.33839708468128377,1.2408587597854954,1.1453488372093044,1.1705882352941217,33.33333333333333,7.35,66.51592164708863,68.59870819807931,7.0055000000000005,7.0889999999999995,7.151999999999999,7.18,0,0,1,1,0,0,0,0,0,1.0,0,0.0,1,0,0.0,0,1,0,0,1.0
20170221,4984,000415XSHE20170221,20200210004725,0,213177,7.31,154871968.0,000415.XSHE,7.23,1500,7.27,7.26,311558.59375,618452.125,-0.13736263740000001,7.28,4.0,7.220309040737367,7.194411177916738,7.132599385438127,7.109068061916237,7.248744549796393,7.127392220730102,7.104133508795461,7.112560234266058,7.104842041873118,7.115958751504612,7.1279265054440275,7.162113901189088,7.110910312458809,7.109112175916729,7.129441665827168,7.436918311959487,7.37697731822476,7.324237621832572,7.3223855411942305,7.343324915801983,7.0036997695152445,6.947250484153415,6.897583003085043,6.895838810639227,6.915558415852352,7.03,0.9161576901721368,1.8578193740017253,-111.3569321533911,67.0889150837194,67.95802231618381,65.3507006187906,30.90909090909102,63.46153846153841,68.23529411764703,1.536312849162003,5.057803468208087,64.28571428571425,0.002450722252516235,0.07732089637960696,7.10438508937801,7.145496259820329,7.203999999999999,7.1560000000000015,7.047999999999999,7.039666666666667,7.12675,7.144499999999999,0.009999999999999787,0.040000000000000036,0.029999999999999364,0.02120820440001857,7.027000000000001,7.289571894916421,6.7644281050835815,180.91603053435216,39378762,0.3783138468755373,0.371630626169284,1.5580603314979256,1.1578947368421078,1.1578947368421089,33.33333333333333,7.15,67.9803114010894,68.39257593241601,7.027000000000001,7.121,7.176,7.28,0,0,1,1,0,0,0,0,0,1.0,0,0.0,1,0,0.0,0,1,0,0,1.0
20170222,4985,000415XSHE20170222,20200210004725,0,214241,7.36,156582320.0,000415.XSHE,7.27,1500,7.33,7.31,311558.59375,618452.125,0.8253094911,7.27,4.0,7.256872693824911,7.228308383437554,7.158919467379707,7.129152783560214,7.289372274898198,7.15271819313884,7.1187055404860775,7.122014137124057,7.122161884805955,7.1243525259554135,7.133244228984974,7.192638646427435,7.1317759969865415,7.1198871917256685,7.1343937234610655,7.474578874639659,7.408417805820258,7.3457292768961375,7.333483807477439,7.348425535164897,7.039166513010162,6.976859487034613,6.9178227170769455,6.906290575973897,6.920361911757232,7.26,0.9085903083700416,2.6553134278191757,-113.23094265182516,69.72594338914625,68.54732934050463,72.08317148642948,20.000000000000032,81.2499999999999,73.56321839080458,2.805049088359049,5.316091954022991,71.1111111111111,0.012517406929525646,0.08053347741607528,7.121097304979639,7.173881450617203,7.263999999999999,7.191,7.0710000000000015,7.042333333333334,7.1305000000000005,7.1469999999999985,0.020000000000000462,0.03000000000000025,0.040000000000000036,0.021146636951412737,7.047999999999999,7.3243982633809415,6.77160173661906,352.63157894736986,39593003,0.4075199205276564,0.3929168837015968,1.6387861408645292,1.233128834355831,1.289308176100633,50.0,7.26,67.0889150837194,67.95802231618381,7.047999999999999,7.1560000000000015,7.203999999999999,7.27,0,0,1,1,0,0,0,0,0,1.0,0,0.0,1,0,0.0,0,1,0,0,1.0
20170223,4986,000415XSHE20170223,20200210004725,0,235570,7.33,170617056.0,000415.XSHE,7.21,1500,7.23,7.33,311558.59375,618452.125,-1.3642564802000001,7.33,1.0,7.247915129216608,7.228731287578165,7.1683968717290805,7.138320712327468,7.259686137449099,7.162378418996487,7.125885828196652,7.126709174640402,7.1304571244362664,7.12849556415324,7.1357904334853695,7.1994316198042645,7.1411306639402055,7.125258548226856,7.136754372264496,7.465352583093106,7.415414568398392,7.355364583858411,7.339016304673661,7.3508570034324325,7.0304776753401095,6.9834486712101365,6.926896744021997,6.91150079178005,6.922651741096561,7.18,-0.38578120694406814,1.2406530932310256,-61.61429451632754,63.908204683673276,67.00095445489418,57.72270514123147,38.18181818181813,45.71428571428582,63.73626373626372,2.8449502133712685,4.479768786127175,63.970588235294144,0.02068410600796603,0.06533359262752307,7.129164171277442,7.182515073599171,7.258000000000001,7.2040000000000015,7.088499999999999,7.044,7.1317499999999985,7.147833333333333,-0.09999999999999963,0.0,0.020000000000000462,0.02027117672115151,7.0710000000000015,7.341057401305723,6.800942598694276,180.0000000000011,39828573,0.3139662375967186,0.3607430790621875,1.4575085481190566,1.1156069364161878,1.1916167664670694,50.0,7.31,69.72594338914625,68.54732934050463,7.0710000000000015,7.191,7.263999999999999,7.33,0,0,1,1,0,0,0,1,0,1.0,0,0.0,1,0,0.0,1,1,0,0,1.0
20170224,4987,000415XSHE20170224,20200210004725,0,126754,7.25,91353296.0,000415.XSHE,7.17,1500,7.22,7.2,311558.59375,618452.125,-0.1383125864,7.23,2.0,7.238610086144406,7.226548465683623,7.175277288831869,7.145746102115879,7.239843068724549,7.1695811166219245,7.131957710248482,7.130765297482122,7.137345037941168,7.132083973402133,7.1380064747094405,7.203171325294397,7.148642029279232,7.129880082459693,7.138809819862906,7.455768388728738,7.419266465053231,7.363101290157609,7.343776484933484,7.352974114458793,7.021451783560072,6.9870761855355665,6.934182768400855,6.915983679985901,6.924645525267018,7.28,-0.6330856041838858,1.0893002156198353,-28.62689271386096,59.272136455782146,64.42468178852351,48.96704579029941,40.000000000000064,57.1428571428571,57.49999999999999,-0.5509641873278243,3.43839541547277,63.50364963503649,0.027025131640437943,0.0507282050597753,7.135892751182817,7.188281985353143,7.266000000000001,7.209,7.102499999999999,7.045333333333334,7.114749999999999,7.1485,0.01999999999999957,0.03000000000000025,0.03000000000000025,0.019147689738996717,7.088499999999999,7.35532391197192,6.8216760880280765,67.74193548387153,39701819,0.1983453044229976,0.2561557710098581,1.466807222836895,1.248407643312104,1.2922077922077948,33.33333333333333,7.33,63.908204683673276,67.00095445489418,7.088499999999999,7.2040000000000015,7.258000000000001,7.23,0,0,1,1,0,0,0,1,0,1.0,0,0.0,1,0,0.0,0,1,0,0,1.0
20170227,4988,000415XSHE20170227,20200210004725,0,131042,7.22,94132776.0,000415.XSHE,7.13,1500,7.14,7.22,311558.59375,618452.125,-1.108033241,7.22,2.0,7.205740057429604,7.204911349262718,7.170573650320952,7.145223729196254,7.1899215343622735,7.165883477044185,7.132476567651804,7.131166806287245,7.137549265791848,7.132394405817733,7.138058935901296,7.191685629786326,7.147818978871688,7.130373736973853,7.138839207026784,7.421912259152492,7.407436198679916,7.362253548237837,7.344284949083068,7.353004383237589,6.9895678557067145,6.975935060892737,6.933384409505536,6.916462524864638,6.92467403081598,7.27,-1.353965183752416,-0.01960399921584409,5.6114669106436565,50.12081824324867,59.656727273431905,31.049000182882228,54.545454545454604,23.076923076923126,48.14814814814814,-0.5571030640668528,0.5633802816901414,59.440559440559404,0.03055150446646308,0.028210982608201023,7.136196991835942,7.180853987606508,7.237999999999999,7.207000000000002,7.1075,7.0443333333333324,7.09875,7.147833333333334,-0.08000000000000007,0.0,0.009999999999999787,0.019290875504923196,7.102499999999999,7.368197196071014,6.836802803928982,53.33333333333386,39832861,0.03523817277312169,0.11679173859805965,1.1443952612522874,1.2352941176470609,1.2649006622516583,33.33333333333333,7.2,59.272136455782146,64.42468178852351,7.102499999999999,7.209,7.266000000000001,7.22,0,0,1,1,0,0,0,0,0,1.0,0,0.0,1,0,0.0,1,1,0,0,1.0
20170228,4989,000415XSHE20170228,20200210004725,0,138749,7.18,98932184.0,000415.XSHE,7.08,1500,7.14,7.14,311558.59375,618452.125,0.0,7.14,2.0,7.183826704953068,7.18868351194704,7.166497163611492,7.144748844723868,7.164960767181138,7.162648042413663,7.1329619503839465,7.131550858187801,7.137737783807861,7.132692664413116,7.138110016535473,7.182288242552447,7.147074314217241,7.130843310780006,7.138867868581678,7.399341506101662,7.397756889829021,7.361486543643759,7.344768610103405,7.353033904639129,6.9683119038044765,6.966819595275875,6.9326620847907225,6.9169180114566045,6.924701832524228,7.33,-0.998336106489198,-0.008402655239035961,29.138587081097512,44.019939434893026,54.4444646605856,23.17088898350785,61.2244897959185,24.000000000000114,48.74999999999997,-1.923076923076931,-0.4184100418410076,59.15492957746476,0.0320592160930856,0.0120616930129802,7.136478696144392,7.174568758743968,7.2120000000000015,7.207999999999999,7.1160000000000005,7.046999999999999,7.088749999999999,7.147166666666667,0.0,0.040000000000000036,0.05999999999999961,0.01942916363925124,7.1075,7.365833118279481,6.849166881720519,35.211267605634106,39971610,-0.08286035174472932,-0.023811089485803818,0.952968880597552,1.226950354609932,1.226950354609932,16.666666666666664,7.22,50.12081824324867,59.656727273431905,7.1075,7.207000000000002,7.237999999999999,7.14,0,0,1,1,0,0,0,0,0,1.0,0,0.0,1,0,0.0,0,1,0,0,1.0
20170301,4990,000415XSHE20170301,20200210004725,0,203983,7.26,147087952.0,000415.XSHE,7.13,1500,7.18,7.14,311558.59375,618452.125,0.5602240896,7.14,2.0,7.18255113663538,7.186512633960279,7.168297541796628,7.147953495203517,7.1724803835905675,7.164817037111955,7.135996663262402,7.133657342614418,7.140988723514947,7.134547854043975,7.13921238452138,7.181872198452004,7.1502100938155975,7.133241198059029,7.139883476764847,7.398027670734441,7.3973283644055625,7.364716396630067,7.3472384340008,7.354079981067791,6.967074602536317,6.966416032498443,6.9357037910011305,6.919243962117259,6.925686972461901,7.23,-0.02784739626844584,0.5517743606980008,3.900497512436337,38.605885549187896,49.16493829011971,17.487780067324294,59.090909090909186,17.391304347826072,53.086419753086396,-1.2379642365887191,0.27932960893854153,58.571428571428534,0.032787740452833974,0.0058281948779869705,7.139702496429992,7.17540433432182,7.182,7.222999999999999,7.1275,7.051,7.0840000000000005,7.147166666666666,0.040000000000000036,0.08000000000000007,0.009999999999999787,0.019106035937440057,7.1160000000000005,7.364022176427834,6.867977823572165,44.444444444444564,40175593,-0.10908103419941564,-0.09597069297207247,1.2921672918451654,1.3615384615384654,1.4173228346456719,33.33333333333333,7.14,44.019939434893026,54.4444646605856,7.1160000000000005,7.207999999999999,7.2120000000000015,7.14,0,0,1,0,0,0,0,0,0,1.0,0,0.0,1,0,0.0,0,1,0,0,1.0
20170302,4991,000415XSHE20170302,20200210004725,0,188925,7.28,136476416.0,000415.XSHE,7.16,1500,7.21,7.18,311558.59375,618452.125,0.4178272981,7.18,2.0,7.1917007577569185,7.1923844754702095,7.173857869557077,7.15359408654865,7.191240191795285,7.17046490747296,7.140771072084182,7.136976588587705,7.146297283244567,7.137506761728525,7.141075216507659,7.186986344188003,7.1559043705950645,7.136985529861027,7.141614748943491,7.4074517804896285,7.402595934513643,7.370581501712916,7.3510950957568575,7.355863191411796,6.975949735024211,6.971376753862362,6.941227239477213,6.922875963965197,6.927366306475187,7.22,0.4458066313736421,0.9634235142553508,-10.40364803242655,41.213447508982384,46.51444136307392,30.611459800799288,52.272727272727316,43.74999999999989,62.16216216216211,-1.6371077762619386,1.1220196353436196,56.390977443609025,0.0333935974641663,0.00484685609065863,7.14490971891666,7.1807267444261536,7.178,7.217999999999999,7.1405,7.062333333333332,7.079499999999999,7.147666666666666,0.03000000000000025,0.07000000000000027,0.01999999999999957,0.0169136416885586,7.1275,7.363929693566607,6.8910703064333925,89.0909090909099,39986668,-0.07263025011657431,-0.09085564215799496,1.6859361892989868,1.460317460317465,1.5203252032520358,33.33333333333333,7.14,38.605885549187896,49.16493829011971,7.1275,7.222999999999999,7.182,7.18,0,0,1,1,0,0,0,0,0,1.0,0,0.0,1,0,0.0,0,1,0,0,1.0
20170303,4992,000415XSHE20170303,20200210004725,0,272245,7.34,198390592.0,000415.XSHE,7.17,1500,7.31,7.19,311558.59375,618452.125,1.386962552,7.21,3.0,7.231133838504612,7.221788356602657,7.192010153616135,7.167812805953318,7.2506200958976414,7.187906794038839,7.15168906743359,7.14449934560563,7.158889799918063,7.1442712024450525,7.145520605546932,7.209352463426549,7.170580144824107,7.1454252601117085,7.145772409463405,7.448067853659752,7.425633037329344,7.385697549168829,7.359788017915059,7.360145581747307,7.014199823349474,6.993071889523753,6.955462740479383,6.931062502308358,6.931399237179504,7.14,1.5842134519177178,2.3264929029368617,-46.36614535418562,54.856584053607214,49.295155593251685,65.97944097431831,29.545454545454696,67.99999999999997,54.09836065573768,1.1065006915629207,3.9829302987197632,62.49999999999999,0.03541013976429811,0.016132338401054474,7.157138628626536,7.200614937591362,7.1960000000000015,7.231,7.160000000000001,7.080666666666668,7.0840000000000005,7.149833333333333,0.11999999999999922,0.03000000000000025,0.020000000000000462,0.015618053167472888,7.1405,7.364999443206438,6.916000556793564,154.16666666666808,40258913,0.058129813231612225,-0.0072502184424810484,2.5319499616583347,1.5483870967741975,1.5901639344262328,50.0,7.18,41.213447508982384,46.51444136307392,7.1405,7.217999999999999,7.178,7.21,0,0,1,1,0,0,0,0,0,1.0,0,0.0,1,0,0.0,0,1,0,0,1.0
20170306,4993,000415XSHE20170306,20200210004725,0,255207,7.45,187201632.0,000415.XSHE,7.28,1500,7.31,7.45,311558.59375,618452.125,0.0,7.31,4.0,7.257422559003075,7.243841267451992,7.2077421331339835,7.180738914503016,7.280310047948821,7.203168444783985,7.161902675986261,7.151695026231472,7.170513661462826,7.15077037097662,7.149849010664116,7.227652015530813,7.18385822626943,7.15345329620382,7.149827411698878,7.475145235773168,7.444481575996737,7.399373973057512,7.3680568950899366,7.364322234049842,7.0396998822329815,7.010822455064888,6.968342479481348,6.938849697317705,6.935332589347911,7.14,1.1065006915629334,2.289264524795749,-89.73355692193077,57.291776756458816,51.960695980987396,67.95393830740164,31.111111111111217,100.0,62.26415094339617,1.2465373961218815,0.6887052341597772,63.43283582089549,0.03812445492312516,0.021714521270616363,7.168461693172718,7.217443408731151,7.229999999999999,7.234,7.1775,7.096,7.087999999999999,7.152,-0.14000000000000054,0.0,0.029999999999999364,0.01588319500238217,7.160000000000001,7.373717102731626,6.946282897268376,338.09523809524086,40003706,0.15943429164846526,0.10878205244003873,1.5021538206852514,1.30434782608696,1.6280991735537234,50.0,7.19,54.856584053607214,49.295155593251685,7.160000000000001,7.231,7.1960000000000015,7.31,0,0,1,1,0,0,0,0,0,1.0,0,0.0,1,0,0.0,1,1,0,0,1.0
20170307,4994,000415XSHE20170307,20200210004725,0,294318,7.42,214722816.0,000415.XSHE,7.24,1500,7.42,7.31,311558.59375,618452.125,1.5047879617,7.31,4.0,7.3116150393353845,7.287880950588994,7.236043182049452,7.202489922275469,7.35015502397441,7.230272389185988,7.178554116245213,7.163360459873582,7.189704918273377,7.161328395644202,7.156958247225587,7.262624376343392,7.206347919005674,7.16645557443778,7.156498339805077,7.530963490515446,7.4805031076336945,7.422538356575845,7.3814492416709125,7.37119328999923,7.092266588155322,7.044745645053091,6.990157481435504,6.951461907204647,6.941803389610925,7.18,1.8391435629975343,3.758809710258452,-79.5379537953796,68.82514846826983,57.58218014341487,91.31108511797972,6.6666666666667185,100.0,62.9629629629629,3.9215686274509842,3.342618384401117,66.2068965517241,0.04280192411628855,0.03741975354530719,7.187094160345111,7.248605961234052,7.2860000000000005,7.249,7.202499999999999,7.114999999999998,7.0920000000000005,7.1560000000000015,0.11000000000000032,0.0,0.0699999999999994,0.017208658358418318,7.1775,7.381644556625936,6.973355443374064,333.80281690140987,40298024,0.3057742167678746,0.2326042542081699,2.631304403180875,1.2957746478873282,1.4885496183206164,66.66666666666666,7.45,57.291776756458816,51.960695980987396,7.1775,7.234,7.229999999999999,7.31,0,0,1,1,0,0,0,0,0,1.0,0,0.0,1,0,1.0,0,1,0,0,2.0
20170308,4995,000415XSHE20170308,20200210004725,0,292319,7.43,215641264.0,000415.XSHE,7.32,1500,7.42,7.35,311558.59375,618452.125,0.0,7.42,4.0,7.347743359556923,7.320910712941745,7.260570757776192,7.2222635657049725,7.3850775119872045,7.25398834053774,7.194131270035844,7.174518700748643,7.2074199245600425,7.171472380128742,7.1638803986143875,7.291238126099139,7.2266957362432285,7.178823595196913,7.163004553637053,7.5681756603436305,7.509975269882115,7.443496608330525,7.39418830305282,7.377894690246164,7.127311058770214,7.072500982316165,7.009894864155933,6.963458887341004,6.9481144170279405,7.21,1.1726206708480966,3.6892118501956688,-91.14256704294316,76.51406294281048,63.8928077432134,101.75657334200464,8.108108108108173,100.0,64.15094339622642,3.9215686274509842,1.923076923076919,67.60563380281688,0.048367105318303134,0.044521449616116586,7.20434644476399,7.274974274890352,7.334,7.257999999999999,7.224499999999999,7.133333333333334,7.09625,7.16,0.07000000000000027,0.009999999999999787,0.029999999999999364,0.017463307310588424,7.202499999999999,7.400739753833582,7.004260246166416,229.67032967033052,40005705,0.3898154613410103,0.3477948390544424,2.713185960226767,1.4436090225563958,1.480916030534357,66.66666666666666,7.31,68.82514846826983,57.58218014341487,7.202499999999999,7.249,7.2860000000000005,7.42,0,0,1,1,0,0,0,0,0,1.0,0,0.0,1,0,0.0,0,1,0,0,1.0
20170309,4996,000415XSHE20170309,20200210004725,0,181416,7.41,132837840.0,000415.XSHE,7.27,1500,7.27,7.39,311558.59375,618452.125,-2.0215633423,7.42,1.0,7.321828906371281,7.308183034706309,7.261827990072701,7.226603241549975,7.327538755993602,7.255989797970523,7.199026026807724,7.178670061585659,7.212233776516961,7.175336208358988,7.166673019703484,7.287376648626568,7.230819951839111,7.183271224699503,7.16564641651021,7.54148377356242,7.5059979480853665,7.447744550394285,7.398769361440487,7.3806158090055165,7.102174039180143,7.068755349167772,7.013895353283937,6.967773087958517,6.950677024014904,7.31,-1.034576640348508,1.567520746598149,-42.363524841545974,68.12649241232404,65.3040359662503,73.77140530447156,48.648648648648795,58.33333333333327,45.16129032258061,1.253481894150416,0.0,60.130718954248344,0.0516935504051486,0.02661156069476381,7.209209671077769,7.2742090018302985,7.346000000000001,7.261999999999999,7.233,7.146333333333333,7.0985,7.1615,-0.1200000000000001,0.020000000000000462,0.0,0.01772927841904871,7.224499999999999,7.415088562091223,7.033911437908776,135.11450381679336,39824289,0.2730233529397509,0.33141940714038065,1.9048148112070749,1.3380281690140892,1.3546099290780187,50.0,7.35,76.51406294281048,63.8928077432134,7.224499999999999,7.257999999999999,7.334,7.42,0,0,1,1,0,0,0,0,0,1.0,0,0.0,1,1,0.0,1,1,0,0,2.0
20170310,4997,000415XSHE20170310,20200210004725,0,125845,7.32,91436488.0,000415.XSHE,7.22,1500,7.25,7.26,311558.59375,618452.125,-0.2751031637,7.27,2.0,7.297885937580854,7.293637276029732,7.260250924729674,7.2287302195908865,7.288769377996801,7.255241073224207,7.202314670239483,7.181771363255848,7.2151388706310415,7.178264200188049,7.1688658349744445,7.2805808943308294,7.2326466230925295,7.186526286909282,7.1677292210408226,7.516822515708281,7.4989983211607525,7.4496260217853045,7.402122075516561,7.382761097672048,7.078949359453428,7.062163467500904,7.0156672243997535,6.970930498302004,6.9526973444095965,7.31,-1.1453504226888531,1.4723995073340297,1.8013671089667809,60.73297692353134,63.78034961867731,54.63823153323939,54.0540540540541,39.285714285714356,51.85185185185182,0.5547850208044388,-1.0914051841746255,60.92715231788078,0.05300551294139758,0.010495700289991848,7.2122311769238605,7.270484540010253,7.334,7.2650000000000015,7.237,7.156666666666666,7.10025,7.1626666666666665,-0.009999999999999787,0.0600000000000005,0.03000000000000025,0.018000555522879075,7.233,7.421478115440492,7.044521884559506,90.47619047619021,39698444,0.11972423757652945,0.1963737952581402,1.4501597218501194,1.3103448275862115,1.2945205479452109,33.33333333333333,7.39,68.12649241232404,65.3040359662503,7.233,7.261999999999999,7.346000000000001,7.27,0,0,1,1,0,0,0,0,0,1.0,0,0.0,1,0,0.0,1,1,0,0,1.0
20170313,4998,000415XSHE20170313,20200210004725,0,159593,7.27,114994928.0,000415.XSHE,7.15,1500,7.27,7.22,311558.59375,618452.125,0.275862069,7.25,2.0,7.288590625053903,7.287727957022298,7.261550801432383,7.232482017809898,7.2793846889984,7.2570859390711835,7.206681465707903,7.185607390940378,7.219358957505577,7.181861682533616,7.171527260369854,7.278657095361585,7.236204087559908,7.190598175352733,7.170254425459567,7.50724834380552,7.497016808222433,7.453290210186704,7.406316120613316,7.385362058223354,7.069932906302284,7.060297382500737,7.019117964933108,6.974880230092151,6.95514679269578,7.42,-0.7644007644007531,1.897793849690264,39.00839991804958,55.071984615687505,60.87756128434738,43.46083127836778,48.648648648648795,43.33333333333332,54.54545454545453,-0.5471956224350211,0.5532503457814543,59.86394557823126,0.05318433963106186,0.0014306135173142859,7.216510349003572,7.270409995393293,7.325999999999999,7.278,7.2425000000000015,7.1643333333333326,7.10275,7.164166666666667,0.049999999999999815,0.0,0.0699999999999994,0.01839067030331669,7.237,7.422566699598824,7.051433300401176,36.84210526315789,39858037,0.022626220703082626,0.07117522913980602,2.1071492473631332,1.3082191780821968,1.2317880794702036,33.33333333333333,7.26,60.73297692353134,63.78034961867731,7.237,7.2650000000000015,7.334,7.25,0,0,1,1,0,0,0,0,0,1.0,0,0.0,1,0,1.0,0,0,0,0,2.0
20170314,4999,000415XSHE20170314,20200210004725,0,156265,7.27,112534856.0,000415.XSHE,7.14,1500,7.17,7.26,311558.59375,618452.125,-1.3755158184,7.27,2.0,7.249060416702602,7.258295967766724,7.249344027908067,7.226801834372634,7.224692344499201,7.246200196687285,7.204314919533202,7.184928808725577,7.215562114620532,7.181396518512687,7.17148706930749,7.258901259841298,7.229898936363725,7.189593386311136,7.170248143349454,7.46653222920368,7.476668297636538,7.446795904454636,7.405281187900472,7.385355587649938,7.031588604201522,7.041134222046058,7.013001968272812,6.973905584721803,6.95514069904897,7.42,-1.4568444200109811,0.6005163317993127,109.85520784680055,39.940462862071264,53.89852847692201,12.024331632369778,75.67567567567572,6.8965517241378045,52.63157894736844,-1.915184678522568,-0.6925207756232663,52.41379310344828,0.050926904870460116,-0.018059478084813962,7.2130651379662725,7.254962303794326,7.275999999999999,7.2810000000000015,7.244499999999999,7.170999999999999,7.105500000000001,7.164,-0.08999999999999986,0.009999999999999787,0.03000000000000025,0.018803220260538076,7.2425000000000015,7.423991046611122,7.061008953388881,25.65445026178002,39701772,-0.11738274630441055,-0.04737826280066397,1.6110083288953538,1.1847133757961823,1.1172839506172882,33.33333333333333,7.22,55.071984615687505,60.87756128434738,7.2425000000000015,7.278,7.325999999999999,7.27,0,0,1,0,0,0,0,0,0,1.0,0,0.0,1,0,1.0,1,1,0,0,2.0
20170315,5000,000415XSHE20170315,20200210004725,0,107143,7.22,76739232.0,000415.XSHE,7.12,1500,7.17,7.17,311558.59375,618452.125,0.0,7.17,2.0,7.222706944468403,7.236221975825043,7.23876482418699,7.221638031247848,7.1973461722496,7.236675172101374,7.2021010537568655,7.1842797300853345,7.2120573365728,7.180949596218072,7.171447935904663,7.242737394415608,7.2241942757576565,7.1886376113691295,7.170242016353171,7.439388152802454,7.460019516248076,7.440920104030385,7.404296739710202,7.385349276843767,7.006025736134349,7.025455272583139,7.007468447484926,6.972978483028054,6.955134755862575,7.27,-0.7749792416274692,0.6570080862533718,229.61275626422784,31.677480291885878,46.4915124152433,2.0494160451710286,75.67567567567572,6.8965517241378045,52.63157894736844,-3.3692722371967654,0.4201680672268943,50.0,0.047144734373790326,-0.030257363973358375,7.209875127746549,7.24189118013366,7.226000000000001,7.2799999999999985,7.251499999999997,7.178333333333333,7.10825,7.163833333333333,0.0,0.049999999999999815,0.049999999999999815,0.018387335441790813,7.244499999999999,7.401506369297553,7.087493630702445,20.408163265306047,39594629,-0.2101427370474737,-0.16376274167594213,1.8229384361496488,1.1962025316455736,1.1687500000000044,16.666666666666664,7.26,39.940462862071264,53.89852847692201,7.244499999999999,7.2810000000000015,7.275999999999999,7.17,0,0,1,0,0,0,0,0,0,1.0,0,0.0,0,0,0.0,0,0,0,0,0.0
20170316,5001,000415XSHE20170316,20200210004725,0,152411,7.25,110116472.0,000415.XSHE,7.17,1500,7.23,7.17,311558.59375,618452.125,0.8368200837,7.17,3.0,7.225137962978934,7.234666481868782,7.237596180962059,7.222398210225317,7.213673086124799,7.235840775588702,7.2039009857725524,7.186267567907711,7.213437541451817,7.182873141464423,7.172988779696644,7.240421504521862,7.224747201875975,7.190655288863318,7.171717522122228,7.441892101868302,7.457634149657518,7.4414896179322545,7.4063749475292155,7.386869047785896,7.008383824089567,7.023208859386206,7.008004785819696,6.974935630197418,6.956565996458562,7.25,0.16625103906898814,1.5449438202247363,126.60357518401793,32.229431305701716,41.73748537872944,13.213323159646293,59.45945945945938,40.000000000000185,54.23728813559329,-2.560646900269535,1.260504201680683,52.44755244755246,0.043454969255196665,-0.029518120948749213,7.211365859024582,7.240061767805406,7.218000000000001,7.282000000000001,7.249999999999997,7.187666666666666,7.117250000000001,7.164666666666666,0.0600000000000005,0.01999999999999957,0.0,0.017829481070940432,7.251499999999997,7.408725952056266,7.09427404794373,46.206896551724036,39747040,-0.19416209840630028,-0.20215241772688697,2.0942070129074737,1.20382165605096,1.20382165605096,33.33333333333333,7.17,31.677480291885878,46.4915124152433,7.251499999999997,7.2799999999999985,7.226000000000001,7.17,0,0,1,0,0,0,0,0,0,1.0,0,0.0,0,0,1.0,0,0,0,0,1.0
20170317,5002,000415XSHE20170317,20200210004725,0,175005,7.24,125796488.0,000415.XSHE,7.11,1500,7.13,7.23,311558.59375,618452.125,-1.3831258645,7.23,1.0,7.193425308652621,7.208499861401586,7.2232500235004515,7.2139983729321076,7.1718365430623985,7.222610678640115,7.19913318023884,7.183821151911722,7.207019269032444,7.1807996849364075,7.171857496020419,7.220344867336069,7.215723658840168,7.1876964942846175,7.170687459847606,7.409228067912201,7.4369552133561525,7.432195368605372,7.403327389113157,7.385808083643035,6.977622549393043,7.003734521315987,6.999251949074964,6.972065599456079,6.955566836052178,7.27,-0.8896302474284132,0.1404494382022442,541.3629160063138,23.569620870467773,35.681530542642214,-0.6541984738810953,86.48648648648656,28.57142857142857,43.93939393939393,-1.9257221458046725,-0.696378830083563,50.0,0.03832206136154534,-0.04106326314921066,7.205338758356095,7.2231291881430355,7.194,7.263999999999999,7.2475,7.1946666666666665,7.1265,7.163833333333334,-0.10000000000000052,0.009999999999999787,0.01999999999999957,0.017327181583024976,7.249999999999997,7.413079735099122,7.0869202649008765,44.51612903225767,39922045,-0.23595499864026154,-0.2150585485232809,1.4919965438961609,1.041916167664674,1.0542168674698835,33.33333333333333,7.17,32.229431305701716,41.73748537872944,7.249999999999997,7.282000000000001,7.218000000000001,7.23,0,0,0,0,0,0,0,0,0,0.0,0,0.0,0,0,0.0,1,0,0,0,0.0
20170320,5003,000415XSHE20170320,20200210004725,0,96785,7.17,69131144.0,000415.XSHE,7.11,1500,7.15,7.11,311558.59375,618452.125,0.2805049088,7.13,2.0,7.178950205768415,7.19387489605119,7.213483353700393,7.208180339029188,7.160918271531201,7.2135343438101,7.195963297642785,7.182350667045996,7.202633171414565,7.179591854154588,7.1712822987567195,7.207554891456784,7.209464262760153,7.185857640904881,7.170176658369888,7.394318711941468,7.423781538200487,7.425748190642956,7.401433370132028,7.385281958120983,6.9635816995953626,6.99132824471308,6.993180334877348,6.970281911677733,6.95507135861879,7.17,-0.2789400278939969,0.4213483146067576,977.8838504375062,19.87974724697853,30.414269444087648,-1.1892971472397065,88.23529411764704,28.5714285714288,36.20689655172423,-1.3793103448275814,-0.8321775312066519,54.22535211267605,0.032785439637811976,-0.04429297378986692,7.2012395910704585,7.211878543813338,7.17,7.247999999999999,7.2410000000000005,7.200999999999998,7.1339999999999995,7.163333333333332,0.040000000000000036,0.01999999999999957,0.0,0.01584076102683696,7.2475,7.415178263349785,7.079821736650215,56.24999999999959,39825260,-0.2431304878481489,-0.2395427432442052,1.3947316056684749,1.0060606060606083,1.0060606060606097,50.0,7.23,23.569620870467773,35.681530542642214,7.2475,7.263999999999999,7.194,7.13,0,0,0,0,0,0,1,0,0,1.0,0,0.0,0,0,0.0,0,0,0,0,0.0
20170321,5004,000415XSHE20170321,20200210004725,0,138312,7.15,98198328.0,000415.XSHE,7.05,1500,7.08,7.14,311558.59375,618452.125,-0.9790209790000001,7.15,2.0,7.145966803845611,7.165406172038392,7.1956855732070055,7.196527580935626,7.1204591357656,7.196842550833838,7.188481794569057,7.1779006380439965,7.193199850536522,7.1756862912465635,7.168880132999964,7.184363093010094,7.197134332973473,7.180693853543668,7.167950074212606,7.360345807960979,7.399893985800397,7.4130483629626776,7.396114669149977,7.382988576438984,6.9315877997302415,6.9688322002197935,6.981220302984267,6.965273037937357,6.952911571986227,7.17,-1.0067114093959617,-0.5114945759091488,-3344.8940269751697,16.03094260909682,25.61982716575737,-3.1468265042242862,92.49999999999994,32.00000000000016,32.30769230769238,-2.6134800550206263,-3.1463748290013616,42.85714285714289,0.026094483000655432,-0.0535276530972524,7.192258880620796,7.191589537072824,7.151999999999999,7.2139999999999995,7.231500000000001,7.206333333333332,7.139750000000001,7.161666666666666,-0.05999999999999961,0.010000000000000677,0.03000000000000025,0.014827314394586382,7.2410000000000005,7.422027622201695,7.059972377798303,49.206349206349365,39963572,-0.2868835404333405,-0.2650070141407447,0.9662644853662165,0.9704142011834348,0.9588235294117676,33.33333333333333,7.11,19.87974724697853,30.414269444087648,7.2410000000000005,7.247999999999999,7.17,7.15,0,0,0,0,0,0,1,0,0,1.0,0,0.0,0,0,0.0,1,0,0,0,0.0
20170322,5005,000415XSHE20170322,20200210004725,0,138112,7.11,97695632.0,000415.XSHE,7.01,1500,7.05,7.06,311558.59375,618452.125,-0.4237288136,7.08,2.0,7.113977869230408,7.136554629028794,7.176260830112738,7.183206891759659,7.0852295678828,7.178487231979608,7.17954748524202,7.172339740737736,7.182184477418327,7.170757417080032,7.165751708447334,7.159933439735532,7.183121539356952,7.174318543614709,7.165037726701182,7.327397205307318,7.374731442927597,7.3986151855376585,7.389548099923152,7.379988858502219,6.900558533153495,6.945135436543465,6.9676278931762425,6.959088987306267,6.950086594900148,7.23,-1.0942760942760736,-0.877340981947013,-702.1761658031198,14.988370341548414,22.076008224354386,0.8130945759364678,90.9090909090909,28.571428571428708,17.543859649122865,-1.6736401673640184,-3.5567715458276306,44.628099173553736,0.018492655522387928,-0.06081461982613999,7.1817211857599945,7.1698065313693125,7.1279999999999974,7.1770000000000005,7.217500000000001,7.208666666666668,7.14425,7.1595,-0.009999999999999787,0.05000000000000071,0.040000000000000036,0.014763274326531878,7.231500000000001,7.422902716804127,7.040097283195879,43.511450381679325,39825460,-0.33191131947768177,-0.3093974299555111,1.0830860074556556,1.0000000000000029,0.9532163742690088,33.33333333333333,7.14,16.03094260909682,25.61982716575737,7.231500000000001,7.2139999999999995,7.151999999999999,7.08,0,0,0,0,0,0,1,0,0,1.0,1,1.0,0,0,0.0,1,0,0,0,1.0
20170323,5006,000415XSHE20170323,20200210004725,0,119134,7.12,84277632.0,000415.XSHE,7.01,1500,7.05,7.08,311558.59375,618452.125,0.0,7.05,2.0,7.092651912820273,7.114915971771596,7.159426052764371,7.171097174326963,7.0676147839414,7.162426327982156,7.171189582968341,7.167020621575228,7.17201644069384,7.166021832096503,7.162705610856615,7.139945541601797,7.170443297513431,7.168254224413992,7.162197289004857,7.30543147020488,7.354143907849853,7.385556596438834,7.3833018511464115,7.377063207675003,6.879872355435665,6.925747175353744,6.955329998588026,6.9532065976815725,6.947331370334712,7.13,-0.5922165820643077,-0.8410925764437829,-321.18959107807063,15.120452022570744,19.757489490426504,5.846377086859228,90.9090909090909,9.090909090909241,17.543859649122865,-1.6736401673640184,-4.986522911051215,39.63963963963965,0.0106762637026327,-0.06253113455804184,7.171964060888883,7.151374757312496,7.0920000000000005,7.1549999999999985,7.208500000000003,7.207000000000001,7.1485,7.157333333333333,-0.03000000000000025,0.040000000000000036,0.040000000000000036,0.01439783586867046,7.217500000000001,7.422172909785347,7.012827090214657,34.228187919463146,39706326,-0.3406409981245226,-0.3362761588011022,0.6938557573801751,1.0245398773006171,1.03703703703704,33.33333333333333,7.06,14.988370341548414,22.076008224354386,7.217500000000001,7.1770000000000005,7.1279999999999974,7.05,0,0,0,0,0,0,1,0,0,1.0,1,1.0,0,0,0.0,1,0,0,0,1.0
20170324,5007,000415XSHE20170324,20200210004725,0,169097,7.17,120436664.0,000415.XSHE,7.04,1500,7.16,7.08,311558.59375,618452.125,1.5602836879,7.05,3.0,7.115101275213513,7.126186978828697,7.1595025790624565,7.170088340297237,7.1138073919707,7.1621230369843865,7.170467674389738,7.166715377158912,7.171092099102006,7.165785681818209,7.162634410570915,7.143591806765107,7.169448697750247,7.167851579320628,7.1621430349553545,7.32855431346992,7.357899560968059,7.384532158682754,7.382887126700246,7.377007326004016,6.901648236957109,6.929284052562154,6.95436523681774,6.952816031941008,6.947278743906693,7.15,0.8734854888700955,0.7117337609362155,-108.32719233603494,29.31107057914979,22.94201652000093,42.0491786974475,64.28571428571419,56.5217391304348,39.62264150943404,-0.9681881051175696,-3.504043126684633,45.45454545454549,0.004865787676022708,-0.04648380821287992,7.171077834156374,7.152701717725956,7.098000000000001,7.145999999999999,7.205500000000002,7.206666666666668,7.153999999999999,7.1450000000000005,0.08000000000000007,0.009999999999999787,0.040000000000000036,0.014834167981943428,7.208500000000003,7.414167206914474,7.002832793085531,78.5714285714293,39875423,-0.21853265193322785,-0.2795868250288752,0.5805648913424731,0.9325153374233158,0.9687500000000032,33.33333333333333,7.08,15.120452022570744,19.757489490426504,7.208500000000003,7.1549999999999985,7.0920000000000005,7.05,0,0,0,0,0,0,1,0,0,1.0,0,0.0,0,0,0.0,0,0,0,0,0.0
20170327,5008,000415XSHE20170327,20200210004725,0,129957,7.21,92988312.0,000415.XSHE,7.13,1500,7.14,7.21,311558.59375,618452.125,-0.2793296089,7.16,4.0,7.123400850142343,7.129640234121523,7.156902235187463,7.167353036633853,7.12690369598535,7.1593576573613396,7.168502017977498,7.165553839021567,7.168700399171081,7.164774478609651,7.162038768187469,7.142938750989632,7.166644059869273,7.1664929656952285,7.161596293351519,7.337102875646613,7.357226913519321,7.38164338166535,7.381487754666088,7.376444182152065,6.909698824638072,6.928650588459942,6.951644738073193,6.951498176724372,6.9467484045509735,7.08,0.6200676437429606,0.4388926401080368,-28.591648973814497,37.59626927498872,27.826767438330197,57.135272948305776,69.04761904761907,47.82608695652161,39.62264150943397,0.1402524544179493,-1.7881705639614842,41.88034188034188,0.00028699712873138237,-0.036630324378330616,7.168775772367012,7.150747607306579,7.095999999999999,7.132999999999999,7.205499999999999,7.206000000000001,7.1564999999999985,7.134333333333332,-0.07000000000000027,0.0,0.009999999999999787,0.01430399717909685,7.205500000000002,7.411167206914473,6.999832793085528,116.66666666666704,39745466,-0.11452672973435785,-0.16652969083379285,0.6093964349598027,0.9285714285714312,0.9161290322580672,33.33333333333333,7.08,29.31107057914979,22.94201652000093,7.205500000000002,7.145999999999999,7.098000000000001,7.16,0,0,0,0,0,0,1,0,0,1.0,0,0.0,0,0,0.0,1,1,0,0,0.0
20170328,5009,000415XSHE20170328,20200210004725,0,110073,7.17,78456280.0,000415.XSHE,7.09,1500,7.1,7.12,311558.59375,618452.125,-0.5602240896,7.14,1.0,7.115600566761563,7.122230175591143,7.1493152704958005,7.161230033303503,7.113451847992676,7.151937950191171,7.16408253294669,7.162703672107588,7.163415753080999,7.1622343029779,7.160406169024641,7.1351317053551515,7.160297006548388,7.163249406393023,7.160075397219384,7.329068583764409,7.349185656515808,7.37510591674484,7.378146888584814,7.374877659135965,6.902132549758714,6.921077754194497,6.945488096351937,6.948351924201233,6.945273135302802,7.05,0.0,-0.13502869359739955,-43.540115798180494,37.56417951665912,31.07257146443984,50.54739562109766,77.50000000000007,54.999999999999865,34.545454545454625,-0.6993006993007091,-2.0689655172413843,44.144144144144136,-0.003918599817940728,-0.03364477557337688,7.163681270710198,7.142940283105568,7.1,7.126,7.203499999999997,7.205,7.15975,7.127000000000002,-0.020000000000000462,0.049999999999999815,0.009999999999999787,0.01361764756116612,7.205499999999999,7.414428217337916,6.996571782662082,138.09523809523859,39635393,-0.07955701456297122,-0.09704187214866454,0.6188154105697651,0.8471337579617859,0.8471337579617859,16.666666666666664,7.21,37.59626927498872,27.826767438330197,7.205499999999999,7.132999999999999,7.095999999999999,7.14,0,0,0,0,0,0,0,0,0,0.0,0,0.0,0,0,0.0,1,0,0,0,0.0
20170329,5010,000415XSHE20170329,20200210004725,0,134680,7.18,95986416.0,000415.XSHE,7.06,1500,7.12,7.1,311558.59375,618452.125,0.2816901408,7.1,2.0,7.117067044507707,7.1216726316933565,7.145406567763027,7.157481848457731,7.116725923996338,7.147945706417276,7.161238498563032,7.1608469907116055,7.160076079767077,7.160578055802296,7.159342848787151,7.13238048619967,7.156459196400922,7.161139679251901,7.159085881238657,7.330579055842938,7.346351900785661,7.3711529722929505,7.3759738696294574,7.373858457675817,6.903555033172476,6.91840907161368,6.941765420508896,6.9463054888743425,6.944313304801497,7.05,0.08434073657576929,0.12938066040389093,-27.482309974892413,40.98481532994667,34.376652752942114,54.20114048395578,64.51612903225802,68.42105263157889,44.68085106382985,0.5649717514124301,-2.0632737276478608,45.53571428571431,-0.007341802303617753,-0.02738561988541621,7.16044562102796,7.139411008781633,7.114,7.121,7.2005,7.207999999999999,7.164,7.122833333333333,0.020000000000000462,0.05999999999999961,0.040000000000000036,0.013908340680123074,7.203499999999997,7.41539384134514,6.991606158654856,181.0810810810833,39770073,-0.048821743965765614,-0.06418937926436842,0.5944011810713038,0.8607594936708883,0.8846153846153875,33.33333333333333,7.12,37.56417951665912,31.07257146443984,7.203499999999997,7.126,7.1,7.1,0,0,0,1,0,0,0,0,0,0.0,0,1.0,0,0,0.0,0,0,0,0,1.0
20170330,5011,000415XSHE20170330,20200210004725,0,287991,7.27,206701840.0,000415.XSHE,7.06,1500,7.2,7.09,311558.59375,618452.125,1.1235955056,7.12,3.0,7.144711363005139,7.141254473770018,7.152685692061291,7.161347134961572,7.1583629619981695,7.154452493115117,7.163739240591223,7.162549295463274,7.163147150554225,7.162124014398285,7.1604127738190675,7.144674943254277,7.160605939600836,7.1630353046542465,7.16009610639326,7.359052703895293,7.3590151915519035,7.375424117788861,7.377926363793873,7.374898989585057,6.9303700221149835,6.930334694956647,6.94578776141281,6.9481442455146185,6.945293223201463,7.16,0.7838745800671899,1.1605361508416026,29.73100519112657,51.682184578938866,40.14516336160771,74.75622701360123,26.92307692307671,77.7777777777777,52.72727272727274,2.1276595744680904,0.4184100418410076,52.67857142857145,-0.008802078438872266,-0.011682209082036092,7.1633755750258885,7.148732392045998,7.144,7.1179999999999986,7.2,7.205999999999999,7.17025,7.119666666666666,0.11000000000000032,0.0699999999999994,0.03000000000000025,0.01571850665522681,7.2005,7.412349002829845,6.988650997170154,210.0000000000012,40058064,0.04520306459515337,-0.0018093396853061173,1.0351449290036794,0.9490445859872628,0.8888888888888906,50.0,7.1,40.98481532994667,34.376652752942114,7.2005,7.121,7.114,7.12,0,0,1,1,0,0,0,0,0,1.0,0,1.0,0,0,0.0,0,0,0,0,1.0
20170331,5012,000415XSHE20170331,20200210004725,0,167782,7.24,120129912.0,000415.XSHE,7.12,1500,7.13,7.21,311558.59375,618452.125,-0.9722222222,7.2,4.0,7.139807575336761,7.138440855327513,7.149660933119786,7.1584973954196105,7.144181480999084,7.151395931475728,7.16156251539179,7.161134108704001,7.160597369742361,7.160864249127764,7.159612437665935,7.1420067717535,7.157691088210279,7.161423826378429,7.159352992655153,7.354001802596862,7.356266974906106,7.372421820856588,7.376266541169782,7.374133582434808,6.925613348076657,6.927746568600893,6.9429603555639705,6.946581111587077,6.944572402875498,7.14,-0.11207621182404044,0.07298450482819767,23.082687984012022,49.83940510390799,43.376577275707795,62.76506076030836,53.846153846153776,43.4782608695652,41.071428571428584,1.1347517730496466,-0.5578800557880059,49.57983193277313,-0.010052227677452487,-0.010001193908641777,7.160903310209157,7.145850485577384,7.138,7.1179999999999986,7.191,7.204333333333333,7.1755,7.119666666666666,-0.08000000000000007,0.03000000000000025,0.009999999999999787,0.015578254200808859,7.2,7.407643925988697,6.992356074011303,148.97959183673473,39890282,0.053983239899738,0.04959315224744569,0.8595518078446404,0.9870129870129891,0.9367088607594956,50.0,7.09,51.682184578938866,40.14516336160771,7.2,7.1179999999999986,7.144,7.2,0,0,1,1,0,0,0,0,0,1.0,0,0.0,1,0,1.0,1,1,0,0,2.0
20170405,5013,000415XSHE20170405,20200210004725,0,340903,7.31,246878048.0,000415.XSHE,7.13,1500,7.28,7.13,311558.59375,618452.125,2.1037868163,7.13,4.0,7.186538383557839,7.173830641495634,7.1670394753704825,7.1695430867451,7.2120907404995425,7.167471440041262,7.169203643431028,7.166302190934262,7.169782187454487,7.165536239358048,7.162780531411568,7.1670964496165,7.169339555999776,7.167208029969724,7.162331931108112,7.402134535064576,7.382109343104996,7.3844197426797695,7.382224270868818,7.3772018890413555,6.970942232051103,6.952083556128003,6.954259369319782,6.952191789070633,6.947461973174869,7.1,1.5908456600614118,2.0551209801777595,113.59649122806795,63.22627006927206,49.99314154022922,89.69252712735774,9.999999999999792,69.44444444444447,62.29508196721309,1.6759776536312865,0.6915629322268302,53.84615384615386,-0.008689065105775636,0.010905300573414826,7.169725287230701,7.166488872411633,7.166,7.131,7.1895,7.204333333333333,7.1835,7.121833333333332,0.15000000000000036,0.029999999999999364,0.0,0.017211620834175496,7.191,7.395594721339529,6.986405278660469,165.42056074766347,40231185,0.17246850873234645,0.11322587431604222,1.0522100421617475,1.0927152317880815,1.078947368421055,50.0,7.21,49.83940510390799,43.376577275707795,7.191,7.1179999999999986,7.138,7.13,0,0,1,1,0,0,0,0,0,1.0,0,0.0,0,0,1.0,0,0,0,0,1.0
20170406,5014,000415XSHE20170406,20200210004725,0,247514,7.35,179456928.0,000415.XSHE,7.21,1500,7.23,7.3,311558.59375,618452.125,-0.6868131868,7.28,4.0,7.2010255890385615,7.187872981121726,7.17543421198775,7.175039169768272,7.2210453702497714,7.175287510036102,7.173125989016124,7.169071660893642,7.174414326881065,7.168064229971456,7.164549464795472,7.178533458777137,7.175116741142656,7.170271052898031,7.164002747623964,7.417056356709717,7.39388946254045,7.3903702433769345,7.3853791844849725,7.378922830052682,6.984994821367403,6.963177455013822,6.959863238908375,6.955162921311088,6.949082665195242,7.12,0.5283648498331515,1.2463240442515109,175.06881635863076,63.71947416382851,54.56858574809566,82.0212509952942,35.29411764705861,67.56756756756762,56.24999999999998,1.260504201680683,1.4025245441795309,50.75757575757577,-0.0065373052149473535,0.01721407912662625,7.1741900807691685,7.176259815117534,7.192,7.145999999999999,7.18,7.2029999999999985,7.191249999999998,7.121333333333332,-0.0699999999999994,0.049999999999999815,0.020000000000000462,0.01773556766587954,7.1895,7.3661352173265575,7.012864782673442,217.52577319587533,39983671,0.21666597091136572,0.1945672398218561,0.9796095477712098,1.1258278145695386,1.140000000000002,50.0,7.13,63.22627006927206,49.99314154022922,7.1895,7.131,7.166,7.28,0,0,1,1,0,0,0,0,0,1.0,0,0.0,1,0,1.0,1,1,0,0,2.0
20170407,5015,000415XSHE20170407,20200210004725,0,214640,7.27,154489824.0,000415.XSHE,7.16,1500,7.17,7.22,311558.59375,618452.125,-0.8298755187000001,7.23,1.0,7.190683726025706,7.183404735841295,7.174709650389385,7.174581063425702,7.195522685124885,7.174626571281591,7.172924312305407,7.169112023463483,7.174074763274831,7.168140142521597,7.164692899932437,7.176981920817656,7.174629432462402,7.1702578308054425,7.164150827929545,7.406404237806479,7.392291378442186,7.389868315436273,7.3853655657296065,7.3790753527674315,6.9749632142449345,6.961672463193128,6.95939054948853,6.955150095881279,6.949226303091657,7.2,-0.4443210219383508,0.32181334825801844,91.71974522293007,56.458144066208256,55.198438520799854,58.97755515702505,52.94117647058817,56.097560975609724,57.1428571428571,0.9859154929577504,0.2797202797202737,44.53125000000003,-0.004946431727554509,0.012726987899142766,7.1738797044158975,7.1752967666379135,7.202000000000001,7.158,7.167499999999999,7.197666666666667,7.1960000000000015,7.12,-0.049999999999999815,0.049999999999999815,0.009999999999999787,0.017851298102984484,7.18,7.318112273169332,7.0418877268306685,169.02654867256453,39769031,0.1615652744580324,0.18911562268469906,0.7369840477146226,1.1324503311258298,1.1324503311258287,50.0,7.3,63.71947416382851,54.56858574809566,7.18,7.145999999999999,7.192,7.23,0,0,1,1,0,0,0,0,0,1.0,0,0.0,1,0,0.0,1,1,0,0,1.0
20170410,5016,000415XSHE20170410,20200210004725,0,262408,7.15,186335952.0,000415.XSHE,7.07,1500,7.08,7.14,311558.59375,618452.125,-1.2552301255,7.17,2.0,7.153789150683804,7.157553551880971,7.162081697004133,7.165982784932456,7.137761342562442,7.1627982498713925,7.166929195382477,7.165237587660723,7.1668382430229185,7.164683666344278,7.162464139407897,7.159348844305356,7.165617105561222,7.165855009790545,7.1620730297090605,7.368402825204318,7.374129309634516,7.380585618728057,7.3808306600842615,7.376935220600332,6.93917547616329,6.944568378976194,6.950648592394384,6.9508793594968274,6.94721083881779,7.13,-1.365282808581776,-0.992868130331406,-86.02576808721352,39.937613285518204,50.111496775705966,19.589846305142643,79.41176470588226,35.71428571428573,52.17391304347827,-0.5617977528089892,0.0,41.60583941605843,-0.005215130706092822,-0.0021495918283065095,7.166925652236942,7.160635725616696,7.178,7.1610000000000005,7.158,7.192666666666666,7.195500000000001,7.118333333333334,-0.05999999999999961,0.010000000000000677,0.009999999999999787,0.017420957917866076,7.167499999999999,7.302199665923861,7.0328003340761365,82.60869565217328,40031439,0.013926462390327006,0.0877458684241797,0.6711698162087477,1.0191082802547795,0.9812500000000011,33.33333333333333,7.22,56.458144066208256,55.198438520799854,7.167499999999999,7.158,7.202000000000001,7.17,0,0,1,0,0,0,0,0,0,1.0,0,0.0,1,0,0.0,1,0,0,0,1.0
20170411,5017,000415XSHE20170411,20200210004725,0,274459,7.11,192726944.0,000415.XSHE,6.85,1500,7.11,7.08,311558.59375,618452.125,0.4237288136,7.08,2.0,7.139192767122537,7.145665163910728,7.155137470736916,7.160893440847688,7.1238806712812215,7.156198468637467,7.163256344067478,7.162835953414606,7.1624660704826955,7.162539208840582,7.161083504160321,7.150376327158925,7.160320238364915,7.163130375166617,7.160787275889084,7.353368550136214,7.364887616973693,7.375129845515863,7.3780242864216135,7.3756108941657565,6.9250169841088605,6.935865037344159,6.945510631213965,6.948236463911617,6.945963657612412,7.28,-0.892110398661823,-0.6205971150620412,-214.7895335608645,43.958408857012174,48.06046746947471,35.75429163208713,47.99999999999986,47.368421052631646,54.166666666666686,-1.249999999999998,0.8510638297872412,37.98449612403106,-0.006144769219488045,-0.007437108107161782,7.162708937256428,7.152845613983359,7.174,7.1560000000000015,7.1510000000000025,7.189000000000001,7.194,7.117166666666668,0.03000000000000025,0.0,0.23000000000000045,0.01926213683810589,7.158,7.287290370871152,7.028709629128847,45.97156398104212,40305898,-0.07572284289795753,-0.030898190253815263,0.9645403784873928,0.8595505617977541,0.8287292817679559,33.33333333333333,7.14,39.937613285518204,50.111496775705966,7.158,7.1610000000000005,7.178,7.08,0,0,1,1,0,0,0,0,0,1.0,0,0.0,0,0,0.0,0,0,0,0,0.0
20170412,5018,000415XSHE20170412,20200210004725,0,159885,7.12,113070232.0,000415.XSHE,7.0,1500,7.0,7.08,311558.59375,618452.125,-1.5471167369999999,7.11,2.0,7.092795178081691,7.109248872933046,7.13445247463866,7.146266764406987,7.06194033564061,7.1366736600577845,7.152723676708287,7.155756129353101,7.149968680445564,7.156165122219383,7.156844464577152,7.123035176766393,7.145051644234923,7.155172795890197,7.156817219694292,7.305579033424142,7.336726232069386,7.3594031935619695,7.369827979766903,7.371521736285121,6.88001132273924,6.909344121463403,6.930700094907874,6.9405176120134895,6.942112703103462,7.23,-1.6577690362461408,-2.147170655334377,-198.27554577141828,39.30560590467481,45.14218028120807,27.632457151608282,69.99999999999993,8.82352941176476,38.88888888888891,-1.8232819074333784,-0.7092198581560258,35.000000000000036,-0.009180919224753668,-0.024289200042124984,7.1506564233855805,7.1293309041397634,7.117999999999999,7.142,7.137500000000001,7.184333333333332,7.19,7.114333333333334,-0.08000000000000007,0.040000000000000036,0.0,0.019855974373119898,7.1510000000000025,7.284097708470132,7.01790229152987,29.68036529680336,40146013,-0.21486213494393294,-0.14529248892094526,0.9341238869297872,0.7717391304347844,0.7340425531914894,33.33333333333333,7.08,43.958408857012174,48.06046746947471,7.1510000000000025,7.1560000000000015,7.174,7.11,0,0,1,0,0,0,0,0,0,1.0,0,0.0,0,0,0.0,1,0,0,0,0.0
20170413,5019,000415XSHE20170413,20200210004725,0,787151,7.7,599403264.0,000415.XSHE,7.0,1500,7.7,7.0,311558.59375,618452.125,10.0,7.0,3.0,7.295196785387795,7.2569366546997855,7.2098588113535085,7.196606149460899,7.380970167820305,7.207089452550561,7.188031826598074,7.179418906337747,7.192278781949753,7.177491980171562,7.171138031298808,7.227937871899778,7.197903868593501,7.181749732676039,7.170229140195668,7.514052688949429,7.444776008056772,7.4138409846513085,7.397202224656321,7.385336014401537,7.0763408818261615,7.011099735742785,6.981966752535696,6.9662972406957575,6.9551222659897975,7.17,6.766500277315577,7.4188778214893505,-6236.805555556301,59.53707060311654,49.94047705517757,78.73025769899448,0.0,73.7373737373737,69.99999999999999,5.769230769230767,7.5418994413407825,61.02564102564102,-0.0021892134828247907,0.05593364593543101,7.191348540171834,7.217126149656725,7.2120000000000015,7.202000000000001,7.164,7.202999999999999,7.204249999999999,7.125,0.7000000000000002,0.0,0.0,0.02782012290064871,7.137500000000001,7.4167418306772825,6.858258169322719,136.27906976744134,40933164,0.3241594688559901,0.05464866695602855,1.4123979790429009,1.2694610778443138,1.0486486486486482,33.33333333333333,7.08,39.30560590467481,45.14218028120807,7.137500000000001,7.142,7.117999999999999,7.0,0,0,1,1,0,0,0,0,0,1.0,0,0.0,0,0,0.0,0,0,0,0,0.0
20170414,5020,000415XSHE20170414,20200210004725,0,2701536,8.47,2242362880.0,000415.XSHE,7.88,1500,7.89,8.47,311558.59375,618452.125,2.4675324675,7.7,4.0,7.493464523591863,7.4152024910248375,7.300544303173039,7.259641954055362,7.635485083910153,7.292453270981741,7.233320095849812,7.210313736496974,7.245949644876694,7.205433471145227,7.190055451527786,7.348312804281638,7.2638177858703115,7.216298526204037,7.188001260190838,7.718268459299621,7.568762188410085,7.48173231944642,7.432787481990157,7.403641297996563,7.268660587884108,7.127863420153187,7.045903252294201,6.9998095704179155,6.972361222385112,7.08,7.25938009787928,9.781550020871007,-754.8675923818231,61.09055735681019,53.65717048905511,75.95733109232035,35.80246913580251,82.14285714285712,75.48387096774191,9.12863070539418,10.504201680672267,65.09433962264147,0.013757569893056995,0.1275742670070543,7.243100500159106,7.32064520355569,7.356,7.279000000000001,7.1999999999999975,7.226666666666667,7.22575,7.1388333333333325,-0.580000000000001,0.0,0.009999999999999787,0.033612549667570296,7.164,7.586137418384109,6.741862581615892,1899.9999999999734,43634700,0.9666073518841932,0.6453834103700916,0.4723759122406271,0.9178082191780832,1.6249999999999984,50.0,7.0,59.53707060311654,49.94047705517757,7.164,7.202000000000001,7.2120000000000015,7.7,0,0,1,1,0,0,0,0,0,1.0,0,0.0,1,0,0.0,1,1,0,0,1.0
20170417,5021,000415XSHE20170417,20200210004725,0,1479761,7.5,1077186432.0,000415.XSHE,7.1,1500,7.22,7.4,311558.59375,618452.125,-8.4917617237,7.89,1.0,7.402309682394576,7.366401868268628,7.289805062749966,7.25603814005033,7.4277425419550775,7.283396612109024,7.232460734827242,7.2107348783884095,7.243953518347718,7.206004707570902,7.190843465961267,7.324983203503157,7.259644663406473,7.2164790859013985,7.188791352531804,7.624378972866412,7.544732699608253,7.477434003308664,7.4329734584784415,7.4044550931077575,7.180240391922738,7.105233707398063,7.041855323504278,6.999984713324357,6.9731276119558485,7.11,-2.221018418201525,0.383738390523325,-23.198011599005145,48.34020696215329,51.88484931342117,41.25092225961754,77.16049382716051,54.11764705882352,52.27272727272726,0.6973500697350046,1.690140845070424,49.09747292418773,0.023760450731727733,0.08002304670936587,7.241389351999173,7.305161326085582,7.3839999999999995,7.2810000000000015,7.199499999999999,7.227,7.22475,7.144666666666668,-0.1800000000000006,0.09999999999999963,0.1200000000000001,0.036236049205889784,7.1999999999999975,7.6220177721376166,6.7779822278623785,130.64066852367642,42154939,0.7395125192966612,0.8530599355904271,0.34874843461177035,0.8252032520325205,0.9606986899563312,50.0,8.47,61.09055735681019,53.65717048905511,7.1999999999999975,7.279000000000001,7.356,7.89,0,0,1,1,0,0,0,0,0,1.0,0,1.0,1,0,0.0,1,1,0,0,2.0
20170418,5022,000415XSHE20170418,20200210004725,0,1178397,7.73,878483840.0,000415.XSHE,7.15,1500,7.51,7.22,311558.59375,618452.125,4.0166204986,7.22,2.0,7.438206454929718,7.4023014012014725,7.319164387716638,7.279125581863937,7.468871270977537,7.3117220355953965,7.250366493870647,7.223746405415,7.264418632320971,7.217926091587731,7.199242322120179,7.358622621048035,7.283488028796331,7.230797179272063,7.1967224302470685,7.661352648577608,7.579381299679477,7.501992669660221,7.447721094650224,7.4126241031544815,7.215060261281827,7.137863942416595,7.0649833879324415,7.013873263893901,6.980820757339656,7.0,0.6162915326902381,4.244746120318685,-134.09775306926156,45.807051555015775,49.858916727286044,37.703321210475245,59.25925925925928,60.20408163265304,56.43153526970954,6.073446327683612,5.477528089887636,55.74324324324325,0.03408606682338036,0.08260492873322106,7.261286437036271,7.336674968226262,7.4639999999999995,7.319000000000001,7.218499999999999,7.233666666666666,7.233,7.157166666666668,0.29000000000000004,0.22000000000000064,0.0699999999999994,0.04227605570493827,7.199499999999999,7.641055206061482,6.757944793938514,213.44262295081938,40976542,0.6180541730881425,0.6787833461924018,0.5481774620017174,1.0456431535269717,1.2307692307692306,66.66666666666666,7.4,48.34020696215329,51.88484931342117,7.199499999999999,7.2810000000000015,7.3839999999999995,7.22,0,0,1,1,0,0,0,0,0,1.0,0,1.0,1,0,1.0,0,1,0,0,3.0
20170419,5023,000415XSHE20170419,20200210004725,0,766552,7.64,569949312.0,000415.XSHE,7.26,1500,7.5,7.35,311558.59375,618452.125,-0.1331557923,7.51,2.0,7.458804303286477,7.426726050901103,7.343275802687754,7.299205074421762,7.484435635488769,7.335256781145972,7.266471881362864,7.235757431266522,7.282540275988588,7.228987813486249,7.207156997853858,7.384327599039303,7.304108216530013,7.24392902418562,7.2042107653026966,7.6825684323850725,7.605857427010482,7.523231463025914,7.4612468949111905,7.420337088261777,7.235040174187883,7.162797771068123,7.084984970034112,7.0266111534600535,6.988084442343617,7.7,-0.8461131676361721,3.950103950103952,-102.95863892630786,43.91251996671833,47.876784473763465,35.98399095262805,59.87654320987654,63.44086021505376,57.872340425531924,5.485232067510544,4.166666666666663,55.55555555555554,0.04383544806064823,0.07799504989814295,7.278968923181733,7.361801896191452,7.564,7.341000000000001,7.236000000000001,7.2399999999999975,7.238499999999998,7.168000000000001,0.15000000000000036,0.13999999999999968,0.08999999999999986,0.04487019489907747,7.218499999999999,7.675288791456183,6.761711208543817,184.18230563002663,40209990,0.5130128470890422,0.5655335100885923,0.6396188726300395,1.117886178861789,1.1618257261410785,50.0,7.22,45.807051555015775,49.858916727286044,7.218499999999999,7.319000000000001,7.4639999999999995,7.51,0,0,1,1,0,0,0,0,0,1.0,0,1.0,1,0,1.0,0,1,0,0,3.0
20170420,5024,000415XSHE20170420,20200210004725,0,544833,7.5,400315136.0,000415.XSHE,7.18,1500,7.29,7.44,311558.59375,618452.125,-2.8,7.5,2.0,7.4025362021909835,7.3925445381758275,7.336172362329386,7.298368249474327,7.387217817744384,7.329599683502724,7.267989824500744,7.238115803820151,7.283114100912543,7.231380448251495,7.209337076857705,7.367177126486702,7.30276457686049,7.246176388859492,7.206329018011272,7.624612288256714,7.588192440281304,7.5218475141663035,7.463561680525278,7.422518888551612,7.1804601161252535,7.146161812692101,7.0836816395546744,7.028791097193707,6.990139147470933,7.89,-2.5661587810745696,0.9359769605671444,-10.032926593065367,38.32851125353239,44.694026733686435,25.597480293224287,72.83950617283949,35.03649635036495,50.20746887966804,4.142857142857143,2.244039270687239,50.96153846153846,0.049262240576608655,0.04341434012768343,7.279786039983088,7.350755450623537,7.481999999999998,7.347000000000001,7.246499999999998,7.235666666666664,7.239,7.175333333333334,-0.15000000000000036,0.05999999999999961,0.11000000000000032,0.047323393448787485,7.236000000000001,7.687587200881512,6.7844127991184875,89.5615866388309,39665157,0.2332993560952112,0.37315610159212653,0.5966341786236959,1.0415094339622641,1.0570342205323189,50.0,7.35,43.91251996671833,47.876784473763465,7.236000000000001,7.341000000000001,7.564,7.5,0,0,1,0,0,0,0,0,0,1.0,0,1.0,1,0,1.0,1,1,0,0,3.0
20170421,5025,000415XSHE20170421,20200210004725,0,441372,7.36,316502560.0,000415.XSHE,7.05,1500,7.08,7.28,311558.59375,618452.125,-2.8806584362,7.29,2.0,7.29502413479399,7.31440840363187,7.302016047352136,7.278516590431208,7.233608908872192,7.298399723064884,7.2558614487265025,7.231241203654059,7.2674899393038865,7.225443960084769,7.205933469571974,7.31496310348912,7.281548902873776,7.238070223549273,7.2032097829986474,7.513874858837809,7.534411996593794,7.49999536995999,7.455212330255753,7.419306076488607,7.07617341075017,7.095514210384446,7.063102435787562,7.020928116842796,6.987113489508689,7.22,-3.2786885245901667,-1.9987819057637892,90.07311129163341,30.28485112375411,39.890968197042326,11.07261697717766,85.80246913580245,20.863309352517987,47.08171206225681,-8.051948051948052,-2.747252747252749,49.22600619195046,0.048232530832048766,-0.008237677956479129,7.264987074058413,7.3091007659122225,7.32,7.337999999999999,7.248000000000002,7.224333333333332,7.23275,7.1788333333333325,-0.20000000000000015,0.08000000000000007,0.03000000000000025,0.0501677543688168,7.246499999999998,7.695659214533109,6.797340785466889,9.491059147180259,39223785,-0.18104440581199935,0.026127475141605905,0.4967918599446228,1.0253623188405794,1.0401459854014592,33.33333333333333,7.44,38.32851125353239,44.694026733686435,7.246499999999998,7.347000000000001,7.481999999999998,7.29,0,0,0,0,0,0,0,0,0,0.0,0,1.0,1,0,1.0,1,1,1,0,4.0
20170424,5026,000415XSHE20170424,20200210004725,0,476503,7.02,325126656.0,000415.XSHE,6.68,1500,6.72,7.0,311558.59375,618452.125,-5.0847457627,7.08,2.0,7.1033494231959935,7.165806302723903,7.224413907705183,7.22774235493746,6.9768044544360945,7.226099757681774,7.22128974235705,7.2090133252343165,7.225375328588202,7.205622628316738,7.193145746688503,7.206787993763824,7.228068054981035,7.212798505327357,7.191278677245597,7.316449905891873,7.42299163357674,7.4449100966304655,7.429182460487179,7.407017037562964,6.890248940500113,6.990584353950911,7.011226013331604,6.996414550167537,6.975540316928227,7.51,-6.925207756232696,-6.883937479215182,455.0888397609181,20.93477970633887,33.572238700141185,-4.340138281265752,97.76536312849164,26.85185185185185,42.160278745644604,-14.828897338403038,-7.053941908713702,43.977591036414566,0.03735646820236017,-0.0870085010375088,7.224617661165197,7.218469878848804,7.2200000000000015,7.3020000000000005,7.2315,7.206,7.2200000000000015,7.176166666666667,-0.28000000000000025,0.01999999999999957,0.040000000000000036,0.05409733467551574,7.248000000000002,7.7465689521019145,6.749431047898089,43.228200371057646,39700288,-0.7802660252639358,-0.4806552155379677,0.4786799360222948,0.9240924092409236,0.8867313915857599,16.666666666666664,7.28,30.28485112375411,39.890968197042326,7.248000000000002,7.337999999999999,7.32,7.08,0,0,0,0,0,0,0,0,0,0.0,0,1.0,0,0,1.0,1,0,1,0,3.0
20170425,5027,000415XSHE20170425,20200210004725,0,312365,6.93,213271200.0,000415.XSHE,6.68,1500,6.81,6.7,311558.59375,618452.125,1.3392857143,6.72,2.0,7.005566282130662,7.076854727042928,7.1691587200111595,7.189765777215872,6.893402227218047,7.1740872879715525,7.1947549202694985,7.191664919789348,7.193423380235265,7.190108015441573,7.183062963880911,7.1346447221704015,7.188252049744746,7.193149797750414,7.1818643889185445,7.2157332705945825,7.348684063835515,7.4038996112370885,7.408944291682928,7.397320320586102,6.795399293666742,6.920605380505291,6.9726044882524025,6.977355303817903,6.966408457250988,7.5,-3.8135593220339046,-5.542609853528634,957.0665192556062,16.377376415026653,27.840617938436342,-6.549106631792718,92.7374301675978,10.227272727272712,45.29616724738676,-5.6786703601108055,-5.020920502092054,46.239554317548745,0.022229798003144736,-0.12101336159372345,7.193905241819628,7.155628359025911,7.08,7.272,7.2139999999999995,7.191333333333333,7.20975,7.174000000000001,0.10999999999999943,0.1200000000000001,0.020000000000000462,0.05411158525018565,7.2315,7.762401120737184,6.700598879262813,19.180633147113614,39387923,-1.0886867625767471,-0.9344763939203417,0.5471086319860976,0.9672131147540975,0.916932907348242,33.33333333333333,7.0,20.93477970633887,33.572238700141185,7.2315,7.3020000000000005,7.2200000000000015,6.72,0,0,0,0,0,0,1,0,0,1.0,0,1.0,0,0,1.0,0,0,1,0,2.0
20170426,5028,000415XSHE20170426,20200210004725,0,391394,7.08,270172640.0,000415.XSHE,6.75,1500,6.93,6.78,311558.59375,618452.125,1.7621145374,6.81,2.0,6.980377521420442,7.040141045282196,7.137270890676337,7.166150706559887,6.911701113609022,7.1435763769751075,7.177673957671466,7.180288184146332,7.17316004329409,7.1799077011105314,7.176403412199835,7.097436590866692,7.1636566164357225,7.180313222250395,7.175645515118087,7.1897888470630535,7.310359688592694,7.378566314928794,7.395722618917907,7.39091488057163,6.770966195777827,6.884513493140693,6.9487469179426515,6.9649038255828835,6.960376149664544,7.29,-0.516795865633069,-3.816793893129788,21266.6666666875,15.573744425660227,23.7516601008443,-0.7820869247079187,86.03351955307264,21.212121212121204,46.95945945945946,-7.723035952063914,-2.118644067796615,48.3695652173913,0.007095758083038113,-0.12107231936085301,7.1743567053885435,7.120916303791156,6.965999999999998,7.2650000000000015,7.203500000000001,7.1800000000000015,7.2045,7.1721666666666675,0.14999999999999947,0.15000000000000036,0.03000000000000025,0.0571592042978047,7.2139999999999995,7.758473139833362,6.669526860166638,30.801687763713183,39779317,-1.0564395054280105,-1.072563134002379,0.6392812406851267,1.0945945945945936,1.0195439739413676,33.33333333333333,6.7,16.377376415026653,27.840617938436342,7.2139999999999995,7.272,7.08,6.81,0,0,0,0,0,0,1,0,0,1.0,0,1.0,0,0,1.0,0,0,1,0,2.0
20170427,5029,000415XSHE20170427,20200210004725,0,352744,6.93,241134112.0,000415.XSHE,6.72,1500,6.89,6.85,311558.59375,618452.125,-0.5772005772,6.93,2.0,6.950251680946961,7.002605783961648,7.104301438586159,7.141046096872626,6.900850556804513,7.11187932985322,7.159114347499113,7.167666958748666,7.151378501502237,7.168538771655214,7.168866480299839,7.059720847072747,7.137594081537082,7.166151601652813,7.168592539436159,7.1587592313753685,7.271512472484932,7.3517219039831945,7.381136149702399,7.383650315619245,6.741744130518551,6.847929221660566,6.9234662590909695,6.951167053603228,6.9535347632530735,7.08,0.058088875980243385,-4.308213660731647,-842.1652421652137,17.049162950440145,21.51749438404292,8.1125000832346,88.26815642458101,25.609756097560965,48.09688581314879,-8.133333333333338,-3.094233473980318,47.8494623655914,-0.007903898961092958,-0.11999725635304855,7.153293245730135,7.0853907185925165,6.886,7.183999999999998,7.193,7.1706666666666665,7.198249999999999,7.1708333333333325,0.040000000000000036,0.040000000000000036,0.1299999999999999,0.0511161907076213,7.203500000000001,7.763432138745402,6.643567861254599,31.80778032036625,39426573,-0.9297636720994042,-0.9931015887637074,0.6527696079698271,1.055016181229773,0.9478527607361958,33.33333333333333,6.78,15.573744425660227,23.7516601008443,7.203500000000001,7.2650000000000015,6.965999999999998,6.93,0,0,0,0,0,0,1,0,0,1.0,0,1.0,0,0,1.0,0,0,1,0,2.0
20170428,5030,000415XSHE20170428,20200210004725,0,255539,7.03,177657920.0,000415.XSHE,6.84,1500,6.97,6.87,311558.59375,618452.125,1.1611030479,6.89,3.0,6.95683445396464,6.994454337971233,7.086394580108005,7.1254964517023875,6.935425278402255,7.094144413621567,7.146913421854008,7.159072743150897,7.137426309078988,7.160752937472657,7.1636331518708944,7.043407965786795,7.121632740438312,7.156583230840481,7.1636890199439085,7.16553948758358,7.254710204760399,7.335281722651462,7.371280727765696,7.3785996905422255,6.7481294203457,6.83210572681319,6.907983758225162,6.941885733915267,6.948778349345592,6.72,1.5442890442890425,-3.1809973607445494,-383.3333333333262,20.572457839975964,21.202482202687264,19.312409114553358,83.79888268156425,42.02898550724636,33.92070484581497,-4.389574759945134,-0.42857142857143216,47.42547425474255,-0.02073865275310004,-0.10267803033605664,7.139715968268643,7.0676383003475145,6.864,7.0920000000000005,7.1855,7.1640000000000015,7.1930000000000005,7.171166666666667,0.09999999999999963,0.0600000000000005,0.03000000000000025,0.0463643391184277,7.193,7.760608139476522,6.625391860523478,56.213017751479356,39171034,-0.6957532597816795,-0.8127584659405418,0.7165376359517753,1.1254125412541245,1.0062305295950154,50.0,6.85,17.049162950440145,21.51749438404292,7.193,7.183999999999998,6.886,6.89,0,0,0,0,0,0,1,0,0,1.0,0,1.0,0,0,1.0,0,0,1,0,2.0
20170502,5031,000415XSHE20170502,20200210004725,0,324328,7.11,227141120.0,000415.XSHE,6.9,1500,7.01,6.91,311558.59375,618452.125,0.5738880918,6.97,4.0,6.9745563026430935,6.998340753478424,7.076208636093602,7.114996774274897,6.972712639201128,7.083626361918872,7.138080297863429,7.1525913195356425,7.127624285303682,7.154841057571769,7.1595901741900825,7.037333790189196,7.111001050872758,7.149432829336067,7.1598942293280095,7.183792991722387,7.248453803894871,7.324331082398943,7.363915814216149,7.37469105620785,6.7653196135638005,6.826213776483519,6.897671019346577,6.934949844455986,6.945097402448169,6.81,1.2713088702687096,-2.5576869613566884,-256.5222667151977,25.173305226650648,22.52608987734173,30.46773592526848,81.56424581005588,89.1891891891892,29.24528301886793,-0.9887005649717556,-8.961038961038968,48.247978436657675,-0.030858223902820187,-0.08095656919776124,7.130107378026521,7.05877086952482,6.922000000000001,7.0710000000000015,7.175999999999998,7.156666666666666,7.188,7.172166666666668,0.09999999999999963,0.10000000000000052,0.009999999999999787,0.043819893312870936,7.1855,7.758156965381545,6.612843034618456,173.56321839080547,39495362,-0.43857708128264455,-0.567165170532162,0.6345350509079989,1.1906354515050157,1.0404984423676016,66.66666666666666,6.87,20.572457839975964,21.202482202687264,7.1855,7.0920000000000005,6.864,6.97,0,0,0,0,0,0,1,0,0,1.0,0,1.0,0,0,1.0,0,0,1,0,2.0
20170503,5032,000415XSHE20170503,20200210004725,0,303266,6.99,208723504.0,000415.XSHE,6.8,1500,6.84,6.96,311558.59375,618452.125,-2.42510699,7.01,1.0,6.929704201762061,6.9587555651088175,7.044714151281122,7.089997067522634,6.906356319600564,7.053173066679013,7.118849310904497,7.139000392599309,7.105499340280322,7.142494349431701,7.151179906448238,7.001454919245705,7.085191426980115,7.134338544978211,7.1519956063816394,7.137595327814924,7.211498566823076,7.297747169789518,7.348368701327558,7.3665554745730875,6.721813075709199,6.791411271668334,6.872635684170714,6.9203083886288645,6.937435738190189,6.93,-1.2702078521939966,-4.830810329474633,-323.42467017252085,23.28626852508417,22.779482759922548,24.29984005540743,91.06145251396649,53.33333333333336,38.27160493827161,1.7857142857142874,-13.307984790874526,46.61458333333334,-0.04138740511071652,-0.08423344966317063,7.1086179426171485,7.025113812674848,6.928,7.004,7.161499999999998,7.147,7.1762500000000005,7.1708333333333325,-0.1200000000000001,0.03000000000000025,0.040000000000000036,0.0388746351385848,7.175999999999998,7.766974618744324,6.585025381255674,110.23255813953553,39192096,-0.3929184636615218,-0.4157477724720832,1.103392297892465,1.1525974025974015,0.961538461538462,66.66666666666666,6.91,25.173305226650648,22.52608987734173,7.175999999999998,7.0710000000000015,6.922000000000001,7.01,0,0,0,0,0,0,1,0,0,1.0,0,1.0,0,0,1.0,1,0,1,0,3.0
20170504,5033,000415XSHE20170504,20200210004725,0,368163,7.02,255470032.0,000415.XSHE,6.76,1500,6.94,6.82,311558.59375,618452.125,1.4619883041,6.84,2.0,6.93313613450804,6.9540666738316155,7.030752264443638,7.076360970475122,6.9231781598002815,7.039026433344136,7.107310645684852,7.130348201616731,7.0927686217972195,7.134553394552026,7.1456225404890725,6.990281297564668,7.071363672029627,7.124858615954883,7.146761146964809,7.141130218543283,7.199989736491608,7.283504582190517,7.338604374433528,7.361163981373752,6.725142050472798,6.780572858637727,6.8592227618687405,6.911112857476237,6.9323583125558645,6.89,0.14430014430015406,-3.3480028967745556,-152.73886801047502,28.26927705593849,24.609414191927858,35.58900278395974,85.4748603351955,51.1627906976745,30.069930069930106,1.9089574155653568,-3.8781163434902965,47.704081632653065,-0.04993159302654705,-0.06835350332664422,7.096127724645508,7.01201937995564,6.93,6.9479999999999995,7.144499999999999,7.14,7.166999999999999,7.1705000000000005,0.1200000000000001,0.07999999999999917,0.0600000000000005,0.03755436616644263,7.161499999999998,7.757401837553803,6.565598162446196,80.42553191489358,39560259,-0.2934940244403804,-0.3432062440509511,2.2364326994621666,1.180645161290321,0.9594202898550726,66.66666666666666,6.96,23.28626852508417,22.779482759922548,7.161499999999998,7.004,6.928,6.84,0,0,0,0,0,0,1,0,0,1.0,0,1.0,0,0,1.0,0,0,1,0,2.0
20170505,5034,000415XSHE20170505,20200210004725,0,263406,6.93,180173056.0,000415.XSHE,6.74,1500,6.75,6.87,311558.59375,618452.125,-2.7377521614,6.94,2.0,6.872090756338693,6.903050005373711,6.993318629184487,7.0466917913410185,6.836589079900142,7.00289812917612,7.08425834596325,7.113811323285568,7.0664018047358965,7.1194728692754765,7.135211421002518,6.9465937889165446,7.040757608026806,7.106572829810742,7.1369645754348126,7.078253479028853,7.154991602584043,7.251980336267611,7.319770014705066,7.351073512697858,6.665928033648533,6.738195975249049,6.829534879786001,6.8933756449164205,6.922855638171767,6.97,-2.202260214430614,-5.857740585774069,-89.35883879650032,24.27254129310629,24.49712322565401,23.82337742801087,93.33333333333331,37.93103448275867,26.70807453416151,-2.5974025974025934,-10.119840213049264,44.41687344913153,-0.059701259984180875,-0.0781573356610705,7.070488633931028,6.971708706116312,6.902000000000001,6.894,7.1205,7.129,7.15025,7.1676666666666655,-0.1200000000000001,0.05999999999999961,0.009999999999999787,0.035979606221312306,7.144499999999999,7.762932696418939,6.526067303581059,85.71428571428584,39296853,-0.3727793255920073,-0.3331366750161938,1.365483546698992,1.1809523809523794,0.8977900552486188,50.0,6.82,28.26927705593849,24.609414191927858,7.144499999999999,6.9479999999999995,6.93,6.94,0,0,0,0,0,0,1,0,0,1.0,0,1.0,0,0,1.0,1,0,1,0,3.0
20170508,5035,000415XSHE20170508,20200210004725,0,318704,6.84,212260304.0,000415.XSHE,6.52,1500,6.53,6.72,311558.59375,618452.125,-3.2592592593000003,6.75,2.0,6.758060504225797,6.809787504030282,6.931542811959889,6.999719810310018,6.683294539950071,6.943785863029103,7.048499742997879,7.088428222273152,7.025140127448518,7.096356286166634,7.119284804660347,6.870849463658991,6.992114026309968,7.0784473259175344,7.121977795794447,6.9608023193525685,7.076974947568762,7.2018774470992675,7.290800745695062,7.335637129668279,6.555318689099022,6.664723979749222,6.782350605520668,6.8660939061400095,6.9083184619206115,7.01,-4.16788963897857,-8.722393066815764,-119.48955916473258,16.746665946816663,21.91363746604156,6.412722908366875,99.1735537190082,19.444444444444507,26.543209876543237,-5.2249637155297455,-12.93333333333333,42.822966507177036,-0.0731007916403586,-0.10719625324942184,7.030452438825026,6.903753520559954,6.814,6.8389999999999995,7.088500000000002,7.111666666666666,7.1279999999999974,7.160166666666666,-0.1899999999999995,0.1200000000000001,0.010000000000000677,0.03650153456593641,7.1205,7.78953736816414,6.4514626318358586,43.558282208588885,39615557,-0.6428954028723176,-0.5078373642321625,0.8536887947790625,1.1415662650602396,0.8710526315789471,50.0,6.87,24.27254129310629,24.49712322565401,7.1205,6.894,6.902000000000001,6.75,0,0,0,0,0,0,1,0,0,1.0,0,1.0,0,0,1.0,1,0,1,0,3.0
20170509,5036,000415XSHE20170509,20200210004725,0,187709,6.6,122794960.0,000415.XSHE,6.49,1500,6.6,6.5,311558.59375,618452.125,1.0719754977,6.53,2.0,6.7053736694838655,6.757340628022712,6.887337103698571,6.963381645736378,6.641647269975035,6.900812630150466,7.019564275707692,7.067192212609103,6.9924370407217085,7.076891333767942,7.105619415064021,6.821604106630084,6.954769833328066,7.055108431970339,7.109089455157545,6.9065348795683805,7.0262522298289865,7.163412928327907,7.266761684929451,7.322362138812273,6.504212459399349,6.6169559834311835,6.746126738328223,6.843455179011228,6.895816771502821,6.84,-1.9607843137255117,-7.581146553897001,-100.43829296424414,17.07842245916807,20.301899130417066,10.631469116670075,90.4347826086957,22.666666666666657,33.78378378378377,-5.308464849354378,-9.465020576131693,41.70731707317073,-0.08678960596859811,-0.10951051462591603,6.998567072986134,6.857022209704577,6.732000000000001,6.827000000000001,7.0645,7.096666666666667,7.111250000000001,7.151833333333332,0.09999999999999963,0.0,0.009999999999999787,0.03310867742307926,7.088500000000002,7.790653117204503,6.3863468827954994,21.937321937321812,39427848,-0.7572952840237146,-0.7000953434480162,1.2157165031379435,1.1580547112461992,0.8684210526315785,50.0,6.72,16.746665946816663,21.91363746604156,7.088500000000002,6.8389999999999995,6.814,6.53,0,0,0,0,0,0,1,0,0,1.0,0,1.0,0,0,1.0,0,0,1,0,2.0
20170510,5037,000415XSHE20170510,20200210004725,0,217989,6.61,141765504.0,000415.XSHE,6.37,1500,6.38,6.59,311558.59375,618452.125,-3.3333333332999997,6.6,2.0,6.596915779655911,6.663005471017034,6.819692156538762,6.910346950669434,6.510823634987518,6.835711051381657,6.9783020643717135,7.037314290321749,6.945326499127732,7.049562261855472,7.086524167299178,6.74131245087916,6.900029849201582,7.022176313337639,7.091087246388224,6.794823253045587,6.943551824405535,7.10703074467763,7.2328416027377695,7.3038198637798715,6.399008306266233,6.539073077352786,6.693028953725535,6.811511023937512,6.8783546289965765,6.94,-3.9156626506024192,-10.451113044942863,-94.60355029585756,11.836065423229153,17.479954561354425,0.548287146978609,99.11504424778765,21.25,37.3134328358209,-8.987161198288158,-9.887005649717516,40.04683840749414,-0.10325430724680652,-0.1317176102256672,6.952747289801977,6.783634177442336,6.6400000000000015,6.784000000000002,7.0280000000000005,7.070666666666666,7.089499999999999,7.1386666666666665,-0.21,0.020000000000000462,0.009999999999999787,0.033199360955962404,7.0645,7.826723064463415,6.302276935536583,28.366762177650394,39645837,-0.9569169278360152,-0.8571061059298649,1.3876108636924098,1.0488505747126429,0.7959697732997483,33.33333333333333,6.5,17.07842245916807,20.301899130417066,7.0645,6.827000000000001,6.732000000000001,6.6,0,0,0,0,0,0,1,0,0,1.0,0,1.0,0,0,1.0,1,0,1,0,3.0
20170511,5038,000415XSHE20170511,20200210004725,0,216085,6.42,136140544.0,000415.XSHE,6.18,1500,6.31,6.3,311558.59375,618452.125,-1.0971786834000001,6.38,2.0,6.501277186437273,6.5747541032627765,6.751733202333593,6.855769955154033,6.410411817493758,6.769997169958952,6.935185802154184,7.005691929872977,6.89645522996406,7.020559820214082,7.0660893207913045,6.6628920052647675,6.843836530230003,6.987436005369951,7.071801141539132,6.696315502030393,6.862778765422712,7.049151626136903,7.197059085531048,7.283955175785307,6.306238870844156,6.4630052451068245,6.638521434323102,6.777812925208853,6.8596471072929575,6.75,-3.1317163033466477,-11.226786719189636,-100.00526011256609,12.550208490038068,15.836705870915642,5.977213728282923,88.98305084745766,9.090909090909015,31.060606060606066,-7.748538011695911,-6.101190476190479,39.95327102803738,-0.12147724550415075,-0.14578350605875395,6.905136379446273,6.710767380912746,6.513999999999999,6.722,6.9935,7.042999999999999,7.0655,7.1244999999999985,0.009999999999999787,0.11000000000000032,0.1200000000000001,0.03224094272337619,7.0280000000000005,7.852118316748268,6.2038816832517325,7.843137254901969,39429752,-1.115241764649228,-1.0360793462426217,2.182711070226081,1.0655270655270646,0.7726161369193155,33.33333333333333,6.59,11.836065423229153,17.479954561354425,7.0280000000000005,6.784000000000002,6.6400000000000015,6.38,0,0,0,0,0,0,1,0,0,1.0,0,1.0,0,0,1.0,0,0,1,0,2.0
20170512,5039,000415XSHE20170512,20200210004725,0,257784,6.52,165207856.0,000415.XSHE,6.29,1500,6.36,6.32,311558.59375,618452.125,0.7923930269,6.31,2.0,6.454184790958183,6.5210655774470805,6.699502108689115,6.810699959230938,6.38520590874688,6.718747523714082,6.898077040724881,6.977618367704588,6.855189443043747,6.994655513539021,7.0475080228757445,6.607820731580264,6.797756860684289,6.956829370961661,7.054225804711004,6.647810334686929,6.8060553535276735,7.001689566504817,7.165534252090511,7.2658525788523365,6.260559247229438,6.409586109632857,6.593824154863759,6.748124489832811,6.842599030569675,6.53,-1.1808576755748854,-10.32654672607296,-67.72753214489522,14.818418563251205,15.497276768360827,13.460702153031962,80.64516129032253,19.047619047619072,27.20000000000004,-8.357348703170027,-6.607929515418492,41.509433962264154,-0.138772344089334,-0.138360788681466,6.864755906894697,6.656803168464631,6.436,6.669000000000001,6.9265,7.0183333333333335,7.045249999999999,7.111666666666666,0.040000000000000036,0.15999999999999925,0.03000000000000025,0.03280939942390836,6.9935,7.7945312103782225,6.192468789621778,32.558139534883644,39687536,-1.0954411674114588,-1.1053414660303431,2.133243305705728,1.0621468926553659,0.7761557177615575,33.33333333333333,6.3,12.550208490038068,15.836705870915642,6.9935,6.722,6.513999999999999,6.31,0,0,0,0,0,0,1,0,0,1.0,0,1.0,0,0,1.0,0,0,1,0,2.0
20170515,5040,000415XSHE20170515,20200210004725,0,152870,6.43,97595552.0,000415.XSHE,6.32,1500,6.36,6.42,311558.59375,618452.125,0.0,6.36,2.0,6.4227898606387885,6.4807991830853116,6.6542351608639,6.76972723566449,6.37260295437344,6.6739040832498215,6.863362392936178,6.950765395195693,6.8170979474249975,6.969767062027688,7.0294157064842775,6.562762416747487,6.756065731095308,6.927715743109872,7.037084426816907,6.615473556457952,6.759645289249914,6.958747703028169,7.13554721540317,7.2481969596214135,6.230106164819626,6.3658795442450655,6.5533837591624495,6.719884270816578,6.8259718940124,6.6,-0.6560449859418764,-10.118711136235143,-67.52824345599552,17.021802851691305,16.005452129470985,19.054504296131945,80.64516129032253,29.268292682926845,28.099173553719048,-5.777777777777772,-8.225108225108219,41.092636579572456,-0.15426296285367902,-0.12392495011476012,6.827366580458054,6.611141142546995,6.401999999999999,6.608,6.850000000000001,6.992999999999999,7.025,7.1005,-0.05999999999999961,0.009999999999999787,0.040000000000000036,0.03181299073618106,6.9265,7.631312031679369,6.221687968320631,43.07692307692301,39534666,-0.975479363918348,-1.0354602656649037,1.5620898956007434,1.0478873239436608,0.7818627450980395,33.33333333333333,6.32,14.818418563251205,15.497276768360827,6.9265,6.669000000000001,6.436,6.36,0,0,0,0,0,0,1,0,0,1.0,0,1.0,0,0,1.0,1,0,1,0,3.0
20170516,5041,000415XSHE20170516,20200210004725,0,201215,6.52,129273392.0,000415.XSHE,6.31,1500,6.51,6.36,311558.59375,618452.125,2.358490566,6.36,3.0,6.451859907092526,6.488099387313984,6.635003806082046,6.746115668785901,6.441301477186719,6.653416072843593,6.840564819198361,6.931601682361097,6.793475028392304,6.951736981163855,7.0157468721031115,6.553169250066127,6.732630899562423,6.9073393653971955,7.0240699965251325,6.645415704305303,6.749764327568111,6.934609826549297,7.1145595463591125,7.234792096420887,6.258304109879751,6.3565741725641445,6.530651972575551,6.70011918443528,6.813347896629377,6.38,1.9736842105263068,-7.816482582837717,-48.9624147438689,24.443106663032303,18.81800364065809,35.69331270778073,64.51612903225808,40.816326530612265,32.03125000000001,-0.30627871362940984,-5.515239477503628,44.235294117647065,-0.16506576590255045,-0.0864224243909712,6.803857944868568,6.595580966770532,6.3839999999999995,6.558,6.8145,6.97,7.007000000000001,7.087999999999999,0.14999999999999947,0.009999999999999787,0.05000000000000071,0.03204307678836457,6.850000000000001,7.548182640861259,6.151817359138744,73.8396624472572,39735881,-0.6678073640870174,-0.8216433640026827,1.4414683558410648,1.0819209039548008,0.8152709359605914,50.0,6.42,17.021802851691305,16.005452129470985,6.850000000000001,6.608,6.401999999999999,6.36,0,0,0,0,0,0,1,0,0,1.0,0,1.0,0,0,1.0,0,0,1,0,2.0
20170517,5042,000415XSHE20170517,20200210004725,0,311573,6.67,205935984.0,000415.XSHE,6.47,1500,6.6,6.53,311558.59375,618452.125,1.3824884793,6.51,4.0,6.501239938061683,6.516074540485487,6.630336631937773,6.732832426169001,6.5206507385933605,6.646739063738145,6.825044508282338,6.9171842179106156,6.778592333900589,6.937943374059389,7.004806164942504,6.5616839318722855,6.719999385318383,6.892347201231479,7.0135991324134,6.696277136203535,6.758534449828455,6.921599366877934,7.099117617268423,7.224007106385804,6.306202739919834,6.364833413916117,6.5183994037588295,6.685576785194535,6.803191158440997,6.31,2.6757934038581164,-6.353755781946127,-16.197371949584426,34.9620711086882,24.199359463334797,56.48749439939501,54.838709677419395,80.55555555555549,34.58646616541353,0.0,-5.308464849354378,34.890109890109876,-0.17055192038667635,-0.04388923587300736,6.788757356359786,6.5962608180366065,6.428,6.534000000000002,6.7689999999999975,6.952333333333334,6.99375,7.078333333333334,0.0699999999999994,0.07000000000000027,0.0600000000000005,0.032295602040889826,6.8145,7.44030827735018,6.18869172264982,158.82352941176438,40047454,-0.29404024755624164,-0.4809238058216295,1.486073067539115,1.121813031161471,0.8725,50.0,6.36,24.443106663032303,18.81800364065809,6.8145,6.558,6.3839999999999995,6.51,0,0,0,0,0,0,1,0,0,1.0,0,1.0,0,0,1.0,0,0,0,0,2.0
20170518,5043,000415XSHE20170518,20200210004725,0,177048,6.62,115794824.0,000415.XSHE,6.49,1500,6.51,6.54,311558.59375,618452.125,-1.3636363636000002,6.6,4.0,6.504159958707789,6.514555905364117,6.6142917476794025,6.7125749328809095,6.515325369296678,6.629646680770876,6.804719056135089,6.899480556262327,6.757931385139004,6.921161280959022,6.991784950075594,6.5522868533500525,6.699999443859488,6.8736961182445775,7.001164585934057,6.699284757469022,6.748855458950554,6.9009994271752735,7.079907001791915,7.211199523512079,6.309035159946555,6.355718247749553,6.498999460543704,6.66748523469724,6.791129648356034,6.36,0.6493506493506603,-7.4205751016809325,-21.64151637835864,39.974714072458795,29.457810999709462,61.008520217957496,64.51612903225808,76.31578947368423,36.8,2.0376175548589326,-7.132667617689017,30.50847457627119,-0.17346528437775055,-0.023306911928593577,6.768108663296098,6.5829899229540505,6.467999999999999,6.4910000000000005,6.719499999999999,6.926666666666666,6.97775,7.0655,-0.03000000000000025,0.08000000000000007,0.01999999999999957,0.030546132149744755,6.7689999999999975,7.3060093109062425,6.231990689093753,295.50561797753056,39870406,-0.10597587836086987,-0.20000806295855575,1.0762208161263338,1.1970149253731321,0.8969072164948457,50.0,6.53,34.9620711086882,24.199359463334797,6.7689999999999975,6.534000000000002,6.428,6.6,0,0,0,0,0,0,0,0,0,0.0,0,1.0,0,0,1.0,1,0,0,0,2.0
20170519,5044,000415XSHE20170519,20200210004725,0,123410,6.57,80404248.0,000415.XSHE,6.45,1500,6.49,6.5,311558.59375,618452.125,-0.3072196621,6.51,4.0,6.499439972471858,6.5084169290230856,6.597719514655482,6.6923408480735525,6.50266268464834,6.612190845674517,6.784414600900568,6.88167705381614,6.7373212785898495,6.904252995431218,6.978580082968342,6.540961970922772,6.6799994968252525,6.854979234427769,6.988543238133216,6.694423171646014,6.737190830050454,6.880399481730009,7.0606286114606025,7.198199535277213,6.304456773297702,6.3447331117950885,6.479599511920494,6.649329857394936,6.77888694098922,6.36,-0.06159531875576778,-7.46021787486453,-23.736375804703865,47.73824475578888,35.5512889184026,72.11215643056144,66.66666666666663,68.57142857142863,30.769230769230738,2.8526148969889165,-5.11695906432748,37.37024221453288,-0.17453707562406864,-0.008574329970544692,6.747508021570461,6.56868378096112,6.494,6.464999999999999,6.6795,6.902000000000001,6.962999999999999,7.052499999999998,-0.009999999999999787,0.07000000000000027,0.040000000000000036,0.029580315794097894,6.719499999999999,7.196384682077332,6.242615317922665,165.51724137931097,39746996,-0.03761269096054926,-0.07179428466070957,1.2306492520106875,1.216867469879516,0.9216710182767632,50.0,6.54,39.974714072458795,29.457810999709462,6.719499999999999,6.4910000000000005,6.467999999999999,6.51,0,0,0,1,0,0,0,0,0,0.0,0,1.0,0,0,1.0,1,0,0,0,2.0
20170522,5045,000415XSHE20170522,20200210004725,0,149182,6.49,95601752.0,000415.XSHE,6.3,1500,6.42,6.47,311558.59375,618452.125,-1.0785824345000001,6.49,1.0,6.472959981647906,6.486312696767316,6.5740235793680855,6.667582589157775,6.46133134232417,6.588166989965202,6.760903981487628,6.8616041384328295,6.712911949467554,6.885262681884893,6.963880607100755,6.518968885300449,6.655237639984751,6.833760735187391,6.974505133487952,6.667148781097344,6.714537951859463,6.854894769184294,7.038773557243013,7.183740287492591,6.278771182198469,6.323399818741436,6.4555805107852064,6.628747913131769,6.765269979483312,6.51,-1.3218567476175884,-8.196533775667781,-38.239575306105095,48.15202711610417,39.75153498430312,64.95301137970625,71.4285714285714,57.14285714285711,34.28571428571426,0.9433962264150882,-7.492795389048998,29.588014981273407,-0.1751174234992248,-0.004642783001249151,6.723248168120798,6.545809353120947,6.506,6.453999999999999,6.646499999999999,6.876999999999999,6.94725,7.037333333333335,-0.049999999999999815,0.020000000000000462,0.1200000000000001,0.027639357933659854,6.6795,7.131662581379751,6.227337418620249,98.8304093567256,39896178,-0.08585177728083537,-0.06173223412069233,0.8372725399594613,0.9627507163323764,0.7039800995024881,33.33333333333333,6.5,47.73824475578888,35.5512889184026,6.6795,6.464999999999999,6.494,6.49,0,0,0,1,0,0,0,0,0,0.0,0,1.0,0,0,1.0,1,0,0,0,2.0
20170523,5046,000415XSHE20170523,20200210004725,0,141284,6.41,89290000.0,000415.XSHE,6.21,1500,6.22,6.39,311558.59375,618452.125,-3.1152647975,6.42,2.0,6.388639987765272,6.419734522575487,6.526820435452341,6.6268932628707065,6.3406656711620855,6.542146116219553,6.726006950423909,6.833708306327053,6.674995645662357,6.859173949261957,6.944304801650738,6.4646109061549115,6.613786436176679,6.8038211871294685,6.955875377105534,6.5802991873982295,6.658549233339561,6.81220002926198,7.007935822743352,7.1645516384187005,6.196980788132312,6.270672578970267,6.41537284309138,6.5997065515155855,6.747199115792368,6.6,-3.5359801488833846,-10.788560282263852,-59.6108169357827,34.822439846110264,38.10850327157217,28.250312995186434,95.23809523809523,19.148936170212746,34.95145631067958,-2.201257861635229,-7.8518518518518565,27.62237762237762,-0.17815107655569734,-0.02426922445178048,6.685970526037773,6.495684837256187,6.4479999999999995,6.416,6.6215,6.848333333333333,6.9265,7.020500000000001,-0.16999999999999993,0.020000000000000462,0.009999999999999787,0.029188125350594483,6.646499999999999,7.133584181635986,6.159415818364012,48.01762114537484,39754894,-0.3341078049856809,-0.20997979113325813,0.9171245002877813,1.0974025974025958,0.46485260770975106,33.33333333333333,6.47,48.15202711610417,39.75153498430312,6.646499999999999,6.453999999999999,6.506,6.42,0,0,0,0,0,0,0,0,0,0.0,0,1.0,0,0,1.0,1,0,0,0,2.0
20170524,5047,000415XSHE20170524,20200210004725,0,123656,6.3,77111832.0,000415.XSHE,6.12,1500,6.26,6.2,311558.59375,618452.125,0.6430868167,6.22,2.0,6.345759991843513,6.379800891931613,6.491244377392027,6.593539329882461,6.300332835581043,6.506877851692108,6.695941985880432,6.80876446692153,6.6430729036883305,6.8356769316438415,6.926296780554664,6.427408923217657,6.580092489874139,6.777293324342664,6.938693269028853,6.5361327915988205,6.620231190914185,6.777495264570363,6.9806121240729455,7.14685406709972,6.1553871920882095,6.234586655521127,6.382689715177915,6.5739745246123835,6.7305324709579875,6.51,-1.8808777429467105,-9.959150796847148,-60.67640410363421,31.699808382255306,35.972271641799885,23.15488186316617,82.71604938271608,9.523809523809533,33.00000000000001,-3.8402457757296466,-4.134762633996944,30.855018587360593,-0.18151916568740084,-0.02694471305362811,6.654417153738681,6.459425631524466,6.38,6.404000000000001,6.5939999999999985,6.819999999999998,6.903999999999999,7.004500000000001,0.05999999999999961,0.040000000000000036,0.08000000000000007,0.02830176922572342,6.6215,7.124745466944313,6.118254533055687,13.888888888888967,39631238,-0.4788947985781244,-0.4065013017819027,1.3495996498170586,1.1818181818181803,0.6774193548387103,33.33333333333333,6.39,34.822439846110264,38.10850327157217,6.6215,6.416,6.4479999999999995,6.22,0,0,0,0,0,0,0,0,0,0.0,0,1.0,0,0,1.0,0,0,0,0,2.0
20170525,5048,000415XSHE20170525,20200210004725,0,260636,6.47,166593472.0,000415.XSHE,6.3,1500,6.46,6.37,311558.59375,618452.125,3.1948881789,6.26,3.0,6.383839994562344,6.399850668948711,6.4870784604064236,6.581399390802237,6.380166417790521,6.501018120230594,6.680719922275242,6.7936007944466805,6.628990372635382,6.820944502951926,6.914025812645332,6.433334573541718,6.5686551098861266,6.761815601203997,6.926873682139252,6.575355194399212,6.6263346107479695,6.765714763182711,6.964670069240117,7.13467989260343,6.192324794725473,6.240334536335466,6.371595456589541,6.5589611331678785,6.719067471675075,6.49,1.4128728414442675,-6.865430639254928,-6.976744186046293,41.739266194230815,37.894603159276855,49.428592264138715,52.77777777777778,45.28301886792455,54.08163265306123,-2.1212121212121167,-2.1212121212121167,38.43283582089553,-0.18131570998713128,0.0016276456021563912,6.640015883091371,6.459513995905317,6.37,6.419,6.5705,6.8020000000000005,6.8870000000000005,6.993166666666667,0.08999999999999986,0.009999999999999787,0.07000000000000027,0.027129861643773297,6.5939999999999985,7.075725025299701,6.112274974700296,53.57142857142825,39891874,-0.3222988854791297,-0.4005968420286271,1.4254244460548793,1.0384615384615363,0.6149584487534628,33.33333333333333,6.2,31.699808382255306,35.972271641799885,6.5939999999999985,6.404000000000001,6.38,6.26,0,0,0,1,0,0,0,0,0,0.0,0,1.0,0,0,1.0,0,0,0,0,2.0
20170526,5049,000415XSHE20170526,20200210004725,0,176906,6.51,114633136.0,000415.XSHE,6.42,1500,6.5,6.45,311558.59375,618452.125,0.6191950464,6.46,4.0,6.422559996374897,6.4248880017115315,6.488801332352235,6.5739994461838505,6.4400832088952615,6.500890855201769,6.669060572451032,6.7808355425142155,6.619068036278813,6.808358444012635,6.9031303965230855,6.445455560170496,6.5621165279922105,6.749044108462338,6.916333591222234,6.615236796266142,6.6388192269756106,6.758980023831977,6.951515431716208,7.123823598958901,6.229883196483649,6.252091893365381,6.3652530321524425,6.546572785208468,6.708843583485566,6.42,2.008788449466417,-6.107355405327331,16.03994218893734,50.85648049312357,42.21522893722576,68.13898360491919,30.90909090909091,50.90909090909089,60.00000000000002,-0.1536098310291826,1.8808777429467105,45.338983050847474,-0.17783291284487096,0.027862377138082702,6.629644336195713,6.465742611919883,6.372000000000001,6.4330000000000025,6.550999999999998,6.7620000000000005,6.872000000000001,6.9825,0.049999999999999815,0.009999999999999787,0.03000000000000025,0.024898124827130826,6.5705,7.029973611864707,6.111026388135293,72.9166666666662,39714968,-0.09374594971241428,-0.208022417595772,2.0810264670056493,0.9785714285714262,0.6294117647058827,50.0,6.37,41.739266194230815,37.894603159276855,6.5705,6.419,6.37,6.46,0,0,1,1,0,0,0,0,0,1.0,0,1.0,0,0,1.0,0,0,0,0,2.0
20170531,5050,000415XSHE20170531,20200210004725,0,170797,6.62,111661248.0,000415.XSHE,6.44,1500,6.46,6.53,311558.59375,618452.125,-0.6153846154,6.5,4.0,6.435039997583264,6.43366600128365,6.484961154705272,6.563635860167136,6.450041604447629,6.495779498301547,6.655572793583223,6.766886171100555,6.6068320334881365,6.794697328561159,6.891469070298794,6.44810000377586,6.552391144373903,6.734944395854419,6.905066095142671,6.628091197510762,6.6415430038891365,6.748962878705123,6.936992727730052,7.112218077996952,6.2419887976557655,6.254657003662584,6.355819410042686,6.532896063978788,6.697914112288392,6.22,1.2539184952977926,-6.4933561068812775,31.287337109605254,54.510380934809646,46.313612936420384,70.90391693158818,38.18181818181819,53.846153846153854,55.31914893617019,-0.4622496147919915,2.3771790808240945,42.42424242424243,-0.17271012145732206,0.040982331100391456,6.617078089070105,6.464859133162979,6.380000000000001,6.443,6.525499999999999,6.714333333333332,6.855500000000001,6.9705,-0.07000000000000027,0.08999999999999986,0.01999999999999957,0.025954942787681484,6.550999999999998,6.969400525812287,6.13259947418771,154.26356589147215,39544171,0.03633933175500515,-0.028703308978704562,1.4561372241799886,1.053231939163496,0.7197452229299368,50.0,6.45,50.85648049312357,42.21522893722576,6.550999999999998,6.4330000000000025,6.372000000000001,6.5,0,0,1,1,0,0,0,0,0,1.0,0,1.0,0,0,0.0,1,0,0,0,1.0
20170601,5051,000415XSHE20170601,20200210004725,0,138480,6.49,88872424.0,000415.XSHE,6.31,1500,6.35,6.42,311558.59375,618452.125,-1.7027863777,6.46,1.0,6.4066933317221775,6.412749500962738,6.466966334077902,6.544214418333759,6.400020802223816,6.477557061013856,6.635858419803661,6.74876068540053,6.587075723219818,6.7772582176371925,6.8772198842383006,6.430263639452977,6.533115797290675,6.716166620446888,6.891360759460138,6.598894131673843,6.623171548636567,6.7291092712093965,6.917651619060293,7.098101582243942,6.214492531770512,6.237355730269388,6.337122323371954,6.51468162183348,6.684619936676332,6.26,-0.8741804558226808,-7.850819910027576,-13.809109370466066,51.67358728987307,48.100271054237936,58.82021976114329,58.18181818181826,65.11627906976742,49.52380952380949,-1.0903426791277304,-0.15723270440252635,37.39130434782609,-0.16818930309086,0.0361665469316963,6.597294526916762,6.447188497291752,6.4060000000000015,6.4270000000000005,6.4925,6.6853333333333325,6.83425,6.956166666666666,-0.07000000000000027,0.07000000000000027,0.040000000000000036,0.02556378200535993,6.525499999999999,6.885937234480567,6.165062765519432,158.06451612903106,39405691,-0.012938296770224641,0.011700517492390256,1.0198609590426475,1.0996015936254957,0.7278688524590169,50.0,6.53,54.510380934809646,46.313612936420384,6.525499999999999,6.443,6.380000000000001,6.46,0,0,1,1,0,0,0,0,0,1.0,0,1.0,0,0,0.0,1,0,0,0,1.0
20170602,5052,000415XSHE20170602,20200210004725,0,175341,6.37,110299496.0,000415.XSHE,6.22,1500,6.33,6.34,311558.59375,618452.125,-0.3149606299,6.35,2.0,6.381128887814786,6.3920621257220525,6.448704156200848,6.5247403803034185,6.365010401111907,6.459112428387122,6.616125618526006,6.730553699078769,6.5673006675875225,6.7597186796906366,6.862819360968871,6.412033886825162,6.513771435643943,6.697329224327527,6.877499999967294,6.572562754449228,6.6043949034299185,6.709184578713264,6.8982491010573534,7.083824999966312,6.189695021180341,6.219672870220407,6.318358292574626,6.4964093475977025,6.671174999968275,6.46,-1.4018691588785024,-7.927272727272726,-56.26477541371196,48.44905819324871,48.216533433908204,48.91410771192975,61.81818181818181,58.53658536585369,40.21739130434784,1.7684887459807126,-0.4716981132075511,37.71929824561405,-0.16421852939707415,0.03176618955028676,6.577494932330335,6.429159497708405,6.42,6.4,6.466999999999999,6.646000000000001,6.81425,6.9398333333333335,-0.009999999999999787,0.03000000000000025,0.11000000000000032,0.0249031472215024,6.4925,6.821808366125126,6.163191633874874,140.62499999999994,39581032,-0.10274927632509216,-0.057843786547658385,0.9985532875517646,1.199134199134197,0.8273381294964041,50.0,6.42,51.67358728987307,48.100271054237936,6.4925,6.4270000000000005,6.4060000000000015,6.35,0,0,1,1,0,0,0,0,0,1.0,0,1.0,0,0,0.0,1,0,0,0,1.0
20170605,5053,000415XSHE20170605,20200210004725,0,109162,6.41,69657192.0,000415.XSHE,6.31,1500,6.4,6.31,311558.59375,618452.125,1.1058451817000001,6.33,3.0,6.387419258543191,6.394046594291541,6.442210268707401,6.513400345730381,6.382505200555954,6.451723374838733,6.6021820302340055,6.716181799118822,6.5544313854654055,6.745612064800809,6.850639904101268,6.4098459074024055,6.502936060820713,6.682825359726187,6.865709876511311,6.579041836299486,6.602141284624477,6.698024142645334,6.883310120517971,7.071681172806651,6.195796680786893,6.2175505301803335,6.307847978996089,6.4823405989344005,6.659738580215971,6.5,-0.12484394506865044,-6.705539358600582,-25.586891444775723,50.96603879549915,49.13303522110518,54.63204594428709,49.09090909090903,39.285714285714356,38.888888888888935,2.2364217252396257,-1.689708141321036,37.44493392070486,-0.1593095712031083,0.0392716655517269,6.564347159565125,6.424673421137881,6.408,6.3889999999999985,6.44,6.609333333333335,6.79225,6.924666666666666,0.09000000000000075,0.009999999999999787,0.0,0.02446871941812299,6.466999999999999,6.715354585220405,6.218645414779592,80.64516129032278,39471870,-0.09337375049272503,-0.0980615134089086,0.9129657419236068,1.1528384279475967,0.786231884057972,50.0,6.34,48.44905819324871,48.216533433908204,6.466999999999999,6.4,6.42,6.33,0,0,1,1,0,0,0,0,0,1.0,0,1.0,0,0,0.0,0,0,0,0,1.0
20170606,5054,000415XSHE20170606,20200210004725,0,100947,6.47,64821720.0,000415.XSHE,6.34,1500,6.42,6.36,311558.59375,618452.125,0.3125,6.4,4.0,6.39827950569546,6.400534945718657,6.439248899546414,6.504909405209437,6.401252600277977,6.447757952983892,6.59042835086407,6.703304329591918,6.544090509660374,6.732842964220384,6.8393072750459725,6.411692106056514,6.495037388361597,6.670004610471248,6.8547046943752274,6.590227890866323,6.60404286923821,6.689888510012445,6.870104748785387,7.060345835206485,6.206331120524597,6.219341342874817,6.300186266710749,6.469904472157111,6.649063553543972,6.46,0.438047559449305,-6.233568966524521,-5.991307255098492,53.97735919699942,50.74780987973661,60.436457831525075,45.45454545454547,34.615384615384585,44.578313253012055,-0.6191950464396291,-2.7272727272727235,36.888888888888886,-0.1533877257834071,0.0473747633576096,6.553654777375118,6.423954433270516,6.392,6.382000000000001,6.4235,6.580333333333333,6.772,6.9079999999999995,0.05999999999999961,0.049999999999999815,0.020000000000000462,0.024644643077335097,6.44,6.643595186583573,6.236404813416426,74.11764705882386,39370923,-0.039847338674226386,-0.06661054458347572,0.7171333151099631,1.0745614035087705,0.7137681159420293,50.0,6.31,50.96603879549915,49.13303522110518,6.44,6.3889999999999985,6.408,6.4,0,0,1,1,0,0,0,0,0,1.0,0,1.0,0,0,0.0,0,0,0,0,1.0
20170607,5055,000415XSHE20170607,20200210004725,0,142205,6.52,92373184.0,000415.XSHE,6.41,1500,6.52,6.43,311558.59375,618452.125,1.5576323988,6.42,4.0,6.438853003796973,6.430401209288991,6.4500157129402265,6.506281277463125,6.460626300138989,6.456788208860905,6.585884586292193,6.6953345761313985,6.542237393532653,6.7244961813097825,6.830904452018447,6.431384450409876,6.497414779946205,6.662687312399481,6.8464403809338625,6.632018593910884,6.624325983922173,6.692337223344593,6.862567931771466,7.051833592361881,6.245687413683065,6.238442916897579,6.302492336547821,6.462806693027497,6.641047169505848,6.35,1.8113678950655927,-4.625376671250113,65.85019524316613,62.651572797999584,54.71573085249094,78.52325668901688,27.27272727272735,59.374999999999964,51.648351648351614,0.3076923076923012,0.1536098310291826,42.66055045871559,-0.1451964119461387,0.0655305106981473,6.5511618309028865,6.4387306743058215,6.403999999999999,6.392,6.422999999999999,6.561666666666667,6.755750000000001,6.892999999999999,0.08999999999999986,0.0,0.01999999999999957,0.023372258084119864,6.4235,6.62609318843436,6.22090681156564,74.02597402597434,39513128,0.10699710495440737,0.03357488314009048,1.0167146358239454,1.13364055299539,0.8085937500000002,50.0,6.36,53.97735919699942,50.74780987973661,6.4235,6.382000000000001,6.392,6.42,0,0,1,1,0,0,0,0,0,1.0,0,0.0,0,0,1.0,0,1,0,0,1.0
20170608,5056,000415XSHE20170608,20200210004725,0,123252,6.54,79971192.0,000415.XSHE,6.45,1500,6.5,6.52,311558.59375,618452.125,-0.30674846629999997,6.52,4.0,6.45923533586465,6.447800906966744,6.456680284548197,6.505710252239204,6.480313150069494,6.462189682753293,6.5803436452410855,6.6868417684735135,6.538988363260912,6.7156924094937125,6.822196440123224,6.443860004880808,6.4976609913799015,6.654751345940969,6.837886297454015,6.65301239594059,6.6371758050272325,6.692590821121298,6.8543938863191975,7.043022886377636,6.265458275788712,6.250544204734383,6.302731161638503,6.45510880556274,6.632749708530395,6.33,1.0258004351880607,-4.764695540057431,103.9039039039047,65.10104853199972,58.177503412327205,78.9481387713448,24.000000000000018,82.60869565217419,54.65116279069768,0.6191950464396291,0.15408320493065927,39.52380952380951,-0.13600019780455158,0.07356971313269701,6.547372065650821,6.448156724412618,6.434,6.42,6.418000000000001,6.554333333333334,6.741249999999999,6.880166666666668,-0.01999999999999957,0.020000000000000462,0.049999999999999815,0.021541439385133955,6.422999999999999,6.612377929020253,6.233622070979747,139.17525773195996,39389876,0.1952387288488701,0.15111791690163873,1.0168934563459553,1.0497737556561075,0.7558139534883724,50.0,6.43,62.651572797999584,54.71573085249094,6.422999999999999,6.392,6.403999999999999,6.52,0,0,1,1,0,0,0,0,0,1.0,0,0.0,1,0,0.0,1,1,0,0,1.0
20170609,5057,000415XSHE20170609,20200210004725,0,152088,6.55,99176344.0,000415.XSHE,6.47,1500,6.55,6.5,311558.59375,618452.125,0.7692307692,6.5,4.0,6.489490223909766,6.4733506802250576,6.469122913275102,6.509736592944733,6.515156575034747,6.47316597240913,6.5783859907094016,6.680892126365968,6.539835412240841,6.70919466794494,6.815033375909455,6.463158185811569,6.5026456588675305,6.649641524187754,6.830777993813176,6.68417493062706,6.657052931385916,6.697725028633556,6.849130769913383,7.03570133362757,6.294805517192472,6.269263440237221,6.307566289101503,6.450152278462119,6.625854653998782,6.4,1.1114541525162098,-3.860267136356963,190.61902661373585,70.90069902133312,62.41856861532917,87.864959833341,14.000000000000055,92.30769230769243,73.23943661971835,3.1496062992126013,2.024922118380061,44.89795918367346,-0.12554851960316804,0.08361342561106833,6.5475667274544636,6.463824920656829,6.478,6.449,6.4265,6.545666666666667,6.7272500000000015,6.8685,0.049999999999999815,0.0,0.03000000000000025,0.01988741406991313,6.418000000000001,6.614903529678878,6.2210964703211244,343.47826086956763,39541964,0.2768107370343027,0.2360247329415864,1.4224044722446918,0.9730941704035859,0.7322834645669289,66.66666666666666,6.52,65.10104853199972,58.177503412327205,6.418000000000001,6.42,6.434,6.5,0,0,1,1,0,0,0,0,0,1.0,0,0.0,1,0,0.0,0,1,0,0,1.0
20170612,5058,000415XSHE20170612,20200210004725,0,152659,6.55,98713808.0,000415.XSHE,6.41,1500,6.41,6.55,311558.59375,618452.125,-2.1374045802,6.55,1.0,6.462993482606512,6.457513010168793,6.461239858171755,6.500669629949756,6.462578287517373,6.465270225857989,6.5675223784055685,6.669114207828318,6.529848072837697,6.697461543711807,6.804374602859206,6.453493061118556,6.493822262784908,6.637951693739566,6.820388413719024,6.656883287084707,6.647097852952112,6.688636930668457,6.8370902445517565,7.025000066130596,6.2691036781283165,6.259888269285001,6.2990075949013615,6.438813142927381,6.615776761307452,6.42,-1.0802469135802375,-5.713108966815718,110.03391182924584,63.1004660142221,62.645867748293476,64.00966254607934,41.99999999999999,51.515151515151494,59.2592592592593,1.2638230647709328,3.054662379421228,46.80851063829786,-0.1168053028549684,0.06994573398559717,6.5373765994948725,6.455544163632702,6.48,6.444,6.4315,6.528333333333333,6.7125,6.854166666666668,-0.13999999999999968,0.0,0.0,0.019439922486039242,6.4265,6.616265644941333,6.236734355058668,136.55913978494766,39694623,0.17077686077096862,0.22379379890263568,1.4011300029321696,0.9683257918552024,0.761133603238866,66.66666666666666,6.5,70.90069902133312,62.41856861532917,6.4265,6.449,6.478,6.55,0,0,1,1,0,0,0,0,0,1.0,0,0.0,1,1,0.0,1,1,0,0,2.0
20170613,5059,000415XSHE20170613,20200210004725,0,114816,6.49,74162384.0,000415.XSHE,6.4,1500,6.47,6.41,311558.59375,618452.125,0.9360374415,6.41,2.0,6.465328988404341,6.460634757626594,6.462407877082187,6.497881481772506,6.466289143758687,6.4658614476257394,6.561230612056823,6.6604570683575215,6.525244374927106,6.688541483174088,6.795575271205018,6.456494322733363,6.491553475853013,6.629758928191296,6.811736847948184,6.659288858056471,6.650189152415365,6.6863000801286026,6.828651696037035,7.016088953386628,6.271369118752212,6.262799493051362,6.296806871577423,6.430866160345558,6.607384742509737,6.52,-0.30816640986133226,-4.653835951545867,181.27167630058392,67.31950259533997,64.20374603064232,73.5510157247353,30.00000000000007,56.75675675675677,50.7462686567164,1.093749999999991,3.3546325878594248,46.52406417112299,-0.10836776264689274,0.06750032166460529,6.53238574027303,6.45776813845844,6.49,6.441,6.437,6.514333333333334,6.681749999999999,6.842500000000001,0.05999999999999961,0.020000000000000462,0.009999999999999787,0.019446342650110103,6.4315,6.619020665527829,6.2439793344721695,114.73684210526449,39579807,0.1107174619203418,0.1407471613456552,1.3895065145444816,0.9351851851851846,0.7416666666666666,66.66666666666666,6.55,63.1004660142221,62.645867748293476,6.4315,6.444,6.48,6.41,0,0,1,1,0,0,0,0,0,1.0,0,0.0,0,0,0.0,0,0,0,0,0.0
20170614,5060,000415XSHE20170614,20200210004725,0,100085,6.48,64472504.0,000415.XSHE,6.41,1500,6.45,6.47,311558.59375,618452.125,-0.3091190108,6.47,2.0,6.4602193256028935,6.4579760682199465,6.4607534934712305,6.493528619793187,6.458144571879343,6.463878766672523,6.554054443537028,6.6513067610376275,6.519456346086559,6.6791869152064764,6.7864811851206746,6.455313536781842,6.487596001962251,6.620990199986843,6.8028050739247705,6.654025905370982,6.6489729428852975,6.682223882021117,6.81961990598645,7.006889226142514,6.266412745834807,6.261654130678388,6.292968121903383,6.422360493987237,6.598720921707027,6.5,-0.40148239654108536,-4.760498493886941,-415.841584158356,68.11199162921659,65.50649456350041,73.32298576064896,33.999999999999986,37.931034482758655,46.153846153846146,0.4672897196261721,-0.1547987616099038,52.09580838323354,-0.10063622063978077,0.06185233605689594,6.526283092845397,6.4565730402340655,6.476000000000001,6.44,6.4415,6.497000000000001,6.645750000000001,6.830500000000002,-0.01999999999999957,0.010000000000000677,0.040000000000000036,0.01774523625896124,6.437,6.62120369160253,6.252796308397469,66.37168141593031,39479722,0.05477609573161719,0.08274677882597949,0.9250651279202988,0.9425837320574162,0.7964601769911511,50.0,6.41,67.31950259533997,64.20374603064232,6.437,6.441,6.49,6.47,0,0,1,1,0,0,0,0,0,1.0,0,0.0,1,0,0.0,1,1,0,0,1.0
20170615,5061,000415XSHE20170615,20200210004725,0,146509,6.53,95263096.0,000415.XSHE,6.43,1500,6.53,6.45,311558.59375,618452.125,1.2403100775,6.45,3.0,6.4834795504019285,6.4759820511649595,6.469986361008399,6.496844199811988,6.494072285939671,6.472143920838457,6.552502543953994,6.646032554035993,6.5202673963875935,6.673336447943478,6.7797316802490775,6.468892893730597,6.491634477965843,6.616551653646021,6.796069146173542,6.6779839369139875,6.662959680542516,6.686383512304818,6.815048203255402,6.999951220558748,6.28897516388987,6.274826106918679,6.296885443626869,6.4180551040366405,6.5921870717883335,6.55,0.7405121875964353,-3.388075159047172,-144.14668547249326,75.96354997503335,68.99217970067804,89.90629052374393,22.499999999999947,54.28571428571434,55.072463768115966,0.1533742331288447,0.4615384615384654,56.54761904761907,-0.09224676125554927,0.06711567507385169,6.5265584193012955,6.467869495582671,6.481999999999998,6.457999999999999,6.4425,6.481,6.6285,6.818833333333332,0.08000000000000007,0.0,0.020000000000000462,0.016441984157816912,6.4415,6.627389752272683,6.255610247727315,86.40776699029186,39626231,0.09521669760415596,0.07499639666788657,0.8897449960144734,1.0104712041884814,0.873170731707318,50.0,6.47,68.11199162921659,65.50649456350041,6.4415,6.44,6.476000000000001,6.45,0,0,1,1,0,0,0,0,0,1.0,0,0.0,1,0,0.0,0,1,0,0,1.0
20170616,5062,000415XSHE20170616,20200210004725,0,85777,6.53,55789460.0,000415.XSHE,6.48,1500,6.5,6.51,311558.59375,618452.125,-0.4594180704,6.53,4.0,6.4889863669346175,6.48198653837372,6.473988179540613,6.497131090738171,6.497036142969836,6.475625930733651,6.5491152830537365,6.639683312556167,6.5187083658962415,6.666538940180987,6.772370320242523,6.474548731234126,6.49243119435005,6.610866207126702,6.788758796885307,6.6836559579426575,6.668785193171151,6.687204130180551,6.809192193340503,6.9924215607918665,6.294316775926579,6.280312269297102,6.297658258519548,6.412540220912901,6.585096032978746,6.41,0.4326328800988948,-3.652318273449536,-117.13467048710407,76.03919204684766,71.34118381606794,85.43520850840713,30.0,42.42424242424243,62.29508196721319,0.0,0.6191950464396291,54.216867469879524,-0.08415310477929247,0.06474925181005448,6.52459112898268,6.4728126501084144,6.472,6.475,6.4375,6.469666666666668,6.60325,6.808333333333334,-0.009999999999999787,0.020000000000000462,0.01999999999999957,0.014841546680602174,6.4425,6.616151950752072,6.268848049247928,76.47058823529487,39540454,0.10630590344461104,0.1007613005243835,0.9872781377885852,0.958549222797928,0.8349514563106809,50.0,6.45,75.96354997503335,68.99217970067804,6.4425,6.457999999999999,6.481999999999998,6.53,0,0,1,1,0,0,0,0,0,1.0,0,0.0,1,1,0.0,1,1,0,0,2.0
20170619,5063,000415XSHE20170619,20200210004725,0,123647,6.56,80782432.0,000415.XSHE,6.49,1500,6.55,6.5,311558.59375,618452.125,0.7692307692,6.5,4.0,6.50932424462308,6.4989899037802905,6.484123088935196,6.501937355216517,6.523518071484918,6.484922689391944,6.549172361566398,6.635784038097202,6.521115414673452,6.6619687856640875,6.766518469709825,6.488267143737012,6.497913937745283,6.6078971238522275,6.782863517949866,6.704603971961772,6.682915158049122,6.692851355877641,6.806134037567795,6.986349423488361,6.314044517284388,6.293619129424901,6.3029765196129235,6.4096602101366615,6.5793776124113705,6.47,0.7692307692307665,-2.700614991532737,-165.0314465408799,81.94279469789848,74.87505411001145,96.07827587367254,17.500000000000053,79.16666666666669,67.18750000000003,0.0,3.1496062992126013,55.55555555555554,-0.07567961193578279,0.06778794274807748,6.526473267576556,6.484687627014813,6.5,6.49,6.439500000000002,6.456666666666668,6.5795,6.798333333333333,0.049999999999999815,0.009999999999999787,0.009999999999999787,0.014347748970678491,6.4375,6.615317321990856,6.259682678009144,157.62711864406774,39664101,0.14977626465118102,0.12804108404789605,1.3959416996016412,1.0988372093023255,0.9619565217391312,50.0,6.51,76.03919204684766,71.34118381606794,6.4375,6.475,6.472,6.5,0,0,1,1,0,0,0,0,0,1.0,0,0.0,1,1,0.0,0,1,0,0,2.0
20170620,5064,000415XSHE20170620,20200210004725,0,132331,6.57,86674672.0,000415.XSHE,6.52,1500,6.53,6.55,311558.59375,618452.125,-0.3053435115,6.55,4.0,6.516216163082053,6.506742427835218,6.4902400104105045,6.504488504742288,6.526759035742459,6.490557353217951,6.547935435013727,6.6311847320929775,6.521798844313955,6.656793539167457,6.760294299454303,6.495854935784828,6.500969753198112,6.604097264152122,6.776619974296782,6.711702647974515,6.690730583858372,6.6959988457940565,6.8022201820766846,6.979918573525686,6.320729678189591,6.300979287711281,6.305940660602169,6.405974346227557,6.573321375067878,6.45,0.27641277641277323,-2.795558069606111,-175.50724637680835,80.11872587703034,76.62294469901775,87.11028823305556,11.428571428571422,65.00000000000018,61.016949152542416,1.872074882995321,3.159557661927333,50.63291139240508,-0.06755883868764719,0.06496618598508487,6.5267345070153295,6.491658761320225,6.5120000000000005,6.501,6.4415,6.449333333333334,6.5605,6.789166666666667,-0.01999999999999957,0.020000000000000462,0.010000000000000677,0.013088523636371951,6.439500000000002,6.620417108090972,6.258582891909031,183.3333333333337,39796432,0.1554196271995818,0.1525979459253814,1.4970005251605782,1.098159509202454,1.0479041916167675,50.0,6.5,81.94279469789848,74.87505411001145,6.439500000000002,6.49,6.5,6.55,0,0,1,1,0,0,0,0,0,1.0,0,0.0,1,1,0.0,1,1,0,0,2.0
20170621,5065,000415XSHE20170621,20200210004725,0,169838,6.64,112035872.0,000415.XSHE,6.55,1500,6.6,6.57,311558.59375,618452.125,1.0719754977,6.53,4.0,6.54414410872137,6.530056820876413,6.504874675689104,6.513171367947535,6.563379517871231,6.504237684065707,6.551294439206392,6.6298288741758915,6.527814317828264,6.654566341553045,6.756076028416032,6.514790402005769,6.510401205274483,6.6038973976081135,6.772258987277109,6.740468431983009,6.710234114065943,6.705713241432718,6.802014319536357,6.975426756895423,6.347819785459727,6.319346689945595,6.315089169116247,6.405780475679871,6.569091217658795,6.53,0.8865790278202359,-1.5865441965883569,-194.44444444444457,81.19026169579799,78.1453836979445,87.280017691505,9.523809523809533,80.0,64.06250000000004,2.009273570324573,3.1249999999999885,50.0,-0.05881405822526015,0.06995824369909631,6.532161580569749,6.508326644194037,6.542000000000001,6.5089999999999995,6.450500000000001,6.451666666666666,6.5485,6.781666666666667,0.029999999999999364,0.040000000000000036,0.020000000000000462,0.012765043435591143,6.4415,6.634733019952595,6.248266980047403,499.9999999999867,39966270,0.20994883936584074,0.18268423328271127,1.5991307919152202,1.0246913580246917,1.0122699386503071,50.0,6.55,80.11872587703034,76.62294469901775,6.4415,6.501,6.5120000000000005,6.53,0,0,1,1,0,0,0,0,0,1.0,0,0.0,1,1,0.0,0,1,0,0,2.0
20170622,5066,000415XSHE20170622,20200210004725,0,184265,6.64,121412592.0,000415.XSHE,6.49,1500,6.52,6.58,311558.59375,618452.125,-1.2121212121,6.6,1.0,6.5360960724809125,6.5275426156573095,6.506891385597223,6.513792152679577,6.541689758935615,6.506207973557494,6.549275443128559,6.625053705733461,6.5272132164568575,6.649289230119593,6.749863501352452,6.515737601641084,6.511315376200723,6.599804841627232,6.766030370307304,6.73217895465534,6.711209729690317,6.706654837486744,6.797798986876049,6.969011281416522,6.340013190306486,6.320265473591851,6.315975914914701,6.401810696378415,6.5630494591980835,6.5,-0.30581039755353745,-2.6168000955908752,-73.0713245997083,70.79350779719859,75.69475839769585,60.99100659620407,36.36363636363639,47.99999999999986,50.0,1.085271317829448,1.5576323987538885,50.32258064516129,-0.05127888211270908,0.06028140890040853,6.531260722749767,6.510122545087262,6.540000000000001,6.511,6.4655000000000005,6.449000000000002,6.5435,6.772833333333334,-0.0600000000000005,0.05999999999999961,0.029999999999999364,0.013681041547908269,6.450500000000001,6.614142903909702,6.286857096090299,173.33333333333218,40150535,0.16333902200830655,0.18664393068707366,1.0908746365798228,1.0621118012422357,0.9529411764705892,50.0,6.57,81.19026169579799,78.1453836979445,6.450500000000001,6.5089999999999995,6.542000000000001,6.6,0,0,1,1,0,0,0,0,0,1.0,0,0.0,1,1,0.0,1,1,0,0,2.0
20170623,5067,000415XSHE20170623,20200210004725,0,212396,6.48,136083680.0,000415.XSHE,6.36,1500,6.42,6.36,311558.59375,618452.125,-1.5337423313,6.52,2.0,6.497397381653943,6.500656961742983,6.495305867517596,6.50526559334507,6.480844879467808,6.495431976862808,6.540935091958973,6.616138327223309,6.518966045960179,6.6402974956050995,6.741182882895807,6.4983307649790705,6.502618673705414,6.591033873742976,6.75748641054663,6.692319303103561,6.693280687928443,6.6976972339165775,6.7887648899552655,6.960211002863028,6.302475460204325,6.303380842029696,6.3075401134942535,6.393302857530688,6.554761818230231,6.55,-1.5941140404659595,-3.9123536983267115,93.91077824812618,54.338529007656184,68.57601526768264,25.863556487603265,73.3333333333333,37.49999999999993,44.285714285714256,-1.68453292496172,-1.5337423312883385,47.85276073619631,-0.04637543560626835,0.039227572051525855,6.5230191877312675,6.496257538150761,6.523999999999999,6.497999999999999,6.4735,6.450333333333332,6.53375,6.7605,0.05999999999999961,0.0600000000000005,0.0,0.014328826380611415,6.4655000000000005,6.601481616404572,6.3295183835954285,56.0975609756091,40362931,0.002782914138555823,0.08306096807343119,1.1810516605877162,1.0705128205128214,0.7845303867403338,33.33333333333333,6.58,70.79350779719859,75.69475839769585,6.4655000000000005,6.511,6.540000000000001,6.52,0,0,1,1,0,0,0,0,0,1.0,0,0.0,1,1,0.0,0,0,0,0,2.0
20170626,5068,000415XSHE20170626,20200210004725,0,198555,6.62,130054088.0,000415.XSHE,6.42,1500,6.61,6.42,311558.59375,618452.125,2.9595015576,6.42,3.0,6.534931587769297,6.527992721307237,6.510598418515247,6.514786903040973,6.545422439733904,6.509752979754957,6.54539089247775,6.615871443430993,6.525968657809397,6.639109358522546,6.737730701766972,6.5186342622556035,6.512845466685853,6.591959050633563,6.753844770780049,6.730979535402375,6.714193290123272,6.708230830686428,6.7897178221525705,6.956460113903447,6.338883640136218,6.323075234387933,6.317460102685278,6.394200279114556,6.5512294276566445,6.53,1.1321909424724714,-0.9530088707744092,-55.18496058217128,65.98759076700895,67.71320710079141,62.536358099444044,10.71428571428551,56.521739130434845,53.57142857142861,1.6923076923076972,1.6923076923076972,55.42857142857145,-0.04024151497041945,0.04907136508679122,6.529462210862284,6.51375637843526,6.5360000000000005,6.518000000000002,6.481,6.460333333333335,6.52575,6.751666666666668,0.1900000000000004,0.009999999999999787,0.0,0.015170457625286324,6.4735,6.621675571535932,6.325324428464067,106.7796610169487,40164376,0.06072700819071649,0.031754961164636164,1.7063348989569802,1.1533333333333349,0.8248587570621494,50.0,6.36,54.338529007656184,68.57601526768264,6.4735,6.497999999999999,6.523999999999999,6.42,0,0,1,1,0,0,0,0,0,1.0,0,0.0,0,0,0.0,0,0,0,0,0.0
20170627,5069,000415XSHE20170627,20200210004725,0,187070,6.71,124418088.0,000415.XSHE,6.6,1500,6.65,6.62,311558.59375,618452.125,0.6051437216,6.61,4.0,6.57328772517953,6.558494540980427,6.529185296046548,6.527079002764522,6.597711219866952,6.527283857285588,6.552139867156606,6.617355293716602,6.535509530285597,6.639536442502054,6.735421999088893,6.5425189418454925,6.525907803191961,6.594790316456317,6.751280702365722,6.770486356934915,6.738794510100857,6.7216850372877195,6.792634025950005,6.953819123436696,6.376089093424143,6.346243373590128,6.330130569096202,6.396946606962628,6.548742281294753,6.6,1.3719512195122066,-0.03908246399902699,-149.3953660112613,71.61077479705361,69.01239633287881,76.80753172540321,17.14285714285705,62.50000000000002,66.21621621621628,1.5267175572519165,1.5267175572519165,63.52201257861639,-0.032928012053241716,0.058508023337421826,6.538390935983597,6.534716935599066,6.56,6.5360000000000005,6.4885,6.47,6.519749999999998,6.7441666666666675,0.03000000000000025,0.05999999999999961,0.020000000000000462,0.01543355741494595,6.481,6.646441832678438,6.315558167321563,176.2886597938137,39977306,0.18071140698738747,0.12071920758905197,1.7597329942590407,1.1836734693877558,0.922155688622756,50.0,6.42,65.98759076700895,67.71320710079141,6.481,6.518000000000002,6.5360000000000005,6.61,0,0,1,1,0,0,0,0,0,1.0,0,0.0,1,0,0.0,0,1,0,0,1.0
20170628,5070,000415XSHE20170628,20200210004725,0,160378,6.68,106499048.0,000415.XSHE,6.58,1500,6.61,6.67,311558.59375,618452.125,-0.6015037594,6.65,4.0,6.585525150119687,6.571370905735321,6.5399605899070075,6.534617275240473,6.603855609933476,6.537623375124888,6.555872778952953,6.6170354983376205,6.541239566417474,6.6383781506392285,6.732121420165501,6.5547882251463125,6.533916583840346,6.595532252238937,6.747792289961631,6.783090904623277,6.751431871900701,6.729934081355557,6.793398219806104,6.950226058660481,6.387959395616096,6.358144578391923,6.3378990863251365,6.397666284671768,6.5453585212627825,6.52,0.7314843035659866,-0.2565263316734623,-105.02854036422859,71.5500403408929,69.85827766888349,74.9335656849117,28.5714285714285,51.111111111111185,59.72222222222228,1.225114854517612,3.1201248049922023,61.006289308176136,-0.025821682760397487,0.05685063434275385,6.543695311095923,6.546298945506901,6.562,6.5520000000000005,6.496,6.4783333333333335,6.51075,6.735666666666668,-0.05999999999999961,0.009999999999999787,0.03000000000000025,0.015861145401201204,6.4885,6.661520230031058,6.315479769968943,107.6335877862597,39816928,0.22066569367168626,0.20068855032953686,1.739240174040034,1.1125827814569542,0.8988095238095244,50.0,6.62,71.61077479705361,69.01239633287881,6.4885,6.5360000000000005,6.56,6.65,0,0,1,1,0,0,0,0,0,1.0,0,0.0,1,1,0.0,1,1,0,0,2.0
20170629,5071,000415XSHE20170629,20200210004725,0,116489,6.67,77455984.0,000415.XSHE,6.61,1500,6.64,6.63,311558.59375,618452.125,0.45385779119999997,6.61,4.0,6.603683433413124,6.588528179301491,6.553299177919407,6.5441975229458835,6.621927804966737,6.550420453234277,6.561300341601149,6.618033954931637,6.548836522846899,6.638441752574947,6.729697172266407,6.570281275119709,6.544019766331742,6.5977014106663034,6.745130751937888,6.8017939364155175,6.7673897133733005,6.740340359321693,6.795632452986293,6.947484674496024,6.405572930410731,6.373172836866118,6.347699173341789,6.399770368346315,6.542776829379751,6.42,0.8199210446401364,0.37185960032651694,-114.34288312869455,74.36669356059522,71.36108296612075,80.37791474954417,20.000000000000103,65.00000000000003,63.013698630136965,0.6060606060606066,2.6275115919629046,56.338028169014095,-0.018680246089016226,0.05713149337105011,6.550828991755483,6.560714492351992,6.586,6.563,6.5105,6.482666666666668,6.5015,6.726333333333333,0.009999999999999787,0.03000000000000025,0.01999999999999957,0.015233366290885503,6.496,6.666232194369925,6.325767805630076,156.52173913043626,39700439,0.2443287060769629,0.2324971998743246,1.7417641769608168,1.2500000000000009,1.0536912751677858,50.0,6.67,71.5500403408929,69.85827766888349,6.496,6.5520000000000005,6.562,6.61,0,0,1,1,0,0,0,0,0,1.0,0,0.0,1,1,0.0,0,1,0,0,2.0
20170630,5072,000415XSHE20170630,20200210004725,0,235621,6.8,158483360.0,000415.XSHE,6.61,1500,6.73,6.63,311558.59375,618452.125,1.3554216867,6.64,4.0,6.645788955608751,6.623896134476119,6.576859287530152,6.561088657223532,6.675963902483369,6.572867896579993,6.572184190530107,6.622902043847652,6.562772174935598,6.642032272081809,6.729705141417291,6.599321043279763,6.561732169538241,6.6041550003898974,6.744757153124605,6.8451626242770125,6.797300674578155,6.75858413462439,6.802279650401594,6.947099867718344,6.446415286940487,6.4013414119813685,6.364880204452095,6.4060303503782015,6.542414438530867,6.61,1.2334536702767729,1.9727870541531745,-153.00546448087388,77.60809873736655,73.44342155653602,85.93745309902759,15.909090909090787,89.74358974358975,63.51351351351354,3.2208588957055353,4.341085271317833,57.823129251700706,-0.010412697208529598,0.066140391043893,6.564100918292115,6.586758416605532,6.6480000000000015,6.586,6.530500000000001,6.486999999999999,6.498750000000001,6.719666666666666,0.10000000000000052,0.0699999999999994,0.01999999999999957,0.017287315313630952,6.5105,6.685139628950592,6.335860371049409,751.6129032258285,39936060,0.3280804552107394,0.2862045806438512,2.47023106133974,1.5416666666666672,1.328244274809162,66.66666666666666,6.63,74.36669356059522,71.36108296612075,6.5105,6.563,6.586,6.64,0,0,1,1,0,0,0,0,0,1.0,0,0.0,1,1,0.0,0,1,0,0,2.0
20170703,5073,000415XSHE20170703,20200210004725,0,168784,6.79,113855704.0,000415.XSHE,6.68,1500,6.77,6.75,311558.59375,618452.125,0.5943536403999999,6.73,4.0,6.687192637072499,6.6604221008570885,6.602611382526133,6.580080597475939,6.7229819512416835,6.597509409507492,6.584946500818488,6.629297607158621,6.57871277686363,6.647050614353112,6.730765532432627,6.6303535808652585,6.58156720101079,6.612245000370879,6.7453804332943665,6.887808416184673,6.829264188291218,6.779014217041113,6.810612350382006,6.947741846293199,6.4865768579603245,6.4314429734393,6.384120184980467,6.413877650359753,6.543019020295537,6.65,1.347305389221528,2.8062928992285743,-144.99151103565256,82.79933855218373,76.56206055508525,95.27389454638072,6.818181818181883,83.33333333333326,68.00000000000001,5.451713395638625,3.6753445635528217,60.54421768707484,-0.0012108123041991634,0.07361507923464349,6.5793527021223275,6.614949429435451,6.6800000000000015,6.608,6.549000000000001,6.495666666666668,6.4945,6.711166666666666,0.01999999999999957,0.020000000000000462,0.07000000000000027,0.017843428385445326,6.530500000000001,6.723362645424148,6.337637354575856,395.6521739130497,39767276,0.4124217670788796,0.3702511111448095,2.5098133988211484,1.5042016806722696,1.3650793650793651,83.33333333333334,6.63,77.60809873736655,73.44342155653602,6.530500000000001,6.586,6.6480000000000015,6.73,0,0,1,1,0,0,0,0,0,1.0,0,0.0,1,1,0.0,0,1,0,0,2.0
20170704,5074,000415XSHE20170704,20200210004725,0,200737,6.88,136289792.0,000415.XSHE,6.69,1500,6.81,6.77,311558.59375,618452.125,0.5908419497999999,6.77,4.0,6.728128424714999,6.697816575642816,6.630263198189316,6.600982361341763,6.766490975620843,6.624070733319058,6.599466081410843,6.637154232934336,6.5965041017202735,6.6534407863392655,6.732850650000189,6.663016566162484,6.60332270567643,6.621891585718641,6.746975978151298,6.929972277456449,6.862907063147357,6.801422386846721,6.8205483332902,6.949385257495836,6.526284571973549,6.4631260691776085,6.405223024506136,6.423234838147082,6.544566698806758,6.61,1.4600715137067783,3.5646937161627688,-141.2167952013707,84.04571288094299,79.05661133037117,94.02391598208663,13.461538461538527,83.33333333333326,67.56756756756761,3.0257186081694294,4.769230769230763,66.42857142857147,0.008735254631040952,0.07956853548192093,6.596437687150303,6.644957209522304,6.7120000000000015,6.636,6.5685,6.506333333333334,6.496,6.7041666666666675,0.040000000000000036,0.07000000000000027,0.07999999999999917,0.019867746285659613,6.549000000000001,6.7634084886379275,6.334591511362075,205.88235294117908,39968013,0.4785827507277416,0.4455022589033106,3.382022919488274,1.5000000000000029,1.173913043478262,83.33333333333334,6.75,82.79933855218373,76.56206055508525,6.549000000000001,6.608,6.6800000000000015,6.77,0,0,1,1,0,0,0,0,0,1.0,0,0.0,1,1,0.0,0,1,0,0,2.0
20170705,5075,000415XSHE20170705,20200210004725,0,189554,6.89,129478624.0,000415.XSHE,6.74,1500,6.86,6.76,311558.59375,618452.125,0.7342143906,6.81,4.0,6.772085616476666,6.738362431732112,6.660894771764072,6.624529419401603,6.813245487810423,6.653561891654174,6.6162747213198205,6.646843179328494,6.6167730169725605,6.661541147659293,6.7361966855265,6.6988317359511225,6.627768162278675,6.633506630317734,6.749766694740154,6.975248184970965,6.8997966880296575,6.826601207147036,6.832511829227267,6.95225969558236,6.5689230479823655,6.497866783872589,6.428935117410313,6.4345014314082025,6.547273693897949,6.64,1.4492753623188386,4.39493547601656,-134.2287742287747,87.47701613446517,81.86341293173584,98.70422253992382,5.660377358490452,100.0,71.42857142857143,3.157894736842105,4.732824427480924,68.53146853146858,0.019404182567668016,0.0853514234930165,6.615960821435466,6.678040715749643,6.7620000000000005,6.662000000000001,6.5855000000000015,6.521,6.504249999999999,6.699,0.10000000000000052,0.029999999999999364,0.01999999999999957,0.020690698843306043,6.5685,6.816167115297934,6.3208328847020665,254.43037974683818,39778459,0.5340649950998125,0.5063238729137771,3.5202002624881024,1.5714285714285752,1.1702127659574484,83.33333333333334,6.77,84.04571288094299,79.05661133037117,6.5685,6.636,6.7120000000000015,6.81,0,0,1,1,0,0,0,0,0,1.0,0,0.0,1,1,0.0,0,1,0,0,2.0
20170706,5076,000415XSHE20170706,20200210004725,0,177651,6.92,122227016.0,000415.XSHE,6.83,1500,6.89,6.85,311558.59375,618452.125,0.4373177843,6.86,4.0,6.811390410984443,6.776271823799084,6.691442135528862,6.648663108546913,6.85162274390521,6.683116655197402,6.633934416718542,6.657415215009864,6.637790477205441,6.670500318339322,6.74024414117054,6.733589602141827,6.6527426230140385,6.64601850200955,6.753229245487312,7.0157321233139776,6.9355972902060845,6.852324901704461,6.845399057069838,6.9558261228519305,6.6070486986549115,6.531581914077573,6.453160344323617,6.446637946949265,6.550632368122691,6.73,1.1450381679389356,4.797250022815068,-132.63372686197349,89.65134408964344,84.4593899843717,100.0352523001869,5.3571428571429065,100.0,69.86301369863016,4.236006051437206,5.513016845329242,67.62589928057557,0.03040130936531233,0.08797701438115453,6.636260019847653,6.710649836403543,6.8119999999999985,6.699,6.605,6.543333333333334,6.5115,6.695833333333334,0.040000000000000036,0.03000000000000025,0.01999999999999957,0.019696326275255967,6.5855000000000015,6.8628084924772415,6.30819150752276,274.3589743589748,39600808,0.561117753308361,0.5475913742040868,5.387299321326706,1.6517857142857193,1.152173913043479,100.0,6.76,87.47701613446517,81.86341293173584,6.5855000000000015,6.662000000000001,6.7620000000000005,6.86,0,0,1,1,0,0,0,0,0,1.0,0,0.0,1,1,0.0,0,1,0,0,2.0
20170707,5077,000415XSHE20170707,20200210004725,0,256494,7.05,179557328.0,000415.XSHE,6.86,1500,7.02,6.88,311558.59375,618452.125,1.8867924528,6.89,4.0,6.880926940656296,6.837203867849313,6.735249850791682,6.682421007769919,6.935811371952605,6.725227073297727,6.658841873704443,6.673179770879001,6.667191209728099,6.684206188208367,6.747606137455525,6.785664219934223,6.687719516060321,6.6642615019115246,6.759816177697499,7.087354748875985,6.989234146532249,6.88835110154213,6.86418934696887,6.962610663028425,6.674499132436607,6.582094293336196,6.487087930578512,6.464333656854179,6.557021692366574,6.77,2.1834061135371234,6.706390223140987,-149.69798226449115,90.97323648529421,86.63067215134586,99.65836515319086,4.3478260869565615,100.0,82.05128205128209,5.72289156626506,6.363636363636362,70.00000000000004,0.043032440632629024,0.10104905013853346,6.664685203562643,6.758242169264537,6.869999999999999,6.7589999999999995,6.628500000000002,6.568666666666667,6.527499999999999,6.694333333333334,0.13999999999999968,0.03000000000000025,0.01999999999999957,0.020533720103304,6.605,6.93444043467674,6.275559565323259,289.33333333333263,39857302,0.6595327181268658,0.6103252357176134,5.638736315549713,1.8932038834951528,1.3650793650793671,100.0,6.85,89.65134408964344,84.4593899843717,6.605,6.699,6.8119999999999985,6.89,1,0,1,1,0,1,0,0,0,2.0,0,0.0,1,1,0.0,0,1,0,0,2.0
20170710,5078,000415XSHE20170710,20200210004725,0,241981,7.11,170052912.0,000415.XSHE,6.94,1500,6.96,7.03,311558.59375,618452.125,-0.8547008547,7.02,4.0,6.907284627104198,6.8679029008869845,6.7652165373527895,6.707655461609018,6.947905685976303,6.754573689135512,6.678271430239638,6.685650215623393,6.689714962825938,6.695021631808039,6.753195449627747,6.817361634491637,6.713650990721242,6.678687770110964,6.764758988124719,7.114503165917323,7.0218824835263876,6.91506052044288,6.879048403214292,6.967701757768463,6.700066088291072,6.612840785456887,6.512241460999607,6.478327137007635,6.5618162184809785,6.81,0.7527504342791038,5.7847220111256386,-131.6543438077638,84.54819539271183,85.93651323180119,81.77155971453314,20.00000000000005,80.64516129032269,86.48648648648653,3.4175334323922666,6.748466257668719,65.068493150685,0.054970244878587066,0.09550243396766438,6.686560373669112,6.789281835531533,6.908,6.794,6.6560000000000015,6.585333333333335,6.54375,6.693666666666666,-0.07000000000000027,0.08000000000000007,0.01999999999999957,0.019950530230766737,6.628500000000002,6.971918112510102,6.2850818874899,300.0000000000013,39615321,0.6372426720554482,0.6483876950911569,4.829893204824547,2.000000000000008,1.47933884297521,83.33333333333334,6.88,90.97323648529421,86.63067215134586,6.628500000000002,6.7589999999999995,6.869999999999999,7.02,1,0,1,1,0,0,0,1,0,2.0,0,0.0,1,1,0.0,1,1,0,1,3.0
20170711,5079,000415XSHE20170711,20200210004725,0,181751,6.97,125647784.0,000415.XSHE,6.86,1500,6.88,6.95,311558.59375,618452.125,-1.1494252874,6.96,1.0,6.898189751402798,6.870927175665237,6.780520999039085,6.723323146917287,6.913952842988151,6.7702519779935715,6.69128617667579,6.694100206248463,6.704352273377787,6.702275685462626,6.756532411479649,6.828750428220429,6.729493753509697,6.688507878886037,6.767604445208062,7.1051354439448815,7.033612941067044,6.931378566114987,6.88916311525262,6.970632578564303,6.691244058860713,6.6238879153738175,6.527608940904405,6.4878526425194565,6.564576311851819,6.86,-0.6067610517191536,4.571984435797676,-74.81439608064842,74.36546359514121,82.07949668624785,58.937397412927886,30.66666666666673,60.000000000000064,71.42857142857143,1.6248153618906989,7.165109034267912,62.50000000000002,0.06444604417090585,0.07580639433855024,6.700889234878807,6.803238476218988,6.922000000000001,6.817,6.6765,6.598,6.556749999999999,6.679999999999998,-0.07000000000000027,0.01999999999999957,0.01999999999999957,0.01989523210172318,6.6560000000000015,7.001501085381798,6.3104989146182024,165.42056074766282,39433570,0.480325935150188,0.558784303602818,2.9634058653335846,1.7614678899082628,1.3333333333333368,66.66666666666666,7.03,84.54819539271183,85.93651323180119,6.6560000000000015,6.794,6.908,6.96,0,0,1,1,0,0,0,1,0,1.0,0,0.0,1,1,0.0,1,1,0,0,2.0
20170712,5080,000415XSHE20170712,20200210004725,0,140260,6.94,96557976.0,000415.XSHE,6.83,1500,6.92,6.87,311558.59375,618452.125,0.5813953488,6.88,2.0,6.905459834268532,6.883195381748928,6.799118199167207,6.741202860833898,6.916976421494075,6.788970480744376,6.706041907212838,6.7039219364115725,6.7209405600410355,6.710813893875858,6.76083419012492,6.845341259453079,6.7476372055563925,6.699800177476963,6.771367298412801,7.112623629296587,7.050701497236672,6.9500663217230825,6.9007941828012695,6.974508317365185,6.698296039240475,6.639981021669486,6.5452080893897,6.498806172152653,6.5682262794604185,6.89,-0.2019036631093198,5.195950259949519,-58.72133173408964,70.24364239676076,78.13421192308547,54.4625033441113,25.33333333333339,58.82352941176468,71.42857142857143,1.6152716593245278,4.689863842662626,62.2516556291391,0.07237326046574302,0.0634177303586973,6.717119661924822,6.8212017875699145,6.934,6.848000000000001,6.6999999999999975,6.613333333333332,6.5707499999999985,6.663833333333333,0.049999999999999815,0.020000000000000462,0.040000000000000036,0.019971968173361016,6.6765,7.021115728021806,6.3318842719781925,141.44144144144119,39293310,0.3572746417314281,0.41880028844080797,2.8636044580644056,1.6936936936937006,1.3359375000000049,66.66666666666666,6.95,74.36546359514121,82.07949668624785,6.6765,6.817,6.922000000000001,6.88,0,0,1,1,0,0,0,0,0,1.0,0,0.0,1,1,0.0,0,1,0,0,2.0
20170713,5081,000415XSHE20170713,20200210004725,0,150231,6.95,104007872.0,000415.XSHE,6.88,1500,6.94,6.93,311558.59375,618452.125,0.28901734100000004,6.92,2.0,6.916973222845688,6.897396536311697,6.817902439278248,6.759275328030816,6.928488210747037,6.807849170651329,6.7211359777152335,6.7141862000458525,6.737791286191722,6.719801584312098,6.765549079858477,6.862551939552518,6.765957471693878,6.711517241990282,6.775531068822362,7.124482419531058,7.068428497739093,6.968936195844694,6.91286275924999,6.978797000887033,6.709464026160316,6.656675381365943,6.5629787475430605,6.510171724730573,6.572265136757691,7.02,-0.057603686635938366,5.522442525240238,-50.12311173221528,66.98413369086379,74.41751917901158,52.1173627145682,24.63768115942027,57.57575757575768,77.04918032786887,1.1661807580174937,4.360902255639099,69.06474820143889,0.07906843218039923,0.05356137371724965,6.7336293165970575,6.839478435636082,6.944,6.877999999999999,6.7205,6.632999999999999,6.5815,6.659166666666668,0.010000000000000677,0.009999999999999787,0.049999999999999815,0.02007699924867091,6.6999999999999975,7.050455417992072,6.349544582007924,122.22222222222237,39443541,0.2806678169411907,0.3189712293363094,2.800535857971957,1.5877192982456207,1.25190839694657,66.66666666666666,6.87,70.24364239676076,78.13421192308547,6.6999999999999975,6.848000000000001,6.934,6.92,0,0,1,1,0,0,0,0,0,1.0,0,0.0,1,1,0.0,0,1,0,0,2.0
20170714,5082,000415XSHE20170714,20200210004725,0,90275,6.92,62161188.0,000415.XSHE,6.85,1500,6.87,6.91,311558.59375,618452.125,-0.290275762,6.89,2.0,6.901315481897125,6.890547402233772,6.824848780707812,6.769341207300742,6.899244105373518,6.815618024319912,6.73074010818522,6.7209607130873374,6.747961187253899,6.725691718260642,6.7682977882832525,6.8639061323611505,6.7758662839135075,6.719248108234657,6.777863635024279,7.108354946354039,7.069823316331986,6.979142272430915,6.920825551481697,6.981199544075007,6.6942760174402105,6.657988948390317,6.572590295396103,6.517670664987618,6.5745277259735495,6.96,-0.6363899334683193,4.44856630279442,-23.796296296296678,58.941803412956794,69.25894725699331,38.30751572488373,45.28301886792455,22.222222222222367,67.69230769230772,-0.29027576197386895,3.9334341906202686,64.28571428571429,0.08334338818869119,0.034199648066335686,6.743730848700979,6.844174060922838,6.914,6.892,6.739,6.651,6.58825,6.6485,-0.040000000000000036,0.009999999999999787,0.020000000000000462,0.018272742309678687,6.7205,7.061375343784205,6.379624656215794,52.5179856115108,39353266,0.15784339230066027,0.21925560462092547,3.182487787131304,1.5929203539823054,1.2030075187969953,50.0,6.93,66.98413369086379,74.41751917901158,6.7205,6.877999999999999,6.944,6.94,0,0,1,1,0,0,0,0,0,1.0,0,0.0,1,0,0.0,1,1,0,0,1.0
20170717,5083,000415XSHE20170717,20200210004725,0,267105,6.9,179161536.0,000415.XSHE,6.55,1500,6.57,6.82,311558.59375,618452.125,-4.3668122271,6.87,2.0,6.790876987931418,6.81041055167533,6.7908689432801035,6.751219279364313,6.734622052686759,6.784915771279922,6.720369778624883,6.714397203822672,6.734271865157446,6.719586160681794,6.763079425433693,6.810468653750032,6.756259971159843,6.711967712711013,6.772731199591581,6.994603297569358,7.014782713362534,6.958947770294638,6.913326744092346,6.975913135579328,6.587150678293474,6.606154594137533,6.5535721720250475,6.510608681329683,6.5695492636038315,6.88,-3.891164423639568,2.7037394815833353e-14,64.8133558431813,40.485011799114076,59.66763543770024,2.119764521941761,96.42857142857136,11.764705882353024,40.69767441860464,-6.4102564102564,-1.0542168674698704,53.57142857142858,0.08090101839497846,-0.019538958349701933,6.730861896945352,6.8019934361654775,6.836000000000001,6.872000000000001,6.739999999999998,6.656666666666666,6.58975,6.632999999999999,-0.25,0.08000000000000007,0.020000000000000462,0.021975172001060445,6.739,7.077762453645619,6.400237546354381,13.147410358565805,39620371,-0.2202831684284818,-0.03121988806391077,1.9450885404397835,1.3357664233576674,0.9753086419753108,33.33333333333333,6.91,58.941803412956794,69.25894725699331,6.739,6.892,6.914,6.87,0,0,1,1,0,0,0,0,0,1.0,0,0.0,1,0,0.0,1,1,0,0,1.0
20170718,5084,000415XSHE20170718,20200210004725,0,236422,6.79,158264080.0,000415.XSHE,6.5,1500,6.76,6.55,311558.59375,618452.125,2.8919330289,6.57,2.0,6.7805846586209455,6.797807913756497,6.78675308417609,6.7520175266948295,6.747311026343381,6.781801299869933,6.722926567100698,6.71637993409125,6.736250952453027,6.721171017125645,6.7629983879222815,6.801292534886391,6.756616164382716,6.714310751115356,6.7724168489843795,6.9840021983795735,7.005331310932982,6.959314649314197,6.915740073648816,6.975589354453912,6.577167118862317,6.597253758839799,6.553917679451233,6.512881428581895,6.569244343514849,6.92,-0.7633587786259614,2.888800949742792,70.25471777946984,41.19765813930008,53.510976338233526,16.571021741433185,57.37704918032792,40.32258064516128,49.504950495049506,-2.8735632183908075,0.4457652303120261,56.424581005586575,0.07722334123103007,-0.02942141731158707,6.733020274949398,6.795532907524637,6.812,6.867000000000001,6.7515,6.6679999999999975,6.596500000000002,6.6241666666666665,0.21,0.03000000000000025,0.049999999999999815,0.02347509814517501,6.739999999999998,7.064793780728634,6.415206219271365,38.52140077821033,39383949,-0.3305596669691681,-0.2754214176988249,1.946114001577239,1.6171875000000042,1.161290322580647,50.0,6.82,40.485011799114076,59.66763543770024,6.739999999999998,6.872000000000001,6.836000000000001,6.57,0,0,1,1,0,0,0,0,0,1.0,0,0.0,0,0,0.0,0,0,0,0,0.0
20170719,5085,000415XSHE20170719,20200210004725,0,242359,6.85,164035344.0,000415.XSHE,6.66,1500,6.84,6.72,311558.59375,618452.125,1.1834319527,6.76,3.0,6.800389772413963,6.808355935317372,6.793852672952611,6.760015933358938,6.7936555131716885,6.789076137386191,6.730479691803877,6.721754719565543,6.744231648418177,6.725830977238365,6.765024746134852,6.808330255816139,6.764557482060553,6.720441933987777,6.774085568762543,7.0044014655863815,7.012580163490622,6.96749420652237,6.922055192007412,6.977308135825419,6.596378079241543,6.604080348141655,6.561620757598736,6.518828675968144,6.5708630016996645,6.94,0.6474396703943305,4.008272002919549,27.949535560792604,46.04434039887763,51.02209769178156,36.08882581306976,44.26229508196728,43.93939393939393,51.42857142857145,-0.5813953488372098,1.0339734121122643,59.239130434782616,0.07406453291431786,-0.025270466533697692,6.740944699027223,6.802373998674692,6.796000000000001,6.864999999999998,6.7635000000000005,6.6786666666666665,6.606999999999998,6.620166666666666,0.1200000000000001,0.009999999999999787,0.05999999999999961,0.024066287001669986,6.7515,7.0707036967204475,6.432296303279553,57.08502024291514,39626308,-0.2487944096762585,-0.2896770383227133,2.040306639764848,1.593984962406019,1.1036585365853675,66.66666666666666,6.55,41.19765813930008,53.510976338233526,6.7515,6.867000000000001,6.812,6.76,0,0,1,1,0,0,0,0,0,1.0,0,0.0,0,0,1.0,0,0,0,0,1.0
20170720,5086,000415XSHE20170720,20200210004725,0,453795,7.34,317079872.0,000415.XSHE,6.73,1500,7.08,6.73,311558.59375,618452.125,3.5087719298000004,6.84,4.0,6.893593181609307,6.876266951488029,6.832005649892262,6.789105393962671,6.936827756585845,6.825441620212919,6.753029389106853,6.7373306013235625,6.770059983155241,6.739719958523136,6.773313568604988,6.8577247547586575,6.794599626626215,6.737981351842034,6.781639011509148,7.100400977057588,7.063456497401417,6.9984376154250025,6.9401207923972965,6.9850881818544215,6.686785386161028,6.6519930121158986,6.590761637827427,6.535841911286773,6.578189841163873,6.87,3.7514654161781853,7.500759186152456,-102.16284987277338,53.71209994845811,51.91876511067375,57.29876962402685,30.952380952380928,57.95454545454544,58.87096774193547,2.3121387283237014,3.9647577092511086,63.05418719211824,0.07505678326737218,0.00793800282443452,6.766059906506688,6.845085691186276,6.824000000000002,6.8839999999999995,6.791500000000001,6.698,6.6285,6.626166666666665,0.34999999999999964,0.2599999999999998,0.0,0.031375865281827085,6.7635000000000005,7.090503058089676,6.436496941910326,127.92452830188688,40080103,0.08693790152965765,-0.0809282540733004,2.364278106084659,2.1417322834645702,1.3609467455621318,66.66666666666666,6.72,46.04434039887763,51.02209769178156,6.7635000000000005,6.864999999999998,6.796000000000001,6.84,0,0,1,1,0,0,0,0,0,1.0,0,0.0,1,0,1.0,0,0,0,0,2.0
20170721,5087,000415XSHE20170721,20200210004725,0,312940,7.09,219330448.0,000415.XSHE,6.91,1500,6.94,6.98,311558.59375,618452.125,-1.9774011299,7.08,4.0,6.909062121072871,6.892200213616023,6.846404896573294,6.802823085420608,6.9384138782929226,6.839761417686303,6.765092009164476,6.746142314309495,6.783132292143298,6.747574077796737,6.777700053641699,6.872683890257084,6.808447281233243,6.747835920044862,6.785549159373119,7.116333984705058,7.078864406964798,7.01270069967024,6.950270997646206,6.989115634154313,6.7017902574406865,6.666503373549372,6.604193862796245,6.545400842443517,6.581982684591925,6.57,1.4916642293068323,5.196143818589725,-58.17596668086489,53.26838409262288,52.36863810465679,55.06787606855506,47.61904761904758,53.684210526315816,51.85185185185188,0.0,1.1661807580174937,59.53488372093025,0.07619413354703226,0.00909880223728074,6.778944357876562,6.859687892542233,6.837999999999999,6.876,6.817500000000001,6.7109999999999985,6.6455,6.628333333333333,-0.040000000000000036,0.10999999999999943,0.03000000000000025,0.0312629725176375,6.791500000000001,7.0761664715065695,6.506833528493433,121.16040955631418,39767163,0.22273247410817468,0.15483518781891614,1.5147470138530892,2.0833333333333366,1.2119565217391322,50.0,6.73,53.71209994845811,51.91876511067375,6.791500000000001,6.8839999999999995,6.824000000000002,7.08,0,0,1,1,0,0,0,0,0,1.0,0,0.0,1,0,0.0,1,1,0,0,1.0
20170724,5088,000415XSHE20170724,20200210004725,0,580240,7.31,417118336.0,000415.XSHE,6.96,1500,7.19,7.0,311558.59375,618452.125,3.6023054755,6.94,4.0,7.002708080715247,6.966650160212017,6.8922175770301894,6.838020986746009,7.0642069391464615,6.883541240475514,6.792505427928058,6.7654404745569074,6.8144298081322745,6.764924113961572,6.788550052230075,6.93037772839216,6.8447856354015055,6.7694048995548695,6.795535599882425,7.212789323136707,7.138289060243925,7.05012920446355,6.9724870465415165,6.999401667878897,6.792626838293789,6.722466396540395,6.639442066339459,6.566322752568222,6.591669531885952,6.76,3.2749209997127218,8.695652173913066,-135.806540258312,62.893208442700995,55.87682821733819,76.92596889342659,17.857142857142797,84.44444444444447,55.782312925170096,4.657933042212521,4.354136429608138,62.66094420600861,0.08117775001435566,0.039868931738587216,6.809392923959779,6.910505139843428,6.9620000000000015,6.898999999999999,6.846500000000002,6.736999999999999,6.66375,6.632666666666665,0.1900000000000004,0.11999999999999922,0.040000000000000036,0.03368831582651157,6.817500000000001,7.1286446608894325,6.506355339110567,290.36144578313287,40347403,0.4861260354827109,0.3544292547954428,1.8827267808111496,2.285714285714288,1.4689265536723175,66.66666666666666,6.98,53.26838409262288,52.36863810465679,6.817500000000001,6.876,6.837999999999999,6.94,0,0,1,1,0,0,0,0,0,1.0,0,0.0,1,0,0.0,0,1,0,0,1.0
20170725,5089,000415XSHE20170725,20200210004725,0,306691,7.21,217955040.0,000415.XSHE,7.04,1500,7.08,7.16,311558.59375,618452.125,-1.5299026426,7.19,4.0,7.028472053810165,6.994987620159013,6.917255233426162,6.860019078860008,7.07210346957323,6.908098585416075,6.8110534648359256,6.779116975663129,6.834858284429791,6.777280031061117,6.796219787697706,6.957581777775402,6.867187003458503,6.784555880064389,6.802559412231005,7.2393262154244695,7.166309231108666,7.073202613562258,6.988092556466321,7.006636194597937,6.817617892195861,6.748854324442141,6.661171393354748,6.581019203662457,6.598482629864076,6.84,0.7685738684884624,6.800217220780788,-102.89633439918416,64.94467864434036,58.8994450263389,77.03514588034326,30.952380952380928,69.51219512195122,53.94736842105264,7.762557077625567,0.8547008547008619,61.86440677966104,0.08637087593545595,0.04154500736880229,6.829437892555351,6.936581272175207,7.026000000000002,6.919,6.867999999999999,6.7573333333333325,6.67825,6.635833333333332,-0.08000000000000007,0.049999999999999815,0.040000000000000036,0.03449060856071208,6.846500000000002,7.159779427987221,6.533220572012779,284.61538461538447,40040712,0.5483654018111279,0.5172457186469195,1.2873931906138385,2.1041666666666683,1.340314136125655,66.66666666666666,7.0,62.893208442700995,55.87682821733819,6.846500000000002,6.898999999999999,6.9620000000000015,7.19,0,0,1,1,0,0,0,0,0,1.0,0,0.0,1,0,0.0,1,1,0,0,1.0
20170726,5090,000415XSHE20170726,20200210004725,0,239478,7.14,168897056.0,000415.XSHE,7.0,1500,7.02,7.06,311558.59375,618452.125,-0.8474576270999999,7.08,1.0,7.025648035873443,7.001240715119259,6.930954535636007,6.874562798963642,7.046051734786615,6.9220862622390635,6.824533886459414,6.7895901506342975,6.849099954858269,6.786798461215584,6.802108740653028,6.9689305454526025,6.881740622176743,6.796040959085638,6.807928315632709,7.236417476949644,7.1779984618161805,7.088192840842044,6.999922187858209,7.01216616510169,6.814878594797238,6.7598626290890245,6.67528840351144,6.592159730313068,6.603690466163728,7.08,-0.594732370433315,5.684692279898848,-69.85071665922771,63.931373064480866,60.576754372386226,70.64061044867016,38.095238095238145,61.24999999999997,54.66666666666665,3.8461538461538423,0.8620689655172358,62.931034482758605,0.09026896442673953,0.03118470793026845,6.8435536042179175,6.94941492260979,7.062,6.9289999999999985,6.8885000000000005,6.7763333333333335,6.69225,6.636666666666668,-0.040000000000000036,0.08000000000000007,0.01999999999999957,0.034895315179291515,6.867999999999999,7.164261708629381,6.57173829137062,222.22222222222172,39801234,0.4541152743133702,0.5012403380622491,1.2896977629019342,2.1020408163265323,1.3265306122448979,50.0,7.16,64.94467864434036,58.8994450263389,6.867999999999999,6.919,7.026000000000002,7.08,0,0,1,1,0,0,0,0,0,1.0,0,0.0,1,0,0.0,1,1,0,0,1.0
20170727,5091,000415XSHE20170727,20200210004725,0,246061,7.1,173381776.0,000415.XSHE,6.99,1500,7.07,7.03,311558.59375,618452.125,0.7122507123,7.02,2.0,7.040432023915629,7.018430536339444,6.9494939308845405,6.892329817239674,7.058025867393308,6.940575479459182,6.840370409913646,6.8017818832154155,6.866092266023017,6.797904403913011,6.809158510635845,6.987306809915764,6.899670086731337,6.809404814739997,6.814399221419555,7.2516449846330975,7.196926014213238,7.106660189333278,7.0136869591821975,7.018831198062142,6.829219063198159,6.7776876056182935,6.692679984129398,6.6051226702977965,6.609967244776968,6.94,0.14164305949009456,6.258266201755459,-75.25617335797085,65.23996299536822,62.13115724671356,71.45757449267755,32.142857142857096,49.18032786885247,54.966887417218544,3.3625730994152105,2.76162790697675,60.55045871559632,0.09374298387431754,0.027792155580624256,6.860327411312888,6.967966472977516,7.06,6.9419999999999975,6.909999999999998,6.7943333333333324,6.7102499999999985,6.637666666666665,0.040000000000000036,0.029999999999999364,0.040000000000000036,0.03544253951885185,6.8885000000000005,7.171625413906982,6.605374586093018,117.14285714285677,40047295,0.3768194592539344,0.41546736678365226,1.684658061026446,2.0738255033557067,1.2786069651741303,50.0,7.06,63.931373064480866,60.576754372386226,6.8885000000000005,6.9289999999999985,7.062,7.02,0,0,1,1,0,0,0,0,0,1.0,0,0.0,1,0,0.0,0,1,0,0,1.0
20170728,5092,000415XSHE20170728,20200210004725,0,196954,7.16,139241216.0,000415.XSHE,7.01,1500,7.02,7.07,311558.59375,618452.125,-0.7072135785,7.07,2.0,7.033621349277085,7.018822902254581,6.958894740099937,6.903936197490613,7.039012933696654,6.950503544526784,6.851959415725669,6.8112696274234406,6.8779313224827865,6.8066140351321085,6.814706970882269,6.993251026294716,6.91113007847121,6.819677750606339,6.81947578385364,7.244629989755398,7.203048557083558,7.1184639808253465,7.0242680831245305,7.024060057369247,6.822612708798772,6.783453495505874,6.7037961761170735,6.615087418088149,6.6148915103380315,7.19,-0.7914075749010624,5.373761633143222,-89.83957219251317,64.12822929849943,62.79684793064217,66.79099203421393,38.095238095238145,57.69230769230758,52.597402597402564,-0.8474576271186508,1.4450867052023069,58.44748858447486,0.09575771120067013,0.016117818610820622,6.872155010474894,6.975971630980975,7.075999999999999,6.957000000000002,6.9245,6.8116666666666665,6.727500000000001,6.640666666666665,-0.05000000000000071,0.08999999999999986,0.009999999999999787,0.03656036880262,6.909999999999998,7.18433373835531,6.635666261644689,172.59259259259133,39850341,0.26034136468188684,0.31858041196791065,1.3506791572069057,2.1369863013698644,1.3367346938775515,33.33333333333333,7.03,65.23996299536822,62.13115724671356,6.909999999999998,6.9419999999999975,7.06,7.07,0,0,1,1,0,0,0,0,0,1.0,0,0.0,1,0,0.0,1,1,0,0,1.0
20170731,5093,000415XSHE20170731,20200210004725,0,215040,7.05,150663840.0,000415.XSHE,6.96,1500,6.99,7.04,311558.59375,618452.125,-0.4273504274,7.02,2.0,7.019080899518057,7.011617176690938,6.963042108086611,6.9117601795369215,7.014506466848327,6.9554406014609365,6.8608652598724005,6.819040513187638,6.886551989984108,6.813805641597518,6.819319945332736,6.992659930604768,6.918641499569189,6.827986153015787,6.823686258326388,7.229653326503597,7.202439728522911,7.1262007445562645,7.03282573760626,7.0283968460761805,6.808508472532513,6.782880132686625,6.711082254582112,6.623146568425312,6.618975670576598,7.08,-0.6537805571347268,4.77246837340373,-41.18806306306357,58.92862345390161,61.50743977172865,53.77099081824748,41.66666666666663,16.666666666666814,54.0,0.7204610951008619,0.7204610951008619,58.71559633027522,0.09605528348874666,0.0023805783046123297,6.8808842689582335,6.978129841599287,7.0360000000000005,6.999,6.9355,6.826333333333333,6.74225,6.641499999999999,-0.049999999999999815,0.009999999999999787,0.03000000000000025,0.032520677397416216,6.9245,7.190693538614295,6.658306461385705,57.14285714285633,40065381,0.13261824822337862,0.19647980645263274,1.0800708389341491,1.9545454545454557,1.4462365591397848,33.33333333333333,7.07,64.12822929849943,62.79684793064217,6.9245,6.957000000000002,7.075999999999999,7.02,0,0,1,1,0,0,0,0,0,1.0,0,0.0,1,0,0.0,1,1,0,0,1.0
20170801,5094,000415XSHE20170801,20200210004725,0,279525,7.07,195322656.0,000415.XSHE,6.91,1500,6.97,6.99,311558.59375,618452.125,-0.2861230329,6.99,2.0,7.002720599678703,7.001212882518202,6.9639698270083965,6.917054708669928,6.992253233424162,6.9572605262783185,6.867906210848372,6.8256039691360035,6.892971067677639,6.8199309105544765,6.823285209929242,6.988539943222082,6.923532785324505,6.834913657746723,6.827298943305986,7.212802217669066,7.1981961415187445,7.1312387688842405,7.039961067479125,7.032117911605165,6.792638981688343,6.7788837449254205,6.715826801764767,6.629866248014321,6.622479975006804,7.02,-0.6273167949814725,4.322576782613918,-24.68789013732952,52.400503067628364,58.47179420369522,40.25792079549464,44.047619047619065,23.80952380952395,66.39344262295079,-3.0598052851182285,1.4556040756914068,57.6036866359447,0.09472295929445164,-0.01065859355436019,6.887485434220588,6.976879096737858,7.013999999999999,7.0200000000000005,6.943499999999999,6.841,6.756,6.645166666666666,-0.020000000000000462,0.08000000000000007,0.05999999999999961,0.030526288936302225,6.9355,7.195674941145376,6.675325058854624,68.831168831168,40344906,0.02084270983097637,0.0767304790271775,0.9676212072950208,1.7839506172839512,1.3247422680412368,16.666666666666664,7.04,58.92862345390161,61.50743977172865,6.9355,6.999,7.0360000000000005,6.99,0,0,1,1,0,0,0,0,0,1.0,0,0.0,1,0,0.0,1,1,0,0,1.0
20170802,5095,000415XSHE20170802,20200210004725,0,371290,7.13,262832880.0,000415.XSHE,6.96,1500,7.09,6.99,311558.59375,618452.125,1.7216642755000002,6.97,3.0,7.0318137331191375,7.023409661888652,6.980773850073942,6.932777007881754,7.0411266167120825,6.973852960493529,6.882234842406543,6.837099448738785,6.908127139394745,6.830521855238615,6.830304020194262,7.006987226272613,6.939386805769789,6.847356893954201,6.833785389150281,7.242768145112711,7.217196843060791,7.147568409942883,7.052777600772827,7.0387989508247895,6.820859321125562,6.796777609484434,6.731205201596697,6.641936187135575,6.628771827475772,7.07,0.8821855435401165,5.90625280076483,-89.08268733850021,49.93366871175224,55.62575237304756,38.54950138916161,29.76190476190477,62.96296296296296,64.34782608695649,0.14124293785310432,7.914764079147633,58.18181818181817,0.09413752732698734,-0.004683455739714432,6.902486513167212,6.9942823126243425,7.0280000000000005,7.045,6.955,6.857333333333334,6.77025,6.6545,0.09999999999999963,0.040000000000000036,0.03000000000000025,0.030146254458947575,6.943499999999999,7.208188496161053,6.678811503838945,124.79338842975115,40716196,0.060019396520215824,0.0404310531755961,1.3737447021464853,1.8036809815950927,1.3556701030927842,33.33333333333333,6.99,52.400503067628364,58.47179420369522,6.943499999999999,7.0200000000000005,7.013999999999999,6.97,0,0,1,1,0,0,0,0,0,1.0,0,0.0,1,0,0.0,0,1,0,0,1.0
20170803,5096,000415XSHE20170803,20200210004725,0,258488,7.16,183416944.0,000415.XSHE,7.05,1500,7.07,7.11,311558.59375,618452.125,-0.2820874471,7.09,4.0,7.044542488746092,7.035057246416487,6.992670670064085,6.945251825347048,7.0555633083560405,6.985871340431838,6.894348723541603,6.847225559663185,6.920578897902843,6.839913155033178,6.836611809136517,7.018444094223048,6.951826157601238,6.858217533273507,6.839617848677434,7.255878763408473,7.228997417049738,7.160380942329277,7.063964059271712,7.044806384137758,6.833206214083709,6.807890771396357,6.7432713728732026,6.6524710072753015,6.634429313217112,7.02,0.5976095617529853,5.340008343763059,-101.0519849497044,46.622445807834865,52.624650184643315,34.618037054217936,32.142857142857096,50.0,60.55045871559634,0.7122507122507225,4.585798816568055,56.88073394495414,0.0935172754627784,-0.0049620149136714855,6.91489491959927,7.005931187605213,7.0280000000000005,7.044,6.963999999999999,6.8756666666666675,6.7845,6.662333333333334,-0.040000000000000036,0.049999999999999815,0.020000000000000462,0.023086305122609604,6.955,7.222462146854466,6.687537853145534,156.60377358490447,40457708,0.09582081071616716,0.0779201036181915,1.0467792004492802,1.8625,1.397905759162305,33.33333333333333,6.99,49.93366871175224,55.62575237304756,6.955,7.045,7.0280000000000005,7.09,0,0,1,1,0,0,0,0,0,1.0,0,0.0,1,0,0.0,1,1,0,0,1.0
20170804,5097,000415XSHE20170804,20200210004725,0,261189,7.14,184091792.0,000415.XSHE,6.98,1500,7.06,7.07,311558.59375,618452.125,-0.1414427157,7.07,4.0,7.049694992497394,7.041292934812367,7.001647914055541,6.955683477588226,7.0577816541780205,6.995137422877859,6.905035902667952,6.856476622286526,6.9313035980641615,6.848544011698546,6.842490445738188,7.025999713455222,6.962128428305883,6.868060580430898,6.845059383277992,7.261185842272316,7.236779704858877,7.170992281155062,7.074102397843824,7.050411164776333,6.838204142722473,6.815219722051563,6.753264575456708,6.6620187630179695,6.639707601779652,6.99,0.34110289937464505,4.940840715857077,-38.61820056715533,47.74829720522319,50.99919919150328,41.246493232663,33.33333333333337,60.0,48.83720930232555,-0.14144271570015102,3.2163742690058443,55.8139534883721,0.092535024842579,-0.007858004961595416,6.925643444073399,7.01424946643518,7.0360000000000005,7.056,6.965999999999998,6.897,6.79725,6.6736666666666675,-0.010000000000000677,0.0699999999999994,0.07999999999999917,0.022758934132087842,6.963999999999999,7.2336961252966,6.694303874703397,112.30769230769205,40718897,0.10297418503216964,0.0993974978741684,0.7976534858390429,1.802395209580837,1.3400000000000012,16.666666666666664,7.11,46.622445807834865,52.624650184643315,6.963999999999999,7.044,7.0280000000000005,7.07,0,0,1,1,0,0,0,0,0,1.0,0,0.0,1,0,0.0,1,1,0,0,1.0
20170807,5098,000415XSHE20170807,20200210004725,0,148494,7.08,104479784.0,000415.XSHE,6.98,1500,7.06,7.01,311558.59375,618452.125,0.0,7.06,4.0,7.0531299949982635,7.045969701109273,7.00942819218147,6.965166797807479,7.0588908270890105,7.0032452450181255,6.915033586366794,6.865325464795808,6.941203321289994,6.856836403396641,6.848214381376658,7.032181583736089,6.971449530371991,6.877423478946463,6.850366558999523,7.264723894848211,7.2431470312481725,7.180593016283152,7.083746183314857,7.0558775557695075,6.8415360951483155,6.821216136224008,6.76230604446083,6.671100774578068,6.6448555622295356,6.97,0.14184397163120266,4.7539913347973215,-3.7088228518766515,51.83219813681539,51.27686550660732,52.94286339723152,41.17647058823535,70.58823529411737,58.33333333333325,0.5698005698005704,-0.2824858757062212,54.761904761904745,0.09116646557628187,-0.010948474130376806,6.935595781549442,7.021288010060537,7.05,7.043000000000001,6.971000000000001,6.912000000000001,6.8135,6.686166666666666,0.049999999999999815,0.020000000000000462,0.029999999999999364,0.01930749268248244,6.965999999999998,7.2387563014854095,6.693243698514589,124.0000000000004,40570403,0.09481250196839504,0.09889334350028234,0.6501868082239091,1.7321428571428568,1.2390243902439038,16.666666666666664,7.07,47.74829720522319,50.99919919150328,6.965999999999998,7.056,7.0360000000000005,7.06,0,0,1,1,0,0,0,0,0,1.0,0,0.0,1,0,0.0,0,1,0,0,1.0
20170808,5099,000415XSHE20170808,20200210004725,0,129258,7.1,91288712.0,000415.XSHE,7.03,1500,7.05,7.03,311558.59375,618452.125,-0.1416430595,7.06,4.0,7.052086663332175,7.046977275831956,7.014837766557273,6.972878907097707,7.054445413544505,7.009089589390861,6.923741096923775,6.873354792413381,6.949572296575379,6.864411446400695,6.853524529235166,7.035421295784071,6.978930527479421,6.885841845827124,6.855295779764965,7.263649263232139,7.246483934657595,7.188298443303803,7.092417101201937,7.060954653157915,6.840524063432209,6.824358656910551,6.769562611655037,6.679266590452309,6.6496369063720175,7.09,-0.2264364562694596,4.435161318993872,-3.7159920371585273,53.221465424543545,51.92506547925273,55.814265315125176,47.540983606557425,75.0,35.41666666666667,0.8583690987124408,1.5850144092218938,53.846153846153854,0.0892601866971566,-0.015250231033002215,6.9440701681013355,7.025705239281992,7.066,7.040000000000001,6.9795,6.925333333333333,6.827999999999999,6.6976666666666675,0.01999999999999957,0.049999999999999815,0.0,0.01789927054039804,6.971000000000001,7.2424755974300465,6.699524402569955,154.16666666666768,40441145,0.07105081238370049,0.08293165717604778,0.8395199631266128,1.8260869565217388,1.2413793103448298,16.666666666666664,7.01,51.83219813681539,51.27686550660732,6.971000000000001,7.043000000000001,7.05,7.06,0,0,1,1,0,0,0,0,0,1.0,0,0.0,1,0,0.0,0,1,0,0,1.0
20170809,5100,000415XSHE20170809,20200210004725,0,204491,7.04,142304528.0,000415.XSHE,6.9,1500,6.9,7.02,311558.59375,618452.125,-2.1276595745,7.05,1.0,7.001391108888117,7.010232956873968,6.999526064349637,6.966253551907008,6.9772227067722525,6.995453390717003,6.922209413251274,6.874513279699756,6.945759042992657,6.865807075953609,6.854747567939503,7.010799242005152,6.971413334386144,6.886532487494093,6.856399587672003,7.21143284215476,7.221123219265307,7.180555734417727,7.0931284621189175,7.062091575302165,6.791349375621474,6.800475264744997,6.762270934354559,6.679936512869271,6.650707600041843,7.07,-1.8212862834376795,2.0800662780720462,81.79295031917901,35.4809769496957,46.443702636067044,13.555525576953,100.0,0.0,32.692307692307764,-1.0043041606886571,-4.033379694019471,47.14285714285717,0.08452020145676638,-0.03791988192312182,6.940805711204941,7.006365971700148,7.0280000000000005,7.0280000000000005,6.978500000000001,6.9350000000000005,6.83925,6.706666666666666,-0.11999999999999922,0.020000000000000462,0.0,0.017933954053342426,6.9795,7.251990366802205,6.707009633197795,53.64238410596038,40645636,-0.08856058189461131,-0.008754884755455411,0.4562531602727213,1.7272727272727268,1.1428571428571448,16.666666666666664,7.03,53.221465424543545,51.92506547925273,6.9795,7.040000000000001,7.066,7.05,0,0,1,0,0,0,0,0,0,1.0,0,0.0,1,0,0.0,1,1,0,0,1.0
20170810,5101,000415XSHE20170810,20200210004725,0,211401,6.94,144418272.0,000415.XSHE,6.75,1500,6.77,6.9,311558.59375,618452.125,-1.8840579709999998,6.9,2.0,6.924260739258744,6.950174717655475,6.968922589103018,6.9484123199154615,6.873611353386125,6.967271716877378,6.91238945110603,6.869969224060638,6.932239116608608,6.862049935720134,6.8525173687832,6.967017561640577,6.952231112063652,6.880847975909018,6.854266264519607,7.131988561436508,7.176028088489796,7.160798045425563,7.087273415186287,7.059894252455196,6.716532917080983,6.75800703479136,6.743664178701741,6.674422536631746,6.64863827658402,7.06,-2.841561423650994,0.03250687077042895,244.12331406551084,25.280000893293032,39.38913538847571,-2.9382680970723243,96.42857142857149,0.0,28.813559322033953,-4.513399153737661,-4.378531073446334,45.6221198156682,0.07598586911603307,-0.06827465872586641,6.928153436300871,6.970001976053973,6.968000000000001,6.997999999999999,6.9700000000000015,6.939333333333334,6.84525,6.7109999999999985,-0.13000000000000078,0.040000000000000036,0.01999999999999957,0.019184583442088447,6.978500000000001,7.265484320129168,6.691515679870834,21.100917431192574,40857037,-0.3340803527481989,-0.2113204673214051,0.4795453254800527,1.5505617977528081,1.0825688073394508,0.0,7.02,35.4809769496957,46.443702636067044,6.978500000000001,7.0280000000000005,7.0280000000000005,6.9,0,0,0,0,0,0,0,0,0,0.0,0,0.0,0,0,0.0,1,0,0,0,0.0
20170811,5102,000415XSHE20170811,20200210004725,0,130551,6.79,88074096.0,000415.XSHE,6.7,1500,6.71,6.74,311558.59375,618452.125,-0.8862629247,6.77,2.0,6.852840492839162,6.890131038241607,6.934399577222616,6.9267384726504195,6.791805676693063,6.935112752267705,6.899332067163705,6.863014040405827,6.915143799946407,6.856087193142875,6.848766911709957,6.920287095887746,6.9291614823433045,6.872513928303699,6.850704134531469,7.0584257076243375,7.1278957087643775,7.137036326813604,7.07868934615281,7.056225258567412,6.647255278053987,6.712678483011112,6.721286637873004,6.6663385104545885,6.645183010495526,7.06,-2.7254276601913436,-0.9652566638131986,848.0127186009712,17.577971610021425,32.11874746232428,-11.50358009458428,98.03921568627457,0.0,20.0,-5.091937765205096,-4.415954415954411,46.04651162790698,0.06439024520179877,-0.09276499131387432,6.911993922500807,6.930001672045669,6.897999999999999,6.966999999999999,6.9620000000000015,6.938666666666667,6.8504999999999985,6.712833333333332,-0.03000000000000025,0.049999999999999815,0.009999999999999787,0.01838911297448682,6.9700000000000015,7.275980391528607,6.664019608471392,8.256880733944955,40726486,-0.5466658299827492,-0.440373091365474,0.5092644166407323,1.5222222222222206,1.045045045045047,0.0,6.9,25.280000893293032,39.38913538847571,6.9700000000000015,6.997999999999999,6.968000000000001,6.77,0,0,0,0,0,0,1,0,0,1.0,1,1.0,0,0,0.0,1,0,0,0,1.0
20170814,5103,000415XSHE20170814,20200210004725,0,133706,6.85,90854680.0,000415.XSHE,6.71,1500,6.82,6.73,311558.59375,618452.125,1.6393442622999999,6.71,3.0,6.841893661892777,6.872598278681205,6.919146300259602,6.917034975136744,6.805902838346531,6.920723658234242,6.894213869282176,6.8611438647360075,6.9078250461043735,6.854672009098054,6.8480098877175895,6.90205307845361,6.918765150691563,6.869952273264494,6.849946007752915,7.04715047174956,7.109114670807219,7.126328105212308,7.076050841462428,7.055444387985503,6.636636852035992,6.694991486100003,6.711202196170815,6.6638537050665585,6.644447627520327,7.05,-0.4379562043795528,0.5336242224122174,-2244.5115810673487,20.414299913927337,28.217264946191964,4.808369849398083,73.91304347826085,23.913043478260942,34.848484848484915,-3.3994334277620304,-3.5360678925035365,47.74774774774775,0.053091952164174734,-0.09038634430099246,6.905179557871118,6.913078337884795,6.85,6.95,6.974499999999999,6.940333333333334,6.857249999999999,6.717999999999999,0.08999999999999986,0.029999999999999364,0.020000000000000462,0.01915434525017182,6.9620000000000015,7.2194859219452585,6.704514078054742,30.56994818652831,40860192,-0.5437760149856364,-0.5452209224841928,0.4453405961064815,1.4944444444444416,1.0502283105022845,16.666666666666664,6.74,17.577971610021425,32.11874746232428,6.9620000000000015,6.966999999999999,6.897999999999999,6.71,0,0,0,0,0,0,1,0,0,1.0,0,0.0,0,0,1.0,0,0,0,0,1.0
20170815,5104,000415XSHE20170815,20200210004725,0,81387,6.85,55541616.0,000415.XSHE,6.8,1500,6.82,6.82,311558.59375,618452.125,0.0,6.82,4.0,6.834595774595183,6.859448709010904,6.9059267935583195,6.908213613760675,6.812951419173267,6.9081332009549605,6.889425877715584,6.859355001051834,6.901069273327116,6.853312322466757,6.847272785409232,6.8871343369165885,6.909358945863795,6.8675155770076906,6.8492066001540755,7.039633647833038,7.093748367024088,7.116639714239709,7.0735410443179205,7.0546827981587,6.6295579013573285,6.680520306809092,6.7020781774878815,6.661490109697459,6.643730402149455,6.9,0.23515579071135956,0.4152065726317161,-390.8943089430844,22.305185449864613,26.246571780749512,14.422412788094805,73.91304347826085,24.444444444444503,36.50793650793653,-3.3994334277620304,-2.8490028490028387,47.27272727272727,0.04245128825195037,-0.08512531129779485,6.8988699609917745,6.8987585935948275,6.8039999999999985,6.935,6.977499999999999,6.940666666666668,6.8645,6.723499999999999,0.0,0.029999999999999364,0.020000000000000462,0.017591930712795457,6.974499999999999,7.223166443252803,6.725833556747196,30.481283422459448,40778805,-0.460457558149563,-0.5021167865675997,0.5142079152430235,1.5260115606936375,1.0516431924882632,16.666666666666664,6.73,20.414299913927337,28.217264946191964,6.974499999999999,6.95,6.85,6.82,0,0,0,0,0,0,1,0,0,1.0,0,0.0,0,0,1.0,0,0,0,0,1.0
20170816,5105,000415XSHE20170816,20200210004725,0,106550,6.84,72334376.0,000415.XSHE,6.73,1500,6.82,6.82,311558.59375,618452.125,0.0,6.82,4.0,6.82973051639679,6.849586531758177,6.894469887750543,6.900194194327887,6.8164757095866335,6.89711655083559,6.884946788830707,6.85764391404958,6.894833175378874,6.852005956879825,6.846555080530043,6.874928093840845,6.900848570067242,6.865197743982924,6.848485449532987,7.0346224318886925,7.081175936656071,7.10787402716926,7.071153676302411,7.053940013018978,6.6248386009048845,6.668680251025619,6.693823112965225,6.659241811663438,6.643030886046997,6.77,0.4714201532115633,0.3265762452558409,-232.69306154449023,23.961032724152183,25.4847254285504,20.913647315355753,73.91304347826085,36.666666666666686,37.704918032786935,-3.2624113475177237,-2.4320457796852635,48.82629107981222,0.032683859647336215,-0.07813942883691324,6.893027741659052,6.886641886887932,6.7879999999999985,6.908,6.976499999999999,6.939333333333334,6.87,6.7301666666666655,0.0,0.01999999999999957,0.08999999999999986,0.01680709063817877,6.977499999999999,7.228519919528312,6.726480080471688,44.09937888198679,40885355,-0.3593673232157946,-0.4099124406826789,0.608994358555265,1.5260115606936375,1.0613207547169812,16.666666666666664,6.82,22.305185449864613,26.246571780749512,6.977499999999999,6.935,6.8039999999999985,6.82,0,0,0,0,0,0,1,0,0,1.0,0,0.0,0,0,1.0,0,0,0,0,1.0
20170817,5106,000415XSHE20170817,20200210004725,0,117521,6.87,80416608.0,000415.XSHE,6.81,1500,6.86,6.82,311558.59375,618452.125,0.5865102639,6.82,4.0,6.839820344264528,6.852189898818632,6.889873902717137,6.8965401766617145,6.8382378547933165,6.892476981981143,6.883337318583566,6.8577463525691655,6.892153700349731,6.8523194487668935,6.846908894200305,6.872213894960692,6.896958230060839,6.864944195495952,6.848769759421063,7.045014954592463,7.0783803118095125,7.103866976962665,7.0708925213608325,7.054232852203693,6.63462573393659,6.666047478111872,6.6900494831590125,6.658995869631075,6.643306666638429,6.71,0.7934175727299481,0.8082292432035488,-98.63387978142023,29.30735514943482,26.75893533551187,34.404194777280715,65.2173913043478,71.4285714285716,28.301886792452887,-0.5797101449275368,-1.5781922525107523,57.75401069518716,0.02453946627429281,-0.06515514698434717,6.890581242276899,6.882543135059018,6.806,6.8870000000000005,6.9655000000000005,6.9383333333333335,6.8785,6.740833333333333,0.040000000000000036,0.009999999999999787,0.010000000000000677,0.016125856333990336,6.976499999999999,7.227695143265151,6.725304856734848,114.28571428571215,41002876,-0.22965881971897245,-0.29451307146738354,0.8570359071743233,1.5411764705882305,1.0769230769230762,33.33333333333333,6.82,23.961032724152183,25.4847254285504,6.976499999999999,6.908,6.7879999999999985,6.82,0,0,0,0,0,0,1,0,0,1.0,0,0.0,0,0,1.0,0,0,0,0,1.0
20170818,5107,000415XSHE20170818,20200210004725,0,137911,6.94,94596304.0,000415.XSHE,6.79,1500,6.88,6.84,311558.59375,618452.125,0.29154518949999997,6.86,4.0,6.853213562843018,6.859142424113975,6.888557382354852,6.895036524237923,6.859118927396658,6.8909173592335,6.883122007707206,6.8587139024574615,6.891218800322827,6.8534049605799545,6.847779712773982,6.873629550422383,6.895343160531236,6.865678624983955,6.849540876472392,7.0588099697283075,7.079838436935057,7.102203455347174,7.071648983733474,7.055027102766565,6.647617155957727,6.667420663909713,6.688482865715297,6.6597082662344365,6.64405465017822,6.82,0.5847953216374144,1.0041693581537443,-54.317138650731536,34.53823676628988,29.352035812437876,44.910638673993866,60.869565217391354,100.0,32.075471698113176,1.6248153618906989,-2.961918194640338,53.529411764705884,0.01810246041119309,-0.05149604690479775,6.8897974465526834,6.882151883511478,6.840000000000002,6.869,6.9625,6.933666666666667,6.889999999999999,6.751166666666666,0.040000000000000036,0.0600000000000005,0.049999999999999815,0.016039799940288528,6.9655000000000005,7.21926169923769,6.7117383007623115,213.84615384615097,41140787,-0.10578613959149004,-0.16772247965523124,0.6558624622173223,1.5882352941176423,1.085308056872037,50.0,6.82,29.30735514943482,26.75893533551187,6.9655000000000005,6.8870000000000005,6.806,6.86,0,0,0,0,0,0,1,0,0,1.0,0,0.0,0,0,1.0,0,0,0,0,1.0
20170821,5108,000415XSHE20170821,20200210004725,0,143165,6.9,98173976.0,000415.XSHE,6.83,1500,6.88,6.87,311558.59375,618452.125,0.0,6.88,4.0,6.862142375228679,6.864356818085481,6.887416398040871,6.8936695674890185,6.8695594636983275,6.889552689329313,6.882920587855128,6.859639384959311,6.89035581568261,6.854447903302308,6.848627615069404,6.874787813981952,6.893881907147307,6.866377228643276,6.85029295359653,7.0680066464855384,7.0810314484014105,7.100698364361726,7.072368545502575,7.0558017422044275,6.656278103971817,6.668544179562493,6.687065449932888,6.660385911783977,6.644784164988633,6.82,0.4086398131932351,0.8649758099985494,-42.71034039820183,40.67255000105597,33.12554054197725,55.76656891921343,60.869565217391354,100.0,32.6923076923077,2.533532041728762,-2.6874115983026927,51.23456790123456,0.013031791276696469,-0.04056535307597299,6.889071709771002,6.881820824509712,6.8519999999999985,6.851000000000001,6.947,6.931,6.89675,6.758166666666668,0.009999999999999787,0.020000000000000462,0.040000000000000036,0.015640811205852805,6.9625,7.195832380950438,6.729167619049562,134.66666666666578,41283952,-0.01991628160704113,-0.0628512105992656,1.0026874430526602,1.6190476190476148,1.1256038647342994,50.0,6.84,34.53823676628988,29.352035812437876,6.9625,6.869,6.840000000000002,6.88,0,0,0,1,0,0,0,0,0,0.0,0,0.0,0,0,1.0,0,0,0,0,1.0
20170822,5109,000415XSHE20170822,20200210004725,0,130547,6.87,89046424.0,000415.XSHE,6.77,1500,6.8,6.87,311558.59375,618452.125,-1.1627906977,6.88,1.0,6.841428250152452,6.848267613564111,6.875760878302089,6.885154152262744,6.834779731849164,6.878358603163147,6.8775708725096365,6.85704636822195,6.88340536832241,6.852312691408101,6.84734794098863,6.861190029621596,6.884940773133278,6.86313931505092,6.8490511522731605,7.046671097657026,7.067025730510244,7.091488996327276,7.069033494502448,7.054522686841356,6.636185402647881,6.6553543287329475,6.67839254993928,6.657245135599393,6.6435796177049635,6.82,-0.7009345794392401,-0.4042416075926935,-67.42857142857093,41.00392222292614,35.75166776896021,51.508431130858,78.26086956521749,42.85714285714268,28.33333333333334,-0.2932551319648162,-3.682719546742207,40.41095890410959,0.007777273023527494,-0.04203614602535179,6.882473805343522,6.869233005354372,6.847999999999999,6.8260000000000005,6.933,6.928333333333334,6.900500000000001,6.763166666666668,-0.07000000000000027,0.0,0.03000000000000025,0.016118491639728498,6.947,7.180332380950437,6.713667619049562,68.96551724137915,41153405,-0.045933752068564634,-0.032925016837802884,1.1725968388700558,1.7483443708609216,1.2311827956989247,33.33333333333333,6.87,40.67255000105597,33.12554054197725,6.947,6.851000000000001,6.8519999999999985,6.88,0,0,0,1,0,0,0,0,0,0.0,0,0.0,0,0,0.0,1,0,0,0,0.0
20170823,5110,000415XSHE20170823,20200210004725,0,113413,6.85,77384040.0,000415.XSHE,6.79,1500,6.83,6.8,311558.59375,618452.125,0.44117647060000004,6.8,2.0,6.837618833434969,6.843700710173082,6.8696594278618095,6.8801401384206775,6.832389865924583,6.872313777767753,6.874501783960628,6.855870439168823,6.8792972630668405,6.851437683901901,6.8468914162257715,6.855519115144942,6.879708318549156,6.861522763097218,6.848580753451602,7.042747398438017,7.061184688599291,7.086099568105631,7.067368445990133,7.0540381760551485,6.63249026843192,6.649853541690594,6.673317068992682,6.655677080204301,6.643123330848052,6.86,-0.2919708029197018,-0.07607677902619588,-38.49312622746003,45.39150370417296,38.96494641403113,58.244618284456614,70.45454545454545,52.94117647058817,32.25806451612905,0.14662756598240154,-3.2577903682719485,45.925925925925924,0.003143878734266186,-0.03706715431409045,6.878586856799557,6.863197158376777,6.85,6.819,6.9235,6.925333333333334,6.9060000000000015,6.769333333333333,0.03000000000000025,0.01999999999999957,0.009999999999999787,0.01496798343848505,6.933,7.166861069868416,6.699138930131585,102.298850574713,41039992,-0.056063555466515216,-0.05099865376753993,1.127093741102796,1.6666666666666614,1.177777777777778,50.0,6.87,41.00392222292614,35.75166776896021,6.933,6.8260000000000005,6.847999999999999,6.8,0,0,0,1,0,0,0,0,0,0.0,0,0.0,0,0,0.0,0,0,0,0,0.0
20170824,5111,000415XSHE20170824,20200210004725,0,92882,6.83,62997408.0,000415.XSHE,6.74,1500,6.74,6.83,311558.59375,618452.125,-1.317715959,6.83,2.0,6.8050792222899785,6.817775532629813,6.852371504146903,6.867400125836978,6.7861949329622915,6.855774555546786,6.8658242495115545,6.85083259398757,6.868582088984776,6.847067578650846,6.844078484219829,6.834515639664044,6.8664027644016175,6.8555948234339406,6.8458997471935366,7.009231598958678,7.039551108853964,7.072394847333666,7.061262668136957,7.051276739609343,6.600926845621281,6.629480170474122,6.6604106814695685,6.649926978730921,6.640522754777731,6.88,-1.2598886610020554,-1.4533438605725542,-55.55016442934875,34.60882855640518,37.51290712815582,28.800671412903924,89.99999999999999,22.727272727272673,35.714285714285715,-1.1730205278592385,-4.39716312056737,31.092436974789944,-0.0023003798740985058,-0.04355406886691754,6.868321163703293,6.844243749395733,6.8260000000000005,6.816,6.907000000000001,6.918666666666668,6.908499999999999,6.775833333333333,-0.08999999999999986,0.0,0.0,0.013496795749737774,6.9235,7.160236140037807,6.686763859962193,51.61290322580729,40947110,-0.13972777526755986,-0.09789566536703752,0.8562743932473645,1.5466666666666615,1.1340782122905029,50.0,6.8,45.39150370417296,38.96494641403113,6.9235,6.819,6.85,6.83,0,0,0,0,0,0,0,0,0,0.0,0,0.0,0,0,0.0,1,0,0,0,0.0
20170825,5112,000415XSHE20170825,20200210004725,0,134571,6.82,91229808.0,000415.XSHE,6.73,1500,6.81,6.73,311558.59375,618452.125,1.0385756677,6.74,2.0,6.8067194815266525,6.8158316494723605,6.846721970260648,6.862181932579071,6.7980974664811455,6.850052736103437,6.862222685026937,6.849057263814198,6.864075774447485,6.84561394811552,6.843181682003517,6.8300582506342185,6.8610310725538435,6.853370685705456,6.8450133336825845,7.010921065972452,7.034959998153245,7.066862004730459,7.0589718062766185,7.050363733693062,6.602517897080853,6.625156503115193,6.655200140377228,6.6477695651342925,6.639662933672107,6.88,-0.029359953024084968,-0.5200420708192071,-32.23397635345372,35.77096506934936,36.93225977522033,33.448375657607414,72.5000000000001,37.03703703703696,54.00000000000002,-0.7288629737609432,-1.3043478260869672,38.26086956521738,-0.006845423348302515,-0.036360347793632064,6.864001077503048,6.838975480257928,6.812,6.8260000000000005,6.8965000000000005,6.916666666666668,6.910499999999999,6.783833333333334,0.07999999999999917,0.010000000000000677,0.0,0.013477099983670951,6.907000000000001,7.14137363332935,6.672626366670652,45.13274336283203,41081681,-0.13563085130101074,-0.1376793132842853,1.325936396402818,1.1999999999999955,0.952662721893491,50.0,6.83,34.60882855640518,37.51290712815582,6.907000000000001,6.816,6.8260000000000005,6.74,0,0,0,0,0,0,0,0,0,0.0,0,0.0,0,0,0.0,0,0,0,0,0.0
20170828,5113,000415XSHE20170828,20200210004725,0,271984,6.98,187613584.0,000415.XSHE,6.79,1500,6.94,6.83,311558.59375,618452.125,1.9089574156,6.81,3.0,6.851146321017769,6.846873737104271,6.859159040892563,6.869256302344611,6.8690487332405725,6.861296144090508,6.867240576315521,6.853011295822276,6.869916099489987,6.849315361914911,6.845729532477112,6.850047659609815,6.868551922786812,6.8575965059149455,6.847358683468201,7.056680710648303,7.0555490893981085,7.074608480470417,7.063324401092394,7.052779443972248,6.645611931387236,6.64454622982152,6.662495365103207,6.6518686107374965,6.6419379229641535,6.8,1.6998827667057526,1.2636063851518922,47.90614306664475,51.8473100462329,41.903943198891184,71.73404374091635,29.411764705882263,57.50000000000005,70.17543859649126,0.8720930232558213,2.511078286558358,46.72131147540987,-0.0084989213292892,-0.013227983847893476,6.869630627317637,6.854517714064402,6.824,6.838000000000001,6.894,6.929000000000001,6.9147500000000015,6.792833333333332,0.11000000000000032,0.040000000000000036,0.040000000000000036,0.014162066221300581,6.8965000000000005,7.127878477823674,6.665121522176328,118.55670103092821,41353665,0.0165308899658372,-0.05954998066758679,2.5588644676787617,1.2517006802721051,1.1493506493506505,50.0,6.73,35.77096506934936,36.93225977522033,6.8965000000000005,6.8260000000000005,6.812,6.81,0,0,1,1,0,0,0,0,0,1.0,0,0.0,0,0,1.0,0,0,0,0,1.0
20170829,5114,000415XSHE20170829,20200210004725,0,146139,6.98,101370032.0,000415.XSHE,6.91,1500,6.93,6.95,311558.59375,618452.125,-0.144092219,6.94,4.0,6.877430880678513,6.867655302828203,6.868604502106887,6.8747784566769194,6.899524366620287,6.869884126079192,6.87128957139194,6.8563586307865245,6.874537937990757,6.852479465369228,6.847947176359294,6.864584448771666,6.874404120616638,6.861128383675193,6.84939920980232,7.083753807098867,7.070521982234816,7.080636244235138,7.066962235185446,7.054881186096388,6.671107954258157,6.658646915308515,6.6681719969981375,6.655294532164936,6.643917233508249,6.83,1.1678832116788334,0.9997959600081484,83.81315538608244,61.23154003082185,48.34647547620141,87.00166914006272,17.857142857143096,69.69696969696962,61.702127659574394,0.726744186046509,3.2786885245901605,44.06779661016947,-0.008393548915912595,0.0008429793070128255,6.874102432701515,6.866130373439108,6.85,6.848999999999998,6.892,6.9346666666666685,6.91775,6.801333333333332,-0.020000000000000462,0.03000000000000025,0.01999999999999957,0.014439029401489578,6.894,7.123399215343036,6.664600784656964,250.87719298246037,41207526,0.1367775796663307,0.07665423481608394,2.472813899229079,1.061224489795915,0.905660377358492,50.0,6.83,51.8473100462329,41.903943198891184,6.894,6.838000000000001,6.824,6.94,0,0,1,1,0,0,0,0,0,1.0,0,0.0,1,0,0.0,1,1,0,0,1.0
20170830,5115,000415XSHE20170830,20200210004725,0,206905,7.03,144399600.0,000415.XSHE,6.89,1500,6.98,6.9,311558.59375,618452.125,0.7215007215000001,6.93,4.0,6.911620587119009,6.8957414771211525,6.883457235159303,6.884344051524472,6.939762183310144,6.883648610319295,6.878303147431169,6.861734342491458,6.88265040429916,6.857480270648867,6.851422250665628,6.885569094449545,6.8844608710341015,6.866926999105671,6.852623920671399,7.1189692047325766,7.092136167283032,7.090994697165124,7.07293480907884,7.058202638291541,6.704271969505438,6.679002021616058,6.677927044903077,6.660919189132501,6.647045203051258,6.74,1.4534883720930178,1.6159557431940303,132.35113566605332,68.59880446499236,55.097251805798386,95.60190978338028,15.151515151515095,71.4285714285714,65.38461538461536,2.647058823529421,2.346041055718477,48.30508474576275,-0.00637442301681954,0.01615300719274444,6.881946696945847,6.8836487775254005,6.880000000000001,6.865,6.8865,6.939333333333334,6.92075,6.809,0.08000000000000007,0.049999999999999815,0.010000000000000677,0.014831856834708928,6.892,7.106967439394901,6.6770325606051015,241.17647058823775,41414431,0.24553043844796985,0.19115400905715024,2.630728108789707,1.2058823529411724,1.0270270270270294,66.66666666666666,6.95,61.23154003082185,48.34647547620141,6.892,6.848999999999998,6.85,6.93,0,0,1,1,0,0,0,0,0,1.0,0,0.0,1,0,0.0,0,1,0,0,1.0
20170831,5116,000415XSHE20170831,20200210004725,0,189313,7.01,132103592.0,000415.XSHE,6.94,1500,6.99,6.97,311558.59375,618452.125,0.1432664756,6.98,4.0,6.9377470580793394,6.919306107840863,6.897662937138063,6.893949137749519,6.964881091655072,6.896942534029383,6.8855093959839975,6.867311110209222,6.890908065506919,6.862677122780285,6.855069033542848,6.9045565318223545,6.8945122166499,6.872930560124908,6.85601592263013,7.145879469821719,7.1116932277770255,7.101347583149398,7.079118476928655,7.061696400309034,6.729614646336957,6.697419835867684,6.687676850150403,6.66674264332116,6.650335444951224,6.81,0.8658008658008731,1.622470341939962,227.5464046170614,74.62142519888378,61.60530960349352,100.65365638966429,12.5,96.29629629629606,66.03773584905656,2.3426061493411443,2.4926686217008784,50.0,-0.0030875666655106925,0.02629485081047079,6.889950645320231,6.900010504059955,6.93,6.877999999999999,6.8825,6.936333333333334,6.923249999999999,6.817166666666667,0.020000000000000462,0.01999999999999957,0.029999999999999364,0.014958651881360313,6.8865,7.090350435368679,6.682649564631322,386.9565217391299,41225118,0.3066060192008254,0.27606822882439763,3.2353805076588706,1.2030075187969886,1.0347222222222243,66.66666666666666,6.9,68.59880446499236,55.097251805798386,6.8865,6.865,6.880000000000001,6.98,0,0,1,1,0,0,0,0,0,1.0,0,0.0,1,0,0.0,0,1,0,0,1.0
20170901,5117,000415XSHE20170901,20200210004725,0,195188,7.05,135996080.0,000415.XSHE,6.85,1500,6.97,6.98,311558.59375,618452.125,-0.2861230329,6.99,4.0,6.948498038719559,6.931979580880648,6.907307878852987,6.9008628524995625,6.967440545827537,6.906074717275709,6.890960402694707,6.871775844547951,6.896992060467923,6.866885863063412,6.858093532660142,6.9164553442182894,6.90170152934991,6.8776656547529615,6.858830344293582,7.1569529798811455,7.123949004544837,7.108752575230408,7.083995624395549,7.064595254622391,6.740043097557972,6.708961683891741,6.694650483469412,6.671335685110372,6.653065433964776,6.94,0.1149095087618374,1.1699131999883423,360.9789727680072,74.74761679925585,65.98607866874761,92.27069306027228,25.00000000000007,86.363636363636,60.7843137254901,3.4124629080118623,2.1994134897360627,50.0,0.0005095250019116337,0.028776733339378607,6.8958802271483615,6.9107781188199615,6.9620000000000015,6.8870000000000005,6.877999999999999,6.937333333333332,6.922000000000001,6.8241666666666685,-0.010000000000000677,0.0699999999999994,0.1200000000000001,0.01564785978233125,6.8825,7.074082880237249,6.690917119762752,211.6279069767435,41420306,0.29721962867919904,0.30191282394001223,2.3280549476233983,1.1267605633802775,0.9483870967741946,66.66666666666666,6.97,74.62142519888378,61.60530960349352,6.8825,6.877999999999999,6.93,6.99,0,0,1,1,0,0,0,0,0,1.0,0,0.0,1,1,0.0,1,1,0,0,2.0
20170904,5118,000415XSHE20170904,20200210004725,0,150308,7.01,104802168.0,000415.XSHE,6.91,1500,6.98,6.95,311558.59375,618452.125,0.143472023,6.97,4.0,6.958998692479706,6.943984685660486,6.917000161672589,6.908057138635968,6.973720272913767,6.9153153776162455,6.896704892843436,6.8764812426110815,6.903377286585775,6.871321711570729,6.861301597590139,6.928008917996782,6.909158526554681,6.882657574033304,6.861822187644359,7.167768653254098,7.135849185536688,7.1164332823513226,7.0891373012543015,7.0676768532736896,6.750228731705315,6.720168650456879,6.701883770758041,6.676177846812304,6.655967522015027,6.93,0.14347202295554612,1.206356571163408,-49733.33333343074,75.87341119950396,69.28185617899973,89.05652124051237,21.87499999999985,69.99999999999955,60.0,2.496328928047002,1.7492711370262406,44.761904761904795,0.004270883515097023,0.03009086810548312,6.902111321433668,6.9214276390015055,6.969999999999999,6.897,6.874,6.930333333333333,6.9224999999999985,6.8336666666666686,0.03000000000000025,0.029999999999999364,0.040000000000000036,0.016063082678313117,6.877999999999999,7.05715356541247,6.69884643458753,120.95238095238085,41269998,0.26613037993219113,0.2816750043056951,2.386110107727939,1.1214285714285674,0.9161290322580662,66.66666666666666,6.98,74.74761679925585,65.98607866874761,6.877999999999999,6.8870000000000005,6.9620000000000015,6.97,0,0,1,1,0,0,0,0,0,1.0,0,0.0,1,1,0.0,0,1,0,0,2.0
20170905,5119,000415XSHE20170905,20200210004725,0,157953,7.0,110160936.0,000415.XSHE,6.94,1500,6.99,6.98,311558.59375,618452.125,0.1432664756,6.98,4.0,6.969332461653138,6.955488514245364,6.926733473449577,6.91550648966906,6.981860136456884,6.924650955414215,6.902723932014828,6.881416840758427,6.910040572233022,6.875975762097366,6.864688397653557,6.93928002381555,6.916857714501853,6.887893789934116,6.864987071900054,7.1784124355027314,7.147458424530016,7.12436344593691,7.094530603632141,7.070936684057057,6.760252487803544,6.731101623101082,6.709351983066799,6.681256976236093,6.659037459743053,6.98,0.11458034947005324,1.251520945593555,-335.59096945551397,77.665607466336,72.07643994144516,88.84394251611769,18.749999999999915,79.99999999999983,60.78431372549018,0.7204610951008619,1.5988372093023302,46.15384615384616,0.008087834628320278,0.03053560890578604,6.908621593920063,6.931977233001275,6.982000000000001,6.916,6.871,6.9273333333333325,6.92525,6.842333333333333,0.009999999999999787,0.009999999999999787,0.040000000000000036,0.015450863541731431,6.874,7.0429852064531095,6.70501479354689,96.55172413793079,41427951,0.2334740138766624,0.2498021969044268,2.421597999844181,1.1617647058823486,0.9215686274509814,66.66666666666666,6.95,75.87341119950396,69.28185617899973,6.874,6.897,6.969999999999999,6.98,0,0,1,1,0,0,0,0,0,1.0,0,0.0,1,1,0.0,0,1,0,0,2.0
20170906,5120,000415XSHE20170906,20200210004725,0,187525,7.05,131030800.0,000415.XSHE,6.93,1500,7.02,6.98,311558.59375,618452.125,0.4291845494,6.99,4.0,6.986221641102091,6.9716163856840225,6.939169010322965,6.925005899699143,7.000930068228443,6.936569585987438,6.910290129949354,6.887442195508063,6.91849898975356,6.881623771426883,6.868775545083728,6.953956383121813,6.9266807893112015,6.894337995303186,6.868814551606223,7.195808290335154,7.162575074615469,7.134481212990536,7.101168135162282,7.074878988154412,6.776634991869027,6.745337691628159,6.7188803656318665,6.687507855444091,6.662750115058037,6.99,0.429184549356214,1.5654388147804694,-216.7979002624689,81.9854049775573,75.37942828681587,95.19735835904017,9.375000000000096,74.99999999999946,73.91304347826076,1.2987012987012967,2.034883720930228,48.11320754716981,0.012199737889185585,0.03289522608692245,6.916871846222278,6.945519197154926,6.99,6.9350000000000005,6.877000000000002,6.9273333333333325,6.9277500000000005,6.8518333333333326,0.03999999999999915,0.03000000000000025,0.05000000000000071,0.016281787945130227,6.871,7.0517871676862045,6.690212832313796,88.03418803418741,41615476,0.22466965010539003,0.2290718319910262,2.5001451954472373,1.180451127819543,0.9205298013245038,83.33333333333334,6.98,77.665607466336,72.07643994144516,6.871,6.916,6.982000000000001,6.99,0,0,1,1,0,0,0,0,0,1.0,0,0.0,1,1,0.0,0,1,0,0,2.0
20170907,5121,000415XSHE20170907,20200210004725,0,143386,7.02,100124264.0,000415.XSHE,6.92,1500,6.95,7.01,311558.59375,618452.125,-0.9971509972,7.02,4.0,6.974147760734727,6.966212289263018,6.940613142279904,6.9272780906355855,6.9754650341142215,6.938248387739009,6.912852057049396,6.890162100051189,6.920922144387902,6.884305192155239,6.870913030739418,6.95323704073603,6.92890166651966,6.897053215044494,6.8708191305789095,7.183372193556769,7.161834151958113,7.136768716515249,7.103964811495828,7.076943704496277,6.764923327912685,6.744639929513949,6.721034616524068,6.690141618593159,6.6646945566615425,6.97,-0.4583213978802513,0.4625614339404198,-96.55172413793233,75.16975716452541,75.30953791271905,74.89019566813816,31.249999999999947,35.71428571428567,61.99999999999999,-0.429799426934101,2.2058823529411815,45.13274336283189,0.015136343891275838,0.02349284801672201,6.919325783539147,6.946208551438785,6.981999999999998,6.956,6.886,6.923333333333334,6.928,6.858833333333334,-0.05999999999999961,0.009999999999999787,0.03000000000000025,0.016385325293293233,6.877000000000002,7.053453960000902,6.7005460399990975,66.9064748201436,41472090,0.14509131253696192,0.184880481321176,2.444571022948606,1.035971223021578,0.7687500000000003,66.66666666666666,6.98,81.9854049775573,75.37942828681587,6.877000000000002,6.9350000000000005,6.99,7.02,0,0,1,1,0,0,0,1,0,1.0,0,0.0,1,1,0.0,1,1,0,0,2.0
20170908,5122,000415XSHE20170908,20200210004725,0,113260,6.98,78789648.0,000415.XSHE,6.93,1500,6.96,6.94,311558.59375,618452.125,0.14388489210000002,6.95,4.0,6.9694318404898175,6.964659216947262,6.943198056642584,6.930252809668713,6.96773251705711,6.940967339271633,6.915893859820403,6.893198530483747,6.923928133281139,6.887273615992289,6.873257424667328,6.954466669693114,6.931863412565403,6.900123789920372,6.873021127354738,7.178514795704513,7.163100669783909,7.139819314942367,7.107127503617985,7.0792117611753795,6.760348885275124,6.745832669602321,6.723907510188441,6.693120076222763,6.666830493534095,6.98,-0.2865329512893922,0.5402594400947475,-63.53846153846301,68.44650477635032,73.02186020059612,59.295793927858675,28.12500000000001,46.15384615384621,76.19047619047609,-0.4291845493562267,1.9033674963396765,46.01769911504426,0.01730739997176505,0.01736844864391375,6.9223386884621725,6.948330312755894,6.98,6.971000000000001,6.8985,6.921333333333332,6.930250000000001,6.8664999999999985,0.01999999999999957,0.020000000000000462,0.010000000000000677,0.01578213019480724,6.886,7.045408280838858,6.726591719161142,75.51020408163247,41358830,0.0783624544536912,0.11172688349532656,2.444306131458894,1.0671641791044728,0.7531645569620254,66.66666666666666,7.01,75.16975716452541,75.30953791271905,6.886,6.956,6.981999999999998,6.95,0,0,1,1,0,0,0,0,0,1.0,0,0.0,1,1,0.0,0,1,0,0,2.0
20170911,5123,000415XSHE20170911,20200210004725,0,148857,6.97,103312352.0,000415.XSHE,6.91,1500,6.94,6.96,311558.59375,618452.125,-0.2873563218,6.96,4.0,6.959621226993213,6.958494412710447,6.942771649090239,6.931138917880647,6.953866258528555,6.940846421862679,6.917449094670698,6.895233376984452,6.925164430721053,6.889341317325925,6.875013808228713,6.951836366112548,6.9326383256544135,6.902068970899867,6.874674926679312,7.168409863803009,7.160391457095924,7.140617475424046,7.109131040026862,7.080915174479692,6.750832590183418,6.743281275129172,6.7246591758847805,6.695006901772871,6.668434678878933,6.99,-0.458978772231772,0.20213687554142856,-21.30334105193631,60.631003184233656,68.89157452847529,44.109860495750354,34.37499999999989,35.714285714285495,67.56756756756762,-0.4304160688665619,2.9673590504451064,52.0,0.01852627846077088,0.009751027912046614,6.9236469337612725,6.947048726178067,6.972,6.971000000000001,6.9045000000000005,6.919666666666667,6.9395,6.872999999999998,-0.01999999999999957,0.009999999999999787,0.03000000000000025,0.013908931347544985,6.8985,7.054637759686758,6.742362240313241,60.824742268040715,41507687,0.014523939111441791,0.04644319678256649,2.2283551935855552,1.0538461538461492,0.7337662337662341,66.66666666666666,6.94,68.44650477635032,73.02186020059612,6.8985,6.971000000000001,6.98,6.96,0,0,1,1,0,0,0,0,0,1.0,0,0.0,1,0,0.0,1,1,0,0,1.0
20170912,5124,000415XSHE20170912,20200210004725,0,167978,7.01,117019808.0,000415.XSHE,6.92,1500,6.98,6.93,311558.59375,618452.125,0.5763688761,6.94,4.0,6.9664141513288085,6.963870809532835,6.94773542921154,6.935580834436952,6.9669331292642775,6.945740619129842,6.921484636950009,6.898918882332954,6.929382551434817,6.892896559783732,6.8777766027490115,6.9569570268193575,6.9371489613063755,6.905870484514509,6.87727554577365,7.1754065758686725,7.165665737623937,7.145263430145566,7.113046599049943,7.0835938121468605,6.7574217267889445,6.748248316014776,6.729034492467183,6.698694369979072,6.670957279400442,7.02,0.1434720229555206,0.7302219528386066,-41.3901125795395,62.08733545615589,66.62349483770217,53.01501669306332,21.87499999999985,47.05882352941179,57.14285714285714,0.0,2.496328928047002,61.53846153846159,0.01968040635976905,0.009233023191985344,6.927821234964142,6.952118152919903,6.9700000000000015,6.976000000000001,6.9125,6.92,6.945,6.8805,0.05000000000000071,0.029999999999999364,0.009999999999999787,0.014188228618246259,6.9045000000000005,7.058885880183389,6.750114119816611,80.64516129032124,41675665,0.009607948961750329,0.012065944036596058,2.2810833846299543,1.078124999999995,0.7972972972972963,66.66666666666666,6.96,60.631003184233656,68.89157452847529,6.9045000000000005,6.971000000000001,6.972,6.94,0,0,1,1,0,0,0,0,0,1.0,0,0.0,1,0,0.0,0,1,0,0,1.0
20170913,5125,000415XSHE20170913,20200210004725,0,93206,7.01,64930440.0,000415.XSHE,6.93,1500,6.96,6.99,311558.59375,618452.125,-0.2865329513,6.98,4.0,6.964276100885872,6.962903107149629,6.949370705316667,6.937800758579048,6.96346656463214,6.947523041738613,6.923969499082266,6.9015745831010875,6.931737739785986,6.895528067243192,6.879940376360878,6.957510294670382,6.9393252507057674,6.9085109486845315,6.879318124890349,7.173204383912449,7.166235603510494,7.147505008226941,7.115766277145068,7.08569766863706,6.7553478178592945,6.74878498583027,6.731145493184592,6.7012556202239955,6.6729385811436375,6.95,0.028743891922963206,0.412615056121405,-18.904180732277386,59.72489030410396,64.32395999316944,50.526750925973005,28.12500000000001,31.250000000000032,55.1724137931035,-0.4291845493562267,0.2881844380403397,64.36781609195401,0.02036950460568733,0.005512785967346251,6.930204847189018,6.9533307447783805,6.957999999999999,6.973999999999998,6.919499999999998,6.9156666666666675,6.947999999999999,6.8865,-0.03000000000000025,0.01999999999999957,0.03000000000000025,0.013331923246576786,6.9125,7.062096122944412,6.762903877055585,68.88888888888778,41582459,0.0001431563018501473,0.004875552631800238,1.6143103239512586,0.9925373134328308,0.7799999999999978,50.0,6.93,62.08733545615589,66.62349483770217,6.9125,6.976000000000001,6.9700000000000015,6.98,0,0,1,1,0,0,0,0,0,1.0,0,0.0,1,0,0.0,1,1,0,0,1.0
20170914,5126,000415XSHE20170914,20200210004725,0,104793,6.97,72758600.0,000415.XSHE,6.91,1500,6.92,6.95,311558.59375,618452.125,-0.5747126437,6.96,1.0,6.949517400590582,6.95217733036222,6.945454611274446,6.936182507799134,6.9417332823160685,6.944082661521287,6.923713402367281,6.902375688183647,6.9308348367255235,6.8964877508807145,6.8809945769829595,6.950690241093949,6.937484750638551,6.909071390212112,6.880322615633798,7.158002922608299,7.159210948326768,7.145609293157707,7.116343531918478,7.086732294102813,6.741031878572866,6.74216953386113,6.7293602081193935,6.70179924850575,6.6739129371647845,6.96,-0.4602991944764228,-0.173110213502616,24.93908074951702,42.19754591702164,56.9484886344535,12.695660482157919,50.0,38.46153846153836,39.28571428571417,-1.4245014245014196,-0.1443001443001412,56.24999999999998,0.020046404745944647,-0.002584798877941476,6.9294489325824244,6.948202937889398,6.952000000000001,6.9670000000000005,6.9224999999999985,6.910666666666668,6.944,6.893166666666668,-0.03000000000000025,0.01999999999999957,0.009999999999999787,0.013197544654533658,6.919499999999998,7.066588408788728,6.772411591211271,74.35897435897324,41687252,-0.04373418356484564,-0.021795513631497745,1.7116875537983456,1.0555555555555485,0.8499999999999971,33.33333333333333,6.99,59.72489030410396,64.32395999316944,6.919499999999998,6.973999999999998,6.957999999999999,6.96,0,0,1,1,0,0,0,0,0,1.0,0,0.0,1,0,0.0,1,1,0,0,1.0
20170915,5127,000415XSHE20170915,20200210004725,0,95803,6.93,66126376.0,000415.XSHE,6.87,1500,6.89,6.92,311558.59375,618452.125,-0.4335260116,6.92,2.0,6.929678267060387,6.936632997771666,6.93806066310452,6.931984097999213,6.9158666411580345,6.937322328831126,6.921538344150036,6.901837614784357,6.927693695438946,6.896233329277549,6.881231561799197,6.93965565180414,6.932962393434878,6.908141078494447,6.880561563395926,7.1375686150722,7.147845321358264,7.140951265237926,7.115385310849281,7.086978410297804,6.721787919048577,6.731465982250017,6.724973521631832,6.7008968461396154,6.674144716494047,6.94,-0.6918420294032995,-0.5685917972696127,70.94873305833683,31.83540098171806,48.577459416875016,-1.6487158885958737,80.0,26.666666666666625,33.333333333333236,-0.8633093525179927,-1.2893982808023028,54.216867469879475,0.018581493861634872,-0.01171928707447821,6.9265267894281735,6.939248639752567,6.9380000000000015,6.9590000000000005,6.922999999999999,6.9049999999999985,6.942749999999998,6.901,-0.03000000000000025,0.009999999999999787,0.01999999999999957,0.0111989314813448,6.9224999999999985,7.069074213284601,6.775925786715398,55.55555555555525,41591449,-0.10441121338938926,-0.07407269847711745,1.2369382757768808,1.1206896551724062,0.8923076923076892,33.33333333333333,6.95,42.19754591702164,56.9484886344535,6.9224999999999985,6.9670000000000005,6.952000000000001,6.92,0,0,1,0,0,0,0,0,0,1.0,0,0.0,0,0,0.0,1,0,0,0,0.0
20170918,5128,000415XSHE20170918,20200210004725,0,116044,6.9,79678648.0,000415.XSHE,6.84,1500,6.89,6.86,311558.59375,618452.125,0.0,6.89,2.0,6.916452178040259,6.924974748328749,6.9316525746905855,6.928167361817467,6.9029333205790175,6.931407037727236,6.91950361226939,6.901322935880691,6.924794180405182,6.895988884992153,6.881462310172903,6.9306273514761125,6.928870736917272,6.907256147836182,6.88079461121331,7.123945743381468,7.138546172020397,7.136736859024789,7.114473832271267,7.0872184495497095,6.708958612699051,6.72270853093183,6.721004614809753,6.700038463401097,6.6743707728769115,6.98,-0.5484988452655927,-0.5484988452656053,115.94871794871807,29.16010859098661,42.10500914157888,3.2703074898020787,76.19047619047629,30.76923076923061,35.71428571428567,-1.0057471264367857,-1.4306151645207517,54.216867469879475,0.016435360013727692,-0.017169070783257454,6.923821101322383,6.931671925944481,6.928,6.95,6.923499999999999,6.899333333333333,6.935249999999999,6.905666666666665,0.029999999999999364,0.010000000000000677,0.020000000000000462,0.010637094010819446,6.922999999999999,7.06905136082899,6.7769486391710085,50.53763440860146,41707493,-0.14080267842041502,-0.12260694590490212,1.14315191498567,1.131578947368413,0.8984374999999968,16.666666666666664,6.92,31.83540098171806,48.577459416875016,6.922999999999999,6.9590000000000005,6.9380000000000015,6.89,0,0,1,0,0,0,0,0,0,1.0,0,0.0,0,0,0.0,0,0,0,0,0.0
20170919,5129,000415XSHE20170919,20200210004725,0,129894,6.9,88602776.0,000415.XSHE,6.77,1500,6.79,6.89,311558.59375,618452.125,-1.4513788099,6.89,2.0,6.874301452026839,6.891231061246562,6.91276556473184,6.915606692561334,6.846466660289508,6.9137311580113305,6.911148540510075,6.896482808233702,6.91442539729709,6.891832458129718,6.8790554072736185,6.905058742116821,6.915644952448961,6.901536335746613,6.87855276896113,7.080530495587643,7.112210504380325,7.1231143010224285,7.1085824258190105,7.084909352029965,6.668072408466034,6.697906979853316,6.708175603875492,6.6944902456742135,6.672196185892296,6.96,-1.4513788098693836,-1.9664462475816669,312.5215889464552,22.106739060657805,35.43891911460519,-4.557621047236964,92.85714285714269,0.0,24.32432432432416,-2.1613832853025987,-2.5824964131994217,46.06741573033707,0.012341851586900527,-0.0327480674146173,6.9139084271503535,6.909876245029945,6.8900000000000015,6.93,6.922999999999999,6.8906666666666645,6.928,6.9079999999999995,-0.09999999999999963,0.010000000000000677,0.020000000000000462,0.011693305177202743,6.923499999999999,7.071297158294738,6.77570284170526,20.93023255813946,41837387,-0.2423827559795615,-0.19159271719998824,1.2474079495599486,0.9516129032258012,0.7285714285714265,16.666666666666664,6.86,29.16010859098661,42.10500914157888,6.923499999999999,6.95,6.928,6.89,0,0,0,0,0,0,1,0,0,1.0,0,0.0,0,0,1.0,1,0,0,0,1.0
20170920,5130,000415XSHE20170920,20200210004725,0,85565,6.84,58314052.0,000415.XSHE,6.76,1500,6.82,6.78,311558.59375,618452.125,0.441826215,6.79,2.0,6.856200968017893,6.87342329593492,6.900396822767594,6.906915175055758,6.833233330144753,6.902014763259914,6.905267989509424,6.89315746874528,6.907161905197316,6.889015498987376,6.877501317608522,6.8895935162774,6.906535909358584,6.8975589535150705,6.877107021579374,7.061886997058428,7.096281321765723,7.113731986639341,7.104485722120522,7.0834202322267545,6.650514938977356,6.682905710789077,6.699339832077826,6.690632184909616,6.670793810931992,6.92,-0.6120664529291725,-1.5048669882441366,968.6586985391485,22.7378260404386,31.20522142321633,5.803035274883142,79.31034482758605,15.00000000000011,28.20512820512815,-2.2922636103151883,-2.2922636103151883,46.666666666666686,0.0076928578792234545,-0.03719194966141656,6.906952247361437,6.896049130409954,6.862,6.909999999999998,6.9224999999999985,6.887999999999999,6.922999999999999,6.9115,0.040000000000000036,0.01999999999999957,0.020000000000000462,0.011156923995660272,6.922999999999999,7.072114050310493,6.7738859496895065,17.293233082706777,41751822,-0.2796493679978919,-0.2610160619887267,1.1569770608948529,0.975806451612898,0.7375886524822679,16.666666666666664,6.89,22.106739060657805,35.43891911460519,6.922999999999999,6.93,6.8900000000000015,6.79,0,0,0,0,0,0,1,0,0,1.0,0,0.0,0,0,0.0,0,0,0,0,0.0
20170921,5131,000415XSHE20170921,20200210004725,0,94067,6.84,63870796.0,000415.XSHE,6.77,1500,6.77,6.83,311558.59375,618452.125,-0.7331378299,6.82,2.0,6.827467312011929,6.847567471951192,6.8830105797319145,6.894468340959778,6.801616665072378,6.8855129178524255,6.8965410224443,6.887802796191138,6.896610989412906,6.884348224517282,6.874672335566193,6.8678492405905995,6.893532489419672,6.891336565538725,6.874462403762598,7.032291331372288,7.073884717808317,7.100338464102262,7.098076662504887,7.080696275875478,6.6226432926515715,6.661813763372883,6.686726514737082,6.684596468572563,6.668228531649722,6.89,-0.9074941451990544,-2.178938850999876,-1232.0000000000364,16.491884026959042,26.300775624463895,-3.1258991680506867,96.5517241379311,14.285714285714345,19.51219512195123,-2.72988505747127,-3.1473533619456457,44.21052631578947,0.002124150314369533,-0.04454966051883138,6.896807636445776,6.876656956500731,6.831999999999999,6.892,6.924000000000001,6.887999999999999,6.9155,6.913666666666668,-0.0600000000000005,0.009999999999999787,0.0,0.010752048486909234,6.9224999999999985,7.064682980697409,6.78031701930259,25.98425196850367,41845889,-0.3185664166463553,-0.2991078923221236,0.8276136226151412,0.991735537190077,0.7591240875912387,16.666666666666664,6.78,22.7378260404386,31.20522142321633,6.9224999999999985,6.909999999999998,6.862,6.82,0,0,0,0,0,0,1,0,0,1.0,1,0.0,0,0,1.0,1,0,0,0,1.0
20170922,5132,000415XSHE20170922,20200210004725,0,106286,6.81,71649632.0,000415.XSHE,6.7,1500,6.73,6.78,311558.59375,618452.125,-0.5908419497999999,6.77,2.0,6.794978208007952,6.818175603963393,6.862609169100993,6.879516673599799,6.765808332536189,6.866073803120872,6.88579644035112,6.880941805052393,6.883794759458067,6.8782953529675845,6.870865168840767,6.842785742301401,6.877957966617798,6.883466489170983,6.870895430830189,6.998827554248191,7.0480693145704425,7.084296705616333,7.089970483846113,7.077022293755095,6.591128861767713,6.637502170032357,6.6716192276192645,6.676962494495852,6.6647685679052815,6.89,-1.0294117647058736,-2.717548424400099,-429.16375494992747,14.220395802918961,22.273982350615587,-1.8867772924742925,91.42857142857136,13.636363636363766,21.05263157894739,-2.7456647398843854,-4.1310541310541185,46.15384615384619,-0.004372113232356769,-0.05197010837381042,6.884451515227572,6.854094347808308,6.8,6.869,6.92,6.8886666666666665,6.908250000000002,6.913666666666668,-0.049999999999999815,0.029999999999999364,0.03000000000000025,0.011668130193455646,6.924000000000001,7.082366663158633,6.7656333368413675,30.43478260869539,41952175,-0.36138385453889227,-0.33997513559262377,0.5269575637460547,0.9218749999999949,0.7202797202797191,16.666666666666664,6.83,16.491884026959042,26.300775624463895,6.924000000000001,6.892,6.831999999999999,6.77,0,0,0,0,0,0,1,0,0,1.0,0,0.0,0,0,1.0,1,0,0,0,1.0
20170925,5133,000415XSHE20170925,20200210004725,0,112207,6.76,75049848.0,000415.XSHE,6.63,1500,6.65,6.73,311558.59375,618452.125,-1.1887072807999999,6.73,2.0,6.746652138671968,6.7761317029725445,6.834261279887527,6.858651521454363,6.707904166268095,6.839064577730764,6.870583766780079,6.870900857006634,6.865810547192062,6.86934259402768,6.8650529275554835,6.807733789155692,6.856247684082769,6.87207787994313,6.86544122266154,6.949051702832128,7.011965802830362,7.0619351146052525,7.078240216341424,7.071404459341387,6.544252574511808,6.603501775481019,6.650560253560285,6.665915543544836,6.659477985981695,6.79,-1.5106635071089962,-3.8961789698826337,-300.03786444528737,11.234649833524964,18.59420484491871,-3.484460189262535,95.23809523809513,10.000000000000089,15.555555555555609,-3.483309143686492,-4.316546762589925,40.62500000000002,-0.012375594374997969,-0.06402784914112958,6.867084736321825,6.822695217376263,6.752000000000001,6.840000000000002,6.905500000000001,6.882999999999999,6.89975,6.911666666666666,-0.08000000000000007,0.029999999999999364,0.020000000000000462,0.012758464097379723,6.92,7.116822254839232,6.723177745160768,29.19254658385081,42064382,-0.44204579139558303,-0.4017148229672377,0.5455201765198342,0.8345864661654077,0.671232876712327,16.666666666666664,6.78,14.220395802918961,22.273982350615587,6.92,6.869,6.8,6.73,0,0,0,0,0,0,1,0,0,1.0,1,1.0,0,0,1.0,1,0,1,0,3.0
20170926,5134,000415XSHE20170926,20200210004725,0,55406,6.67,36790968.0,000415.XSHE,6.61,1500,6.64,6.66,311558.59375,618452.125,-0.1503759398,6.65,2.0,6.711101425781312,6.742098777229409,6.808359775902523,6.838774110413056,6.673952083134048,6.8141815055144175,6.855707394729753,6.860861689310695,6.848440505100366,6.860348766810907,6.859130482093497,6.777236736581929,6.835652666551077,6.860757007750782,6.859874772719281,6.912434468554753,6.980553838679388,7.0407222465476105,7.066579717983304,7.0656710159008576,6.509768383007872,6.573919634484472,6.6305830865545445,6.654934297518258,6.654078529537702,6.82,-1.21987503719131,-4.007401838894357,-214.0802422407274,10.26754433346103,15.818651341099484,-0.8346696818158783,92.68292682926841,14.285714285714345,15.909090909090926,-3.62844702467344,-4.597701149425292,44.3181818181818,-0.02103555227711706,-0.06927966321695278,6.850263644742432,6.7945882608568375,6.722,6.805999999999999,6.891,6.877000000000001,6.891499999999999,6.908833333333333,-0.020000000000000462,0.009999999999999787,0.029999999999999364,0.012372680274408751,6.905500000000001,7.133263034753227,6.6777369652467735,26.760563380281333,42008976,-0.4847219781882022,-0.4633838847918926,0.3929606951055747,0.8134328358208895,0.6758620689655148,16.666666666666664,6.73,11.234649833524964,18.59420484491871,6.905500000000001,6.840000000000002,6.752000000000001,6.65,0,0,0,0,0,0,1,0,0,1.0,1,1.0,0,0,1.0,1,0,1,0,3.0
20170927,5135,000415XSHE20170927,20200210004725,0,73864,6.66,49023184.0,000415.XSHE,6.62,1500,6.64,6.62,311558.59375,618452.125,0.0,6.64,2.0,6.687400950520876,6.716574082922058,6.785911805782187,6.820703736739143,6.656976041567024,6.792408817325116,6.841790788618156,6.851259007166751,6.8324066200926445,6.851707638700676,6.853363890459456,6.752284602657942,6.817019079260497,6.849988373226353,6.85444576598547,6.8880229790365,6.954853140737679,7.021529651638312,7.055488024423143,7.060079138965034,6.4867789220052465,6.5497160645782015,6.6125085068826825,6.644488722029562,6.6488123930059055,6.77,-0.6880047861202552,-3.951860209454379,-151.39166333732814,9.970029555640624,13.869110745946529,2.1718671750288148,92.50000000000013,0.0,7.500000000000037,-2.209131075110462,-4.3227665706051965,39.50617283950621,-0.02960506351218335,-0.06855608988053027,6.834688559946696,6.770805451494247,6.686,6.773999999999999,6.874,6.870999999999999,6.880250000000001,6.905166666666665,0.01999999999999957,0.020000000000000462,0.0,0.011825664625606648,6.891,7.13946730167167,6.64253269832833,27.13178294573629,42082840,-0.4739576174471294,-0.4793397978176658,0.5601519335271871,0.9112903225806388,0.7426470588235273,16.666666666666664,6.66,10.26754433346103,15.818651341099484,6.891,6.805999999999999,6.722,6.64,0,0,0,0,0,0,1,0,0,1.0,1,1.0,0,0,1.0,0,0,1,0,2.0
20170928,5136,000415XSHE20170928,20200210004725,0,87822,6.67,58080588.0,000415.XSHE,6.55,1500,6.57,6.65,311558.59375,618452.125,-1.0542168675,6.64,2.0,6.64826730034725,6.679930562191543,6.757123565011228,6.797912487944673,6.613488020783513,6.764607715159477,6.824255899029888,6.839030354681238,6.812221495470134,6.8406602803202565,6.845906945973684,6.7191419476292245,6.7934934526642605,6.836330403800676,6.847422413738915,6.847715319357668,6.920716206058103,6.997298256244187,7.0414203159146975,7.052845086151082,6.448819281336832,6.517567689200348,6.589688649084332,6.631240491686655,6.641999741326747,6.73,-1.1435449894673564,-4.823989569752272,-136.25528642829718,8.55144827518903,12.096556589027363,1.4612316475123601,95.65217391304337,0.0,6.6666666666667185,-3.6656891495601167,-5.873925501432666,25.333333333333357,-0.038717989777772174,-0.0729034101247106,6.815081999950643,6.739912305110518,6.646000000000001,6.739,6.853,6.8613333333333335,6.867750000000001,6.899833333333333,-0.08000000000000007,0.01999999999999957,0.020000000000000462,0.012785096620750109,6.874,7.149252611250103,6.5987473887498975,23.489932885906214,42170662,-0.4916713113522259,-0.4828144643996777,0.31322116149924273,0.827067669172926,0.6874999999999983,0.0,6.62,9.970029555640624,13.869110745946529,6.874,6.773999999999999,6.686,6.64,0,0,0,0,0,0,1,0,0,1.0,1,1.0,0,0,1.0,1,0,1,0,3.0
20170929,5137,000415XSHE20170929,20200210004725,0,94518,6.66,62661420.0,000415.XSHE,6.57,1500,6.62,6.58,311558.59375,618452.125,0.7610350076000001,6.57,2.0,6.638844866898168,6.664947921643658,6.738840423009733,6.781738625404249,6.6167440103917565,6.74653175076454,6.811078099092477,6.829507295782054,6.797435226587818,6.832006935993973,6.839962026342796,6.7011161389693665,6.776970266696237,6.8257777011762535,6.841807045498447,6.838010212905113,6.902149623138447,6.9802793746971235,7.030551032211541,7.047061256863402,6.4396795208912225,6.500082654800284,6.57366115869535,6.621004370140966,6.636552834133494,6.65,-0.06038647342994504,-4.010671925296502,-96.15665643723548,12.367632183459367,12.186915120504699,12.729066309368708,84.78260869565209,23.809523809523732,17.391304347826107,-2.215657311669121,-4.885057471264367,30.379746835443058,-0.04680783647528671,-0.06471877358011631,6.800631481435782,6.721464258170438,6.624,6.7120000000000015,6.8355000000000015,6.852666666666666,6.85675,6.8931666666666676,0.040000000000000036,0.040000000000000036,0.009999999999999787,0.013273785951142685,6.853,7.140504782568916,6.565495217431081,44.26229508196718,42265180,-0.43123650064374064,-0.4614539059979833,0.470560030930536,0.9439999999999928,0.7999999999999979,16.666666666666664,6.65,8.55144827518903,12.096556589027363,6.853,6.739,6.646000000000001,6.57,0,0,0,0,0,0,1,0,0,1.0,1,1.0,0,0,1.0,0,0,1,0,2.0
20171009,5138,000415XSHE20171009,20200210004725,0,93690,6.73,62669496.0,000415.XSHE,6.66,1500,6.68,6.71,311558.59375,618452.125,0.9063444109000001,6.62,3.0,6.6525632445987775,6.668710941232742,6.730995033275101,6.772489659458411,6.648372005195878,6.738215281918974,6.802621447538122,6.8230069785741385,6.788401747619525,6.826045879680482,6.835752499333775,6.697276840974936,6.7677350032013575,6.818666593801803,6.837811809807127,6.852140141936742,6.898195146204183,6.970767053297397,7.023226591615857,7.042946164101343,6.452986347260815,6.496358535745688,6.564702953105316,6.6141065959877485,6.632677455512915,6.64,0.7541478129713263,-2.9972118959107608,-39.979927922995465,23.187616857938412,15.853815699649275,37.855219174516705,71.73913043478262,57.89473684210511,28.57142857142855,-0.7429420505200699,-3.4682080924855523,31.24999999999993,-0.05276840410331178,-0.047684541024200534,6.7916958161442444,6.715085141528832,6.630000000000001,6.691,6.820500000000001,6.846,6.84725,6.888499999999999,-0.03000000000000025,0.020000000000000462,0.01999999999999957,0.013450862856837827,6.8355000000000015,7.1225870947987735,6.548412905201228,153.33333333333417,42171490,-0.2901891282577246,-0.3607128144507326,0.4772999645241397,0.8538461538461479,0.8538461538461517,33.33333333333333,6.58,12.367632183459367,12.186915120504699,6.8355000000000015,6.7120000000000015,6.624,6.62,0,0,0,0,0,0,1,0,0,1.0,0,1.0,0,0,1.0,1,0,1,0,3.0
20171010,5139,000415XSHE20171010,20200210004725,0,110231,6.72,73778920.0,000415.XSHE,6.67,1500,6.72,6.67,311558.59375,618452.125,0.5988023952,6.68,4.0,6.675042163065853,6.6815332059245565,6.72952902883842,6.767717872234918,6.684186002597937,6.735938371679103,6.79729103156792,6.818528414288307,6.783140074725716,6.821887217732228,6.832706380930254,6.701408324434039,6.7631888124202755,6.813853589226105,6.834902876231643,6.875293427957827,6.90245057416706,6.966084476792883,7.018269196902889,7.039949962518595,6.474790898173878,6.5003660747010175,6.560293148047666,6.6094379815493225,6.6298557899446955,6.64,1.1134517002708235,-2.314222584021401,-21.966591740491452,34.99864112368307,22.235424174327207,60.5250750223948,59.523809523809526,68.18181818181829,33.962264150943376,1.0526315789473593,-2.467343976777938,33.7349397590361,-0.05632347155206036,-0.0284405395899886,6.7863850149483715,6.715841273601319,6.646000000000001,6.684,6.807,6.843333333333333,6.838999999999999,6.885833333333334,0.049999999999999815,0.0,0.0,0.0122803302107897,6.820500000000001,7.099720343098422,6.5412796569015805,252.38095238095403,42281721,-0.12395097913798292,-0.20707005369785372,0.7068616310357212,0.8015873015872952,0.7596899224806174,50.0,6.71,23.187616857938412,15.853815699649275,6.820500000000001,6.691,6.630000000000001,6.68,0,0,0,0,0,0,1,0,0,1.0,0,1.0,0,0,0.0,0,0,1,0,1.0
20171011,5140,000415XSHE20171011,20200210004725,0,111937,6.76,75388552.0,000415.XSHE,6.71,1500,6.73,6.72,311558.59375,618452.125,0.1488095238,6.72,4.0,6.693361442043901,6.693649904443418,6.729591824993298,6.7642889747590145,6.7070930012989685,6.735196075219214,6.792949674692571,6.814679352797512,6.779052376669892,6.818283797429003,6.8300035814320905,6.706606810900578,6.7600279731421535,6.809763170239465,6.83231268175679,6.894162285305217,6.907805015227594,6.962828812336419,7.01405606534665,7.037282062209494,6.4925605987825845,6.5054086065735595,6.5572271339478885,6.605470275132282,6.627343301304085,6.57,0.9903961584633962,-2.0863037215933726,1.0023716829995772,46.40935049271189,30.293399613788768,78.6412522505581,52.63157894736826,69.56521739130454,43.18181818181823,1.3554216867469993,-2.3222060957909907,35.36585365853661,-0.0578965388363089,-0.012584538273988338,6.782208347174421,6.7180195392011175,6.664,6.675,6.7925,6.84,6.83475,6.882666666666667,0.010000000000000677,0.029999999999999364,0.009999999999999787,0.011850251733450518,6.807,7.070125445367794,6.5438745546322075,360.60606060606284,42393658,0.006964396481389747,-0.05849329132829659,0.7008163421512809,0.8292682926829202,0.7716535433070841,66.66666666666666,6.67,34.99864112368307,22.235424174327207,6.807,6.684,6.646000000000001,6.72,0,0,0,1,0,0,0,0,0,0.0,0,0.0,0,0,0.0,0,0,0,0,0.0
20171012,5141,000415XSHE20171012,20200210004725,0,111021,6.72,73976456.0,000415.XSHE,6.61,1500,6.66,6.72,311558.59375,618452.125,-1.0401188707,6.73,1.0,6.682240961362601,6.685237428332562,6.720312914994192,6.754808158871831,6.683546500649483,6.725796565816813,6.784372276325308,6.807954163545445,6.769894501541439,6.812076589686687,6.825529802973353,6.6981328452822915,6.750501499509567,6.802457649739979,6.828058047639339,6.882708190203481,6.89907683064076,6.953016544494855,7.006531379232178,7.0328997890685185,6.481773732521722,6.497188859923821,6.547986454524279,6.5983839202477785,6.623216306210159,6.62,-0.3292427416940939,-2.988987939171468,-27.217496962332987,48.39988445545875,36.32889456101209,72.5418642443521,68.57142857142853,69.56521739130427,33.33333333333333,0.3012048192771154,-1.9145802650957275,31.818181818181774,-0.05912971522229767,-0.00986541108791024,6.7731558770133535,6.709093456247098,6.682,6.664,6.777999999999999,6.8373333333333335,6.831999999999999,6.878000000000001,-0.05999999999999961,0.0,0.049999999999999815,0.012467929972989896,6.7925,7.051235386060738,6.53376461393926,221.73913043478385,42282637,0.016526000102437745,0.011745198291913743,0.7208413638779165,0.6691729323308221,0.6444444444444413,66.66666666666666,6.72,46.40935049271189,30.293399613788768,6.7925,6.675,6.664,6.73,0,0,0,1,0,0,0,0,0,0.0,0,0.0,0,0,0.0,1,0,0,0,0.0
20171013,5142,000415XSHE20171013,20200210004725,0,98639,6.66,65369576.0,000415.XSHE,6.61,1500,6.65,6.66,311558.59375,618452.125,-0.1501501502,6.66,2.0,6.671493974241733,6.676428071249423,6.710937859661633,6.745280144428937,6.666773250324741,6.716321995089711,6.775703097207548,6.801086591217383,6.760671847576712,6.8057206449930945,6.820910597631947,6.689381418867327,6.740929928127705,6.795020691216076,6.8236615526358975,6.871638793468986,6.890062861433347,6.943157825971537,6.99887131195256,7.0283713992149774,6.471349155014483,6.488699976301309,6.538702030283874,6.591170070479595,6.618951706056821,6.68,-0.5681818181818088,-3.0301262795648465,-30.95400573222301,48.13960550998846,40.26579821067088,63.88722010862364,71.42857142857132,57.89473684210531,36.36363636363644,1.2176560121765612,-2.4926686217008784,30.68181818181817,-0.060109985011998365,-0.007842158317605416,6.764033219456808,6.7000021552860085,6.688,6.6560000000000015,6.762500000000001,6.832000000000001,6.830500000000002,6.874333333333333,-0.009999999999999787,0.0,0.040000000000000036,0.011585337161093893,6.777999999999999,7.028269854357251,6.527730145642747,123.72881355932422,42183998,-0.014161797392082847,0.0011821013551774494,0.5144650906686268,0.6296296296296245,0.6176470588235268,66.66666666666666,6.72,48.39988445545875,36.32889456101209,6.777999999999999,6.664,6.682,6.66,0,0,1,1,0,0,0,0,0,1.0,0,0.0,0,0,0.0,1,0,0,0,0.0
20171016,5143,000415XSHE20171016,20200210004725,0,159787,6.7,105633096.0,000415.XSHE,6.54,1500,6.54,6.65,311558.59375,618452.125,-1.6541353383000001,6.65,2.0,6.627662649494488,6.642321053437066,6.688146145040082,6.726618313117218,6.603386625162371,6.6942817457034955,6.760496445774804,6.789735000294888,6.743697090070813,6.795300227542383,6.8135182134837375,6.662221160891451,6.7217937444964955,6.782580657498221,6.816657563681925,6.826492528979324,6.862087795718193,6.923447556831392,6.986058077223166,7.0211572905923845,6.428832770009653,6.462354526064707,6.520139932161603,6.579103237773273,6.612157836771468,6.72,-1.8018018018017905,-4.5088190631935365,-48.219839390984745,32.09307033999231,37.54155558711136,21.19609984575422,100.0,20.83333333333353,31.37254901960783,-1.2084592145015116,-3.3973412112259904,25.000000000000018,-0.06249833342470905,-0.01910678730168561,6.74743816616371,6.675386439088158,6.659999999999998,6.6450000000000005,6.7425,6.818666666666667,6.8235,6.873833333333335,-0.11000000000000032,0.049999999999999815,0.0,0.01207693312347692,6.762500000000001,7.016734144048357,6.508265855951644,43.58974358974393,42343785,-0.14727240414956613,-0.08071710077082449,0.4734754345596454,0.6240601503759353,0.6240601503759374,50.0,6.66,48.13960550998846,40.26579821067088,6.762500000000001,6.6560000000000015,6.688,6.65,0,0,0,0,0,0,0,0,0,0.0,0,0.0,0,0,0.0,1,0,0,0,0.0
20171017,5144,000415XSHE20171017,20200210004725,0,93090,6.59,61016968.0,000415.XSHE,6.52,1500,6.54,6.54,311558.59375,618452.125,0.0,6.54,2.0,6.59844176632966,6.6167407900778,6.668393325701404,6.709653011924742,6.5716933125811865,6.674996527490559,6.746270868628043,6.7788769568038045,6.7280280831422905,6.785288453913272,6.806320365760483,6.6399991316384614,6.704480054544449,6.770747454693428,6.809826512726817,6.796395019319549,6.839199105587615,6.905614456180782,6.973869878334232,7.0141213081086216,6.40048851333977,6.440799157689307,6.503345652908116,6.567625031052625,6.605531717345013,6.73,-1.26811594202898,-4.388760562556643,-62.257100149476756,24.17315800443938,33.08542305955403,6.3486278942100665,93.74999999999987,5.000000000000312,37.209302325581376,-2.0958083832335284,-2.823179791976232,26.966292134831466,-0.0655015907249655,-0.024026058402051576,6.73207237607751,6.654557756151519,6.624,6.635,6.7205,6.805666666666665,6.8165,6.870166666666668,0.0,0.049999999999999815,0.020000000000000462,0.012243655057082909,6.7425,6.986670022730062,6.498329977269937,31.343283582089768,42250695,-0.24658704292042935,-0.19692972353499774,0.5712786410444416,0.6259541984732777,0.6511627906976714,33.33333333333333,6.65,32.09307033999231,37.54155558711136,6.7425,6.6450000000000005,6.659999999999998,6.54,0,0,0,0,0,0,0,0,0,0.0,0,1.0,0,0,0.0,0,0,0,0,1.0
20171018,5145,000415XSHE20171018,20200210004725,0,115046,6.63,75856368.0,000415.XSHE,6.54,1500,6.56,6.55,311558.59375,618452.125,0.3058103976,6.54,2.0,6.585627844219773,6.60255559255835,6.65394088227455,6.696048192658857,6.565846656290593,6.66062196155424,6.7342533932326845,6.7693605673775545,6.715102845977497,6.776453612583339,6.79983825087205,6.6254538349769225,6.690720049349738,6.760467091049846,6.803657956857019,6.783196679546366,6.824217450026231,6.891441650830232,6.963281103781343,7.0077676955627295,6.38805900889318,6.426690219927615,6.489998447869247,6.557653078318349,6.599548218151307,6.66,-0.4552352048558594,-3.9475225489047614,-40.40345543168704,21.670994225181808,29.280613448096624,6.451755779352182,86.20689655172413,9.52380952380932,40.90909090909089,-2.380952380952383,-1.3533834586466276,27.777777777777768,-0.068264445598884,-0.022102838991348017,6.719326274145844,6.6400104090512855,6.590000000000002,6.627000000000001,6.700500000000001,6.791666666666666,6.81,6.8655,0.009999999999999787,0.07000000000000027,0.009999999999999787,0.013013196638040885,6.7205,6.947874141009923,6.493125858990076,39.130434782608674,42365741,-0.26909724079642244,-0.2578421418584259,0.8456617297943055,0.6874999999999956,0.727999999999997,33.33333333333333,6.54,24.17315800443938,33.08542305955403,6.7205,6.635,6.624,6.54,0,0,0,0,0,0,1,0,0,1.0,0,1.0,0,0,0.0,0,0,0,0,1.0
20171019,5146,000415XSHE20171019,20200210004725,0,157885,6.58,102051728.0,000415.XSHE,6.37,1500,6.4,6.54,311558.59375,618452.125,-2.4390243902,6.56,2.0,6.523751896146514,6.551916694418763,6.620082097971277,6.669134720598962,6.482923328145295,6.628044216359958,6.7126886581854155,6.7533014122741815,6.6908641655176915,6.761690725815365,6.789316191638575,6.5844622286174825,6.663032425602147,6.742883330510829,6.793691093724745,6.719464453030912,6.781996095476008,6.86292339837021,6.945169830426155,6.997501826536489,6.328039339262119,6.386928361758957,6.463141452834082,6.540596830595505,6.5898803609130026,6.65,-2.1107372285102333,-6.106041489392915,-99.06069708673071,17.011432047557125,25.19088631458346,0.6525235135044625,92.30769230769224,6.666666666666548,30.00000000000001,-4.9034175334323935,-3.614457831325292,24.038461538461537,-0.07312890554415992,-0.03891567956220729,6.695672476060968,6.603085730735702,6.5379999999999985,6.610000000000001,6.6745,6.772,6.7985,6.854166666666668,-0.13999999999999968,0.040000000000000036,0.03000000000000025,0.014467962619776047,6.700500000000001,6.940122619967315,6.460877380032686,36.47058823529419,42523626,-0.4043919141925964,-0.3367445774945094,0.7309359813288253,0.6071428571428541,0.6304347826086941,16.666666666666664,6.55,21.670994225181808,29.280613448096624,6.700500000000001,6.627000000000001,6.590000000000002,6.56,0,0,0,0,0,0,1,0,0,1.0,0,1.0,0,0,0.0,1,0,0,0,1.0
20171020,5147,000415XSHE20171020,20200210004725,0,93169,6.43,59653472.0,000415.XSHE,6.37,1500,6.41,6.4,311558.59375,618452.125,0.15625,6.4,2.0,6.485834597431011,6.516437520814072,6.592071151575108,6.645577018726328,6.446461664072649,6.600788689314964,6.693160357657321,6.738375263914435,6.669259229708638,6.747898932646135,6.779334186595454,6.552741823414304,6.638934099354322,6.726645119266398,6.784217239558704,6.680409635353942,6.749324078116733,6.838102122334952,6.928444472844392,6.9877437567454646,6.291259559508081,6.356159568711876,6.439766076373693,6.524845765688408,6.5806907223719415,6.54,-1.2326656394453015,-5.7796331138287895,-114.0488780906107,14.759758117174842,21.713843582113924,0.8515871872966869,89.74358974358972,9.999999999999822,35.18518518518515,-3.7537537537537538,-3.4638554216867403,21.78217821782176,-0.0787293880770999,-0.04480386026351979,6.674511551908302,6.573380233699442,6.49,6.5889999999999995,6.650500000000001,6.753333333333333,6.7867500000000005,6.8453333333333335,0.009999999999999787,0.01999999999999957,0.03000000000000025,0.014044483444959502,6.6745,6.919079230516411,6.429920769483589,34.09090909090867,42430457,-0.482336572144043,-0.4433642431683197,0.756492350298985,0.6492537313432798,0.6870229007633563,33.33333333333333,6.54,17.011432047557125,25.19088631458346,6.6745,6.610000000000001,6.5379999999999985,6.4,0,0,0,0,0,0,1,0,0,1.0,0,0.0,0,0,0.0,0,0,0,0,0.0
20171023,5148,000415XSHE20171023,20200210004725,0,86765,6.47,55860720.0,000415.XSHE,6.39,1500,6.47,6.41,311558.59375,618452.125,0.9360374415,6.41,3.0,6.48055639828734,6.504828140610553,6.57579499803176,6.629615471569392,6.458230832036325,6.584440103150593,6.678762915227819,6.726706774179023,6.653931596654128,6.737000935287463,6.771193813263996,6.537697855520794,6.622845137511054,6.714125845155842,6.77645878919923,6.6749730902359605,6.7338287911864185,6.821530491636387,6.915549620510517,6.9797525528752065,6.28613970633872,6.341566919855172,6.424159783385723,6.512702069801168,6.573165025523252,6.54,-0.09264978381718833,-4.732455752863936,-87.27417113361211,18.386847291791753,20.604844818673197,13.950852238028865,74.35897435897442,35.999999999999844,36.363636363636296,-2.7067669172932423,-1.5220700152207085,26.666666666666625,-0.08336090360211501,-0.03705212420012094,6.659362548063243,6.557475582361066,6.476000000000001,6.568,6.6295,6.7363333333333335,6.7765,6.833333333333334,0.05999999999999961,0.0,0.020000000000000462,0.014233055296619394,6.650500000000001,6.880932202610659,6.4200677973893425,44.680851063828996,42343692,-0.4321646739716923,-0.4572506230578677,0.9859849273556064,0.6592592592592552,0.7099236641221344,50.0,6.4,14.759758117174842,21.713843582113924,6.650500000000001,6.5889999999999995,6.49,6.41,0,0,0,0,0,0,1,0,0,1.0,0,0.0,0,0,1.0,0,0,0,0,1.0
20171024,5149,000415XSHE20171024,20200210004725,0,79269,6.46,50887564.0,000415.XSHE,6.4,1500,6.43,6.46,311558.59375,618452.125,-0.6182380216,6.47,4.0,6.4637042655248935,6.486121105457915,6.556355664960858,6.61146861051763,6.444115416018162,6.565135090256769,6.66271369489054,6.7138064796495005,6.636706089219196,6.724961682923246,6.762215028704415,6.518116427244286,6.604478933938572,6.700266047831168,6.767904251194309,6.657615393490641,6.713659920061617,6.802613301956731,6.901274029266102,6.97094137873014,6.269793137559147,6.322572934426959,6.406344565920415,6.499258066396233,6.564867123658482,6.56,-0.3718624109079507,-5.148251954565586,-88.82758620689665,17.97218390881352,19.727291182053307,14.461969362333946,84.6153846153847,31.03448275862052,26.41509433962261,-1.6819571865443472,-2.8700906344410937,26.666666666666625,-0.08759047795822586,-0.033836594848886736,6.642372729688186,6.537863954305518,6.453999999999999,6.539,6.611500000000001,6.717666666666667,6.76725,6.822500000000002,-0.03000000000000025,0.0,0.029999999999999364,0.01442213364957799,6.6295,6.863189965552652,6.395810034447348,45.98540145985328,42264423,-0.3831719695519936,-0.407668321761843,0.7547748099984468,0.647058823529408,0.6842105263157869,50.0,6.41,18.386847291791753,20.604844818673197,6.6295,6.568,6.476000000000001,6.47,0,0,0,0,0,0,1,0,0,1.0,0,0.0,0,0,0.0,1,0,0,0,0.0
20171025,5150,000415XSHE20171025,20200210004725,0,170025,6.65,110757152.0,000415.XSHE,6.41,1500,6.56,6.41,311558.59375,618452.125,2.0217729393,6.43,4.0,6.495802843683263,6.504590829093436,6.5568415762994094,6.606789645925119,6.5020577080090805,6.564493203974672,6.656087004897603,6.707119241403872,6.630805620817719,6.718492597318415,6.756893580580616,6.525731622290782,6.600242844992043,6.6934238015955,6.762770812893216,6.69067692899376,6.721503570959505,6.798250130341804,6.894226515643368,6.965653937280012,6.3009287583727644,6.329959673622057,6.402235559642283,6.492621087547637,6.559887688506419,6.4,1.642392314843492,-3.1333983048344862,-22.925676065271677,31.17337513112815,23.542652498411588,46.43482039656127,51.28205128205136,50.0,37.09677419354836,0.3058103975535103,-1.7964071856287442,35.65217391304345,-0.08907269160870128,-0.01185770920380319,6.63627104600758,6.541269499796977,6.4540000000000015,6.522,6.5985,6.702333333333334,6.760499999999999,6.8148333333333335,0.14999999999999947,0.09000000000000075,0.0,0.01733772818442379,6.611500000000001,6.825441580811213,6.39755841918879,83.0985915492954,42434448,-0.19975261713268128,-0.2914622933423374,1.1233598613479987,0.7703703703703665,0.7969924812030065,66.66666666666666,6.46,17.97218390881352,19.727291182053307,6.611500000000001,6.539,6.453999999999999,6.43,0,0,0,0,0,0,1,0,0,1.0,0,0.0,0,0,0.0,0,0,0,0,0.0
20171026,5151,000415XSHE20171026,20200210004725,0,126248,6.6,82854224.0,000415.XSHE,6.52,1500,6.56,6.54,311558.59375,618452.125,0.0,6.56,4.0,6.517201895788841,6.518443121820077,6.557262699459488,6.602536041750108,6.53102885400454,6.563931553477841,6.649887843291304,6.700722752647183,6.625359034600972,6.712277201345144,6.751712170565338,6.53196223641973,6.596410193088039,6.686915323468892,6.757764126155112,6.712717952662508,6.7279211035123225,6.794302498880682,6.887522783172956,6.9604970499397645,6.321685838915175,6.336003369327138,6.398517887295397,6.486307863764823,6.555031202370457,6.41,1.1409189022509998,-3.073286052009472,-7.478340173279192,39.9741692793379,29.01982475872036,61.88285832057298,51.28205128205136,83.33333333333326,36.0655737704917,0.0,-2.380952380952383,35.65217391304345,-0.08855219802357707,0.004163948680993511,6.630621338895907,6.544151115212827,6.486000000000001,6.5120000000000005,6.588000000000001,6.689333333333334,6.756,6.806333333333334,0.01999999999999957,0.040000000000000036,0.020000000000000462,0.0169055887278941,6.5985,6.797858972710032,6.399141027289966,192.9577464788712,42308200,-0.03832713155719157,-0.11903987434493643,1.1478827092258086,0.8244274809160265,0.8106060606060606,50.0,6.41,31.17337513112815,23.542652498411588,6.5985,6.522,6.4540000000000015,6.56,0,0,0,0,0,0,0,0,0,0.0,0,0.0,0,0,0.0,0,0,0,0,0.0
20171027,5152,000415XSHE20171027,20200210004725,0,118874,6.58,77758720.0,000415.XSHE,6.49,1500,6.54,6.55,311558.59375,618452.125,-0.30487804879999997,6.56,4.0,6.524801263859228,6.523832341365058,6.554961006198224,6.596850947045553,6.535514427002272,6.560940109293108,6.642798305014448,6.693734806879912,6.618792955016281,6.7055212326649425,6.746140797655723,6.533423647979778,6.591037793746321,6.679748722324066,6.752387234151282,6.7205453017750045,6.729426357419173,6.788768927558711,6.8801411839937865,6.954958851175821,6.329057225943451,6.3374209385403875,6.393306659933931,6.479356260654344,6.549815617126742,6.47,0.4299754299754509,-3.3202258817964188,-17.725137839493954,46.88754142432048,34.975730313920394,70.71116364512062,56.410256410256395,76.00000000000007,39.28571428571424,2.187499999999995,-2.823179791976232,38.317757009345776,-0.08692099142339756,0.013049652801436246,6.623908647125841,6.543512482103162,6.511999999999999,6.501,6.5785,6.675333333333334,6.749250000000001,6.798333333333334,-0.009999999999999787,0.03000000000000025,0.049999999999999815,0.017529855817636806,6.588000000000001,6.777237945454923,6.398762054545079,205.55555555555594,42189326,0.04427419692741856,0.002973532685113498,0.8261418097976736,0.8195488721804479,0.8059701492537321,50.0,6.54,39.9741692793379,29.01982475872036,6.588000000000001,6.5120000000000005,6.486000000000001,6.56,0,0,0,1,0,0,0,0,0,0.0,0,0.0,0,0,0.0,1,0,0,0,0.0
20171030,5153,000415XSHE20171030,20200210004725,0,180246,6.56,115519472.0,000415.XSHE,6.35,1500,6.38,6.54,311558.59375,618452.125,-2.4464831804,6.54,1.0,6.476534175906153,6.487874256023793,6.531632872038461,6.577137224586866,6.457757213501137,6.538322595631472,6.625843575658675,6.680094163102526,6.600424266168875,6.692755694129063,6.73650551350689,6.505528439256183,6.57093895624667,6.665126833430209,6.7431924876290275,6.670830201183335,6.700694292433869,6.768067124934071,6.865080638433117,6.945488262257898,6.282238150628968,6.3103625860784955,6.373810787559272,6.465173028427303,6.540896713000157,6.43,-1.7554665845395734,-5.562627668077811,-82.73464658169264,34.59169428288033,34.847718303573714,34.079646241493585,92.68292682926823,37.142857142857146,30.985915492957663,-0.4680187207488338,-4.204204204204208,31.666666666666625,-0.08703371799983431,-0.0009018126114940793,6.6058413399313345,6.518356715625753,6.494,6.4849999999999985,6.565,6.656666666666666,6.7352500000000015,6.788166666666667,-0.16000000000000014,0.01999999999999957,0.03000000000000025,0.01837490868736541,6.5785,6.783292577990513,6.373707422009487,92.90780141844009,42369572,-0.07952201259537647,-0.017623907833978956,0.7581596324495242,0.7482993197278879,0.7364864864864866,33.33333333333333,6.55,46.88754142432048,34.975730313920394,6.5785,6.501,6.511999999999999,6.54,0,0,0,0,0,0,0,0,0,0.0,0,0.0,0,0,0.0,1,0,0,0,0.0
20171031,5154,000415XSHE20171031,20200210004725,0,174372,6.43,111083720.0,000415.XSHE,6.34,1500,6.38,6.42,311558.59375,618452.125,0.0,6.38,2.0,6.444356117270767,6.4609056920178425,6.511415155766668,6.559215658715331,6.4188786067505665,6.518532271177538,6.609982699809729,6.667046590793719,6.583468553386653,6.68049076494753,6.7271237894672335,6.482705086664149,6.552754293746988,6.651218207409222,6.734224771885103,6.6376868007888925,6.677186239264072,6.749336922559397,6.8507547536315,6.936251515041655,6.251025433752644,6.2882239340642245,6.3561716649345765,6.451681661186948,6.532198028728549,6.56,-1.60394818013572,-5.4394545724025365,-89.49325894932541,27.362204790737422,32.35254713262828,17.381520106955705,89.4736842105263,41.93548387096776,36.66666666666661,-1.3910355486862418,-4.060150375939856,33.04347826086955,-0.08803523134393272,-0.008012106752787462,6.589112351788272,6.497071067067945,6.484,6.4689999999999985,6.5520000000000005,6.636666666666668,6.721500000000002,6.778333333333333,-0.040000000000000036,0.009999999999999787,0.040000000000000036,0.018715230603138133,6.565,6.7817579294974015,6.348242070502599,86.84210526315796,42195200,-0.19937130810304424,-0.13944666034921038,0.6955434045309702,0.6993464052287551,0.7687074829931967,16.666666666666664,6.54,34.59169428288033,34.847718303573714,6.565,6.4849999999999985,6.494,6.38,0,0,0,0,0,0,0,0,0,0.0,0,0.0,0,0,0.0,1,0,0,0,0.0
20171101,5155,000415XSHE20171101,20200210004725,0,225827,6.43,144199952.0,000415.XSHE,6.32,1500,6.39,6.38,311558.59375,618452.125,0.1567398119,6.38,2.0,6.426237411513847,6.443179269013384,6.495226468331111,6.543832417013938,6.404439303375285,6.502465737280346,6.59579026756394,6.655001086846165,6.568586356972295,6.669098970243704,6.718252110797044,6.465849616361576,6.537253884818703,6.638475855828284,6.725725394801519,6.619024533859261,6.659825104852422,6.733371501363263,6.837630131503133,6.927497156645565,6.233450289168429,6.271874127870728,6.341136268274141,6.439321580153437,6.523953632957474,6.56,-0.9302325581395424,-5.170366852665318,-74.52353169972744,25.312176931198625,30.005757065485067,15.925016662625751,81.5789473684212,5.263157894736744,37.704918032786814,-0.6220839813374812,-2.293577981651381,34.82142857142851,-0.08918112377144724,-0.0091671394201161,6.574363288692844,6.4805985952113385,6.45,6.452000000000001,6.5394999999999985,6.617666666666667,6.70675,6.766666666666668,0.009999999999999787,0.040000000000000036,0.05999999999999961,0.019064719133234688,6.5520000000000005,6.775738686864831,6.328261313135166,37.27810650887573,42421027,-0.25401443472027485,-0.2266928714116596,1.1405642697813363,0.7551020408163229,0.8297872340425523,33.33333333333333,6.42,27.362204790737422,32.35254713262828,6.5520000000000005,6.4689999999999985,6.484,6.38,0,0,0,0,0,0,1,0,0,1.0,0,0.0,0,0,0.0,0,0,0,0,0.0
20171102,5156,000415XSHE20171102,20200210004725,0,146383,6.45,93841584.0,000415.XSHE,6.33,1500,6.41,6.39,311558.59375,618452.125,0.3129890454,6.39,2.0,6.42082494100923,6.434884451760037,6.483862939220296,6.531665833649035,6.407219651687642,6.490907520120302,6.583803798688848,6.644348865678941,6.556387406435964,6.6589382263125785,6.7101402131444905,6.455695140659472,6.525134467216923,6.627330692129343,6.717929706040986,6.613449689239508,6.649365994879255,6.7208885012334285,6.826150612893224,6.9194675972222175,6.228200192778952,6.2620242864396864,6.329380433200414,6.428510771365462,6.516391814859757,6.54,-0.1557632398753861,-4.746336969120562,-51.4773473407742,25.96569371170816,28.65906928089277,20.57894257333895,76.31578947368423,14.285714285714409,37.7049180327869,-2.2865853658536506,-1.9877675840978573,38.67924528301885,-0.08983509049716146,-0.005231733805713679,6.562188230271151,6.469737272871133,6.42,6.452999999999999,6.5314999999999985,6.600666666666666,6.69225,6.7556666666666665,0.020000000000000462,0.040000000000000036,0.05999999999999961,0.017655544016230013,6.5394999999999985,6.769654296071135,6.309345703928863,37.77777777777782,42274644,-0.23958560006702634,-0.2468000173936506,1.3557565932968032,0.7350993377483419,0.8194444444444444,33.33333333333333,6.38,25.312176931198625,30.005757065485067,6.5394999999999985,6.452000000000001,6.45,6.39,0,0,0,0,0,0,1,0,0,1.0,0,0.0,0,0,0.0,0,0,0,0,0.0
20171103,5157,000415XSHE20171103,20200210004725,0,161764,6.42,102418088.0,000415.XSHE,6.25,1500,6.29,6.4,311558.59375,618452.125,-1.872074883,6.41,2.0,6.377216627339487,6.398663338820027,6.4580145473242565,6.509696212408215,6.3486098258438215,6.4657940801052645,6.56484871490247,6.628942393258117,6.535896067479353,6.64447006057483,6.699083891745951,6.425568751448659,6.502740708434358,6.610875536415716,6.7073635404597285,6.568533126159672,6.618335813992119,6.697822929687389,6.809201802508187,6.908584446673522,6.185900128519303,6.2328016889052,6.307658487181326,6.412549270323246,6.506142634245938,6.38,-1.2558869701726718,-6.365368584018102,-85.37398761314887,20.64379580780544,25.987311456530318,9.956764510355676,90.0,9.677419354838772,40.35087719298242,-4.11585365853658,-4.11585365853658,35.04273504273503,-0.09185622327829786,-0.016169062249091176,6.542026139139956,6.442085384737113,6.369999999999999,6.441,6.514999999999999,6.580666666666664,6.67525,6.7428333333333335,-0.11000000000000032,0.01999999999999957,0.040000000000000036,0.01942220927743506,6.5314999999999985,6.780457827754018,6.28254217224598,32.07547169811301,42436408,-0.3188807611130282,-0.2792331805900273,0.9724980227186758,0.6999999999999976,0.7548387096774197,33.33333333333333,6.39,25.96569371170816,28.65906928089277,6.5314999999999985,6.452999999999999,6.42,6.41,0,0,0,0,0,0,1,0,0,1.0,0,0.0,0,0,0.0,1,0,0,0,0.0
20171106,5158,000415XSHE20171106,20200210004725,0,128814,6.37,81442592.0,000415.XSHE,6.28,1500,6.35,6.29,311558.59375,618452.125,0.9538950715000001,6.29,2.0,6.368144418226326,6.38649750411502,6.443612607681023,6.4951783749165575,6.3493049129219115,6.451319820092107,6.550987507489407,6.61681446311646,6.521596369980941,6.6329222150620915,6.689897473542111,6.4118289784579945,6.488193974297753,6.598149900492997,6.698539749337268,6.5591887507731155,6.604183847811734,6.682839793526687,6.796094397507787,6.899495941817388,6.177100085679535,6.2194741091042545,6.29354815506882,6.400205403478208,6.4975835568571485,6.38,-0.21998742928975856,-5.32279707768005,-67.6651795198634,22.095863871870254,24.69016226164363,16.907267092323515,75.0000000000001,42.8571428571428,45.161290322580605,-2.905198776758416,-0.7812500000000111,38.21138211382112,-0.09346169426569398,-0.012843767899169023,6.527801980685142,6.4279184024698655,6.364,6.4289999999999985,6.4985,6.562666666666666,6.6595,6.731000000000001,0.05999999999999961,0.020000000000000462,0.009999999999999787,0.019603056068804064,6.514999999999999,6.761761017991091,6.268238982008906,54.66666666666645,42307594,-0.31128221412283696,-0.3150814876179326,1.367665232147231,0.7647058823529392,0.8120805369127521,50.0,6.4,20.64379580780544,25.987311456530318,6.514999999999999,6.441,6.369999999999999,6.29,0,0,0,0,0,0,1,0,0,1.0,0,0.0,0,0,1.0,0,0,0,0,1.0
20171107,5159,000415XSHE20171107,20200210004725,0,133068,6.45,85168024.0,000415.XSHE,6.34,1500,6.42,6.35,311558.59375,618452.125,1.1023622047,6.35,3.0,6.385429612150882,6.3948731280862665,6.440464259990219,6.488343977196871,6.384652456460955,6.4474048425805925,6.542536700554607,6.608257312546178,6.5137812645977915,6.624572324275341,6.682794908448896,6.413314618738357,6.481699310078919,6.5894596614445575,6.691662224662273,6.576992500515409,6.605714057300509,6.676150289381287,6.7871434512878945,6.892412091402142,6.193866723786356,6.220915180176207,6.287248330776551,6.391775871601221,6.490912357922405,6.39,0.7532956685499065,-4.170522733379132,-16.715960127066428,30.921052105056372,26.76712554278121,39.22890522960669,57.50000000000005,57.14285714285714,46.031746031746046,0.6269592476489034,0.15600624024960666,43.90243902439022,-0.09339264782800917,0.0005523715014784103,6.51981664878254,6.42670018670527,6.372000000000001,6.428,6.4834999999999985,6.550333333333332,6.645249999999999,6.720500000000001,0.07000000000000027,0.03000000000000025,0.009999999999999787,0.020383325735427137,6.4985,6.72523993913733,6.27176006086267,103.3898305084745,42440662,-0.19787882328198672,-0.25458051870241183,1.4235051257828628,0.8611111111111103,0.914285714285716,66.66666666666666,6.29,22.095863871870254,24.69016226164363,6.4985,6.4289999999999985,6.364,6.35,0,0,0,0,0,0,1,0,0,1.0,0,0.0,0,0,1.0,0,0,0,0,1.0
20171108,5160,000415XSHE20171108,20200210004725,0,153407,6.52,99277864.0,000415.XSHE,6.4,1500,6.48,6.4,311558.59375,618452.125,0.9345794393000001,6.42,4.0,6.416953074767256,6.416154846064699,6.4457356919915245,6.487585433815338,6.432326228230478,6.4514792372580185,6.538502074712374,6.602680907652866,6.511182705782577,6.618902821362583,6.67745820033182,6.4254392335132025,6.481537471023782,6.584120165764335,6.6864359968928335,6.609461667010272,6.618202410518599,6.675983595154498,6.781643770737264,6.88702907679962,6.2244444825242375,6.232676056507807,6.287091346893068,6.386596560791405,6.48584291698605,6.41,1.408450704225364,-3.1737493275954898,27.324088341037232,43.84635796902752,32.46020301819665,66.61866787068928,42.499999999999936,63.636363636363704,53.846153846153896,1.5673981191222657,0.15455950540959315,44.35483870967743,-0.09110754014437908,0.0182808614690409,6.516867267391242,6.434900157981383,6.39,6.42,6.470999999999999,6.538999999999998,6.6317499999999985,6.713500000000002,0.08000000000000007,0.03999999999999915,0.0,0.01857664100191312,6.4834999999999985,6.680060423279968,6.286939576720033,154.16666666666617,42594069,-0.02848071513980095,-0.11317976921089384,1.5167726811518139,0.9712230215827324,0.9855072463768138,83.33333333333334,6.35,30.921052105056372,26.76712554278121,6.4834999999999985,6.428,6.372000000000001,6.42,0,0,0,1,0,0,0,0,0,0.0,0,0.0,0,0,0.0,0,0,0,0,0.0
20171109,5161,000415XSHE20171109,20200210004725,0,119189,6.55,77579176.0,000415.XSHE,6.46,1500,6.51,6.48,311558.59375,618452.125,0.46296296299999995,6.48,4.0,6.447968716511504,6.439616134548523,6.454304266392653,6.489623121650308,6.471163114115238,6.458794332600767,6.536663231182543,6.598651302972304,6.511091728414687,6.6146321224856175,6.6730514055862455,6.440813918328984,6.484248188069137,6.580504547922173,6.68207955252511,6.641407778006848,6.634038335878854,6.678775633711213,6.777919684359838,6.882541939100864,6.2545296550161575,6.247589500779114,6.289720742427063,6.383089411484507,6.481617165949356,6.29,1.56006240249608,-2.6585723257274627,66.63372859025193,57.187894559996856,40.70276686546338,90.1581499490638,35.00000000000011,64.70588235294113,45.45454545454547,1.8779342723004715,1.2441679626749624,42.97520661157024,-0.08686695233298655,0.033924702491140164,6.516358580917816,6.446453979830401,6.410000000000001,6.415000000000001,6.463499999999999,6.530333333333331,6.620749999999999,6.7091666666666665,0.029999999999999364,0.040000000000000036,0.020000000000000462,0.01873961728605384,6.470999999999999,6.648682300750524,6.2933176992494735,193.67088607594795,42474880,0.12530060151174208,0.04840994318597056,1.893663342022744,0.9787234042553172,1.0217391304347834,83.33333333333334,6.4,43.84635796902752,32.46020301819665,6.470999999999999,6.42,6.39,6.48,0,0,1,1,0,0,0,0,0,1.0,0,0.0,1,0,0.0,0,1,0,0,1.0
20171110,5162,000415XSHE20171110,20200210004725,0,118190,6.55,76734488.0,000415.XSHE,6.46,1500,6.55,6.51,311558.59375,618452.125,0.6144393241,6.51,4.0,6.481979144341003,6.467212100911393,6.4670636975403,6.495111928773008,6.510581557057621,6.470195041025669,6.537523667880444,6.596536028930031,6.514084672382787,6.612097529446968,6.669813210702398,6.4606659331782605,6.490510265395888,6.579016521194262,6.678818329005972,6.676438518671232,6.654485911173607,6.685225573357763,6.77638701683009,6.879182878876151,6.287519770010773,6.266845955182911,6.295794957434009,6.3816460255584335,6.478453779135793,6.35,1.3618074899412098,-1.9842576242779892,97.00882289649323,71.45859637333123,50.95471003475266,112.46636905048835,25.00000000000011,100.0,49.152542372881385,2.184087363494535,-0.15243902439024065,42.97520661157024,-0.080786842087849,0.048640881961100335,6.518850537886867,6.462384136779567,6.461999999999999,6.416,6.458500000000001,6.524333333333333,6.610499999999999,6.706500000000003,0.040000000000000036,0.0,0.049999999999999815,0.018737516298589732,6.463499999999999,6.624779260911003,6.302220739088995,426.3157894736797,42356690,0.2531351017541928,0.18921785163296745,1.8120663165715871,1.0294117647058811,1.0597014925373145,83.33333333333334,6.48,57.187894559996856,40.70276686546338,6.463499999999999,6.415000000000001,6.410000000000001,6.51,0,0,1,1,0,0,0,0,0,1.0,0,0.0,1,0,0.0,0,1,0,0,1.0
20171113,5163,000415XSHE20171113,20200210004725,0,139676,6.57,90583976.0,000415.XSHE,6.43,1500,6.45,6.55,311558.59375,618452.125,-1.5267175572999998,6.55,1.0,6.471319429560668,6.4629090756835454,6.464788537868261,6.4910108443390975,6.4802907785288095,6.467670660897461,6.531876979630092,6.59016489723742,6.509155082199497,6.605740763586303,6.664028652526017,6.4587266726003945,6.486652144881995,6.572723032355517,6.673168493721873,6.6654590124474895,6.6524884727784075,6.681251709228453,6.769904723326182,6.873363548533528,6.277179846673849,6.264964872422383,6.2920525805355325,6.375541341384852,6.472973438910216,6.42,-0.4936747917309613,-3.3389281860688214,61.01792114695475,68.47239758222082,56.79393921724206,91.82931431217837,50.0,66.66666666666676,43.28358208955225,2.543720190779017,-1.6768292682926744,39.23076923076921,-0.07528379628549275,0.044024366418849985,6.513750498043397,6.460478884967327,6.482000000000001,6.422999999999999,6.4540000000000015,6.517666666666665,6.5982499999999975,6.700333333333334,-0.09999999999999963,0.020000000000000462,0.020000000000000462,0.017616522884091913,6.458500000000001,6.615394869259642,6.301605130740358,243.74999999999767,42496366,0.2139703639699934,0.2335527328620931,1.322539267961576,0.911564625850339,0.9246575342465764,83.33333333333334,6.51,71.45859637333123,50.95471003475266,6.458500000000001,6.416,6.461999999999999,6.55,0,0,1,1,0,0,0,0,0,1.0,0,0.0,1,1,0.0,1,1,0,0,2.0
20171114,5164,000415XSHE20171114,20200210004725,0,137848,6.51,88654584.0,000415.XSHE,6.33,1500,6.38,6.45,311558.59375,618452.125,-1.0852713178,6.45,2.0,6.440879619707112,6.44218180676266,6.453483399485825,6.480918949399179,6.430145389264405,6.456711828285278,6.522078464815247,6.581027293009705,6.499220075876459,6.596888184622133,6.656554214301648,6.444412732127595,6.476494797750375,6.563321908825978,6.665929765481828,6.6341060082983265,6.637745114091422,6.670789641682887,6.760221566090759,6.865907658446282,6.2476532311158985,6.251080350163766,6.282199953817862,6.3664222515612,6.465951872517373,6.48,-1.4519616929255397,-4.230087964213883,-52.457126387086255,59.189931721480534,57.59260338532154,62.3845883937985,62.85714285714285,43.33333333333332,50.0,0.4724409448818938,-2.4464831804281366,39.23076923076921,-0.07137614416731539,0.03126121694541889,6.503843053743885,6.448097518049278,6.473999999999998,6.422999999999999,6.4460000000000015,6.508999999999999,6.583250000000001,6.693,-0.07000000000000027,0.05999999999999961,0.049999999999999815,0.019027181191301944,6.4540000000000015,6.608841854806768,6.299158145193234,101.62601626016227,42358518,0.06956044930590248,0.14176540663794793,1.290931168173562,0.8961038961038943,0.8024691358024693,66.66666666666666,6.55,68.47239758222082,56.79393921724206,6.4540000000000015,6.422999999999999,6.482000000000001,6.45,0,0,1,1,0,0,0,0,0,1.0,0,0.0,1,0,0.0,1,0,0,0,1.0
20171115,5165,000415XSHE20171115,20200210004725,0,93163,6.4,59352664.0,000415.XSHE,6.34,1500,6.37,6.38,311558.59375,618452.125,-0.1567398119,6.38,2.0,6.417253079804741,6.424136355071996,6.442352279554383,6.470835408544708,6.400072694632202,6.445872849749619,6.5122669509561995,6.5718521933136325,6.4892800700398094,6.587990608754599,6.64901331392529,6.430883144468032,6.4663524360598625,6.553891571810078,6.658622857692152,6.609770672198883,6.623809638802072,6.66034300914166,6.750508318964378,6.858381543422919,6.224735487410599,6.237956650133992,6.272361862978068,6.357274824655773,6.4588641719613875,6.51,-1.2709237445753232,-4.204764196342653,-84.78057889822688,51.95995448098702,55.715053750543355,44.44975594187432,63.63636363636361,27.999999999999858,49.152542372881385,-0.7788161993769442,-0.15673981191222236,39.23076923076921,-0.06867016297267099,0.02164784955715518,6.49392875346656,6.436082515272466,6.452000000000001,6.421000000000001,6.4365,6.499999999999999,6.5685,6.6855,-0.009999999999999787,0.020000000000000462,0.03000000000000025,0.01824765666932271,6.4460000000000015,6.594899294827075,6.2971007051729275,55.55555555555517,42265355,-0.06085730378782511,0.004351572759038688,1.449978283106237,0.854430379746834,0.7757575757575761,50.0,6.45,59.189931721480534,57.59260338532154,6.4460000000000015,6.422999999999999,6.473999999999998,6.38,0,0,1,1,0,0,0,0,0,1.0,0,0.0,0,0,0.0,1,0,0,0,0.0
20171116,5166,000415XSHE20171116,20200210004725,0,108067,6.37,68473696.0,000415.XSHE,6.31,1500,6.31,6.36,311558.59375,618452.125,-0.9419152276,6.37,2.0,6.381502053203159,6.395602266303996,6.42470530894713,6.456214007767918,6.355036347316102,6.4288887435309165,6.499217470249348,6.560467315343474,6.4754892954213625,6.577089016254419,6.640091910927256,6.40890439092839,6.451461727863686,6.541994421965683,6.650014885897286,6.572947114799256,6.601171522656242,6.645005579699597,6.738254254624652,6.849515332474206,6.190056991607065,6.216637259200537,6.257917876027775,6.345734589306713,6.450514439320368,6.55,-1.5907673112913474,-4.912597950572653,-113.47207009857874,38.088245516060226,49.839451005715645,14.585834536749404,81.25000000000013,14.285714285714285,43.75,-2.6234567901234693,-1.0971786833855846,40.79999999999997,-0.06765996960361212,0.00808154695247093,6.480304401357926,6.416685205230548,6.412000000000001,6.4110000000000005,6.432,6.4913333333333325,6.55325,6.676333333333334,-0.05000000000000071,0.009999999999999787,0.0,0.017326453418657038,6.4365,6.594689759466281,6.278310240533719,29.268292682926784,42373422,-0.1982277371964053,-0.1295425204921152,1.600076812829616,0.8148148148148129,0.7294117647058823,33.33333333333333,6.38,51.95995448098702,55.715053750543355,6.4365,6.421000000000001,6.452000000000001,6.37,0,0,1,0,0,0,0,0,0,1.0,0,0.0,0,0,0.0,1,0,0,0,0.0
20171117,5167,000415XSHE20171117,20200210004725,0,172517,6.37,108780360.0,000415.XSHE,6.25,1500,6.28,6.31,311558.59375,618452.125,-0.47543581619999997,6.31,2.0,6.347668035468774,6.366701699727996,6.4054112677541815,6.440194552516289,6.31751817365805,6.410277650589553,6.485074407652616,6.548273084241584,6.460451657312027,6.565438466597383,6.630615808008118,6.385467228941409,6.435132039495716,6.52921420626004,6.64087871587513,6.5380980765328385,6.5770312458096525,6.628186000680588,6.725090632447841,6.840105077351383,6.157237994404711,6.193903212073168,6.242078078310843,6.333337780072237,6.441652354398877,6.45,-1.2268008807801103,-5.167467004922836,-145.18518518518619,28.51716367737351,42.73202189626827,0.08744723958399447,90.62499999999993,0.0,40.0,-3.5330261136712684,-1.7214397496087548,39.84374999999999,-0.06809004091813346,-0.003440570516170777,6.465467038294376,6.395656712118157,6.358,6.409999999999998,6.4255,6.48,6.5379999999999985,6.666333333333332,-0.029999999999999364,0.0600000000000005,0.03000000000000025,0.016534578741432042,6.432,6.603403033812122,6.260596966187877,28.00000000000032,42545939,-0.30643471287778146,-0.2523312250370934,0.9828002484517888,0.8789808917197434,0.7987804878048791,16.666666666666664,6.36,38.088245516060226,49.839451005715645,6.432,6.4110000000000005,6.412000000000001,6.31,0,0,1,0,0,0,0,0,0,1.0,0,0.0,0,0,1.0,1,0,0,0,1.0
20171120,5168,000415XSHE20171120,20200210004725,0,176137,6.32,109248080.0,000415.XSHE,6.14,1500,6.22,6.29,311558.59375,618452.125,-0.9554140126999999,6.28,2.0,6.305112023645849,6.330026274795997,6.380689765386957,6.4201768659238985,6.268759086829026,6.386492944265858,6.4679728329653505,6.534000341448473,6.441955375980332,6.551891860064153,6.619810128850008,6.3553822782247895,6.414643273829457,6.5141305864424774,6.630486648816483,6.4942653843552245,6.5460437465715335,6.607082572044343,6.709554504035751,6.829401248280978,6.115958662936474,6.1647208098780455,6.2222039756145735,6.318706668849202,6.43157204935199,6.38,-1.45754119138149,-5.857423944301505,-224.514305898977,25.21299283917924,36.89234554390526,1.8542874297271936,81.39534883720931,0.0,44.06779661016947,-5.0381679389312986,-2.9641185647425963,37.12121212121211,-0.07020237116560603,-0.0168986419797805,6.447284294717014,6.368632602561518,6.3119999999999985,6.397,6.413000000000001,6.464666666666668,6.52125,6.655333333333332,-0.07000000000000027,0.03000000000000025,0.08000000000000007,0.01801114658202754,6.4255,6.617343686369918,6.23365631363008,21.212121212121477,42722076,-0.4112432412880069,-0.3588389770828941,0.6598124491999369,0.8443113772455071,0.7803468208092491,0.0,6.31,28.51716367737351,42.73202189626827,6.4255,6.409999999999998,6.358,6.28,0,0,0,0,0,0,1,0,0,1.0,0,0.0,0,0,1.0,1,0,0,0,1.0
20171121,5169,000415XSHE20171121,20200210004725,0,209829,6.32,130972056.0,000415.XSHE,6.18,1500,6.24,6.22,311558.59375,618452.125,0.3215434084,6.22,2.0,6.2834080157639,6.307519706096999,6.36193113000203,6.403797150839907,6.254379543414513,6.368181326232627,6.453264908257908,6.521217717907236,6.426420347058767,6.539660806728302,6.609815125459219,6.334403682183917,6.398010581083795,6.500758362713575,6.620845003166695,6.471910256236818,6.524435792649436,6.589950898516308,6.695781113594983,6.819470353261696,6.094905775290982,6.144371571718401,6.206070263651282,6.305735611832168,6.4222196530716955,6.37,-0.7001909611712361,-5.339805825242722,-178.7097513463977,24.560599877282314,32.78176365503094,8.118272321785058,76.74418604651154,11.111111111111331,40.000000000000064,-3.255813953488371,-0.7949125596184391,43.220338983050844,-0.07277928315599393,-0.020615295923103155,6.431929902515754,6.348842971398208,6.284000000000002,6.379,6.403499999999998,6.448666666666668,6.507499999999999,6.646000000000001,0.020000000000000462,0.08000000000000007,0.040000000000000036,0.018541340686987998,6.413000000000001,6.6188421725497495,6.207157827450254,41.77215189873459,42931905,-0.43311433023394624,-0.42217878576097656,1.0424083402626032,0.9124999999999986,0.8433734939759048,16.666666666666664,6.29,25.21299283917924,36.89234554390526,6.413000000000001,6.397,6.3119999999999985,6.22,0,0,0,0,0,0,1,0,0,1.0,0,0.0,0,0,1.0,0,0,0,0,1.0
20171122,5170,000415XSHE20171122,20200210004725,0,234228,6.27,144484432.0,000415.XSHE,6.09,1500,6.11,6.24,311558.59375,618452.125,-2.0833333333,6.24,2.0,6.2256053438426,6.258139779572749,6.328340312668426,6.377088318945369,6.1821897717072565,6.335908660453549,6.431118785144494,6.503338686693878,6.402080320361941,6.522811363327193,6.596662095841872,6.293603012695932,6.370581001932957,6.481696979166572,6.608231546298383,6.412373504157878,6.482411103076812,6.561698431990947,6.6761478885415695,6.806478492687334,6.038837183527322,6.104794922315056,6.179463571874969,6.287246069791576,6.409984599909432,6.31,-1.9576379974325901,-7.055280051111988,-234.4198680636415,17.762622140410464,27.775383150157445,-2.262899879083505,95.83333333333323,6.6666666666668055,24.590163934426275,-4.231974921630088,-3.779527559055108,38.46153846153847,-0.07742049536374226,-0.03712969766198665,6.408083243070142,6.312097898875407,6.231999999999998,6.3420000000000005,6.381,6.428000000000001,6.489750000000001,6.634000000000001,-0.1299999999999999,0.029999999999999364,0.020000000000000462,0.01963547901516889,6.403499999999998,6.6330125268912346,6.173987473108764,38.77551020408188,43166133,-0.5329590398409001,-0.4830366850374232,0.6910871522819497,0.8323699421965304,0.7709497206703919,16.666666666666664,6.22,24.560599877282314,32.78176365503094,6.403499999999998,6.379,6.284000000000002,6.24,0,0,0,0,0,0,1,0,0,1.0,0,0.0,0,0,1.0,1,0,0,0,1.0
20171123,5171,000415XSHE20171123,20200210004725,0,221550,6.17,134932480.0,000415.XSHE,6.0,1500,6.04,6.1,311558.59375,618452.125,-1.1456628478,6.11,2.0,6.163736895895068,6.203604834679562,6.289894937645968,6.346443926313973,6.111094885853628,6.298920077896853,6.405885315135173,6.4831935264028395,6.374227988026407,6.503877584373186,6.582013093319718,6.2474933740239464,6.339097096986961,6.460150785060885,6.594201137747806,6.348649002771919,6.434918175244664,6.52927000989657,6.653955308612713,6.792027171880242,5.978824789018215,6.060068572803228,6.1489241840773525,6.2663462615090575,6.396375103615371,6.28,-2.2337325995467774,-7.865031423515762,-267.99601196410856,14.180929380156686,23.243898560157195,-3.945008979844338,92.98245614035088,6.4516129032259455,14.516129032258036,-5.180533751962325,-5.919003115264796,33.587786259542,-0.08405262308974064,-0.05305702180798702,6.3808178176575385,6.270236683663804,6.178,6.295,6.355,6.407333333333333,6.471500000000002,6.622333333333335,-0.05999999999999961,0.07000000000000027,0.040000000000000036,0.021067560072330058,6.381,6.639495647932417,6.122504352067582,37.39130434782621,42944583,-0.6530881004381782,-0.5930235701395392,0.4680654246539473,0.7857142857142846,0.7105263157894741,16.666666666666664,6.24,17.762622140410464,27.775383150157445,6.381,6.3420000000000005,6.231999999999998,6.11,0,0,0,0,0,0,1,0,0,1.0,1,1.0,0,0,0.0,1,0,0,0,1.0
20171124,5172,000415XSHE20171124,20200210004725,0,141938,6.06,85229656.0,000415.XSHE,5.96,1500,5.97,6.02,311558.59375,618452.125,-1.1589403973999999,6.04,2.0,6.099157930596711,6.14520362600967,6.2472422792931726,6.31222175119452,6.040547442926814,6.257805068159748,6.377763681900644,6.460880764385324,6.343133527408991,6.482941208515415,6.5659074856007775,6.19704003329232,6.303944992512013,6.436240990667673,6.578788763976256,6.2821326685146115,6.382951234291089,6.493063342287372,6.629328220387702,6.776152426895544,5.916183192678809,6.01112883229355,6.114826642736652,6.243153760947642,6.381425101056968,6.22,-2.38718116415958,-8.656935646745646,-258.0146460537035,10.060013526165047,18.849270215493146,-7.518499852491146,98.36065573770495,5.714285714285822,9.090909090909152,-5.388272583201267,-7.87037037037038,32.835820895522396,-0.09251018718435654,-0.06766051275692722,6.350386868201425,6.224046424638605,6.1160000000000005,6.237,6.3265,6.384666666666668,6.4525000000000015,6.608333333333333,-0.049999999999999815,0.040000000000000036,0.009999999999999787,0.02136855614685024,6.355,6.6488894349921415,6.0611105650078585,27.800829875518552,42802645,-0.7672262083114695,-0.7101571543748239,0.3138028690836727,0.8362573099415194,0.754189944134078,16.666666666666664,6.1,14.180929380156686,23.243898560157195,6.355,6.295,6.178,6.04,0,0,0,0,0,0,1,0,0,1.0,1,1.0,0,0,0.0,1,0,0,0,1.0
20171127,5173,000415XSHE20171127,20200210004725,0,138180,6.02,82348224.0,000415.XSHE,5.89,1500,5.91,6.0,311558.59375,618452.125,-1.0050251256,5.97,2.0,6.036105287064474,6.086402719507253,6.202276642054082,6.275656137449563,5.975273721463407,6.21432943463978,6.347585379842539,6.4369294268033554,6.309815563762145,6.460472925828536,6.548646762295491,6.144850936330079,6.266426421796582,6.41057069843998,6.562275461162027,6.217188445676408,6.329196464419982,6.454419214450481,6.602887819393179,6.759143724996888,5.855022128452539,5.960505408240175,6.078433629142685,6.218253577486781,6.365407197327168,6.24,-2.3785926660059484,-9.289047151277014,-217.20670391061557,8.013865226593719,15.23746855252667,-6.433341425272179,97.0588235294117,5.714285714285837,2.9411764705883003,-5.891719745222932,-9.21658986175115,24.409448818897673,-0.10241495547272576,-0.07923814630695353,6.317765618705022,6.17573159007882,6.053999999999999,6.183,6.303,6.363666666666667,6.434,6.591166666666669,-0.08999999999999986,0.01999999999999957,0.020000000000000462,0.021397675101715842,6.3265,6.670424410299707,5.982575589700295,31.50684931506816,42664465,-0.8552420166071608,-0.8112341124593152,0.20982419286332024,0.7932960893854739,0.7445652173913044,16.666666666666664,6.02,10.060013526165047,18.849270215493146,6.3265,6.237,6.1160000000000005,5.97,0,0,0,0,0,0,1,0,0,1.0,1,1.0,0,0,1.0,1,0,0,0,2.0
20171128,5174,000415XSHE20171128,20200210004725,0,162497,5.95,96047880.0,000415.XSHE,5.87,1500,5.92,5.91,311558.59375,618452.125,0.1692047377,5.91,2.0,5.9974035247096475,6.04480203963044,6.1646397564468725,6.243323761317786,5.947636860731704,6.177538255309807,6.319999226304311,6.414454234333642,6.279829751165058,6.439277909129378,6.532103426445612,6.103968947906429,6.233433429244528,6.386640420467298,6.5464168078000045,6.177325630450939,6.287088016343622,6.420436432121862,6.578239633081317,6.742809312034003,5.81748141896836,5.920849879469237,6.0464304263671895,6.1950412078532775,6.350024303566003,6.11,-1.1686143572621082,-8.838928241453686,-167.54890678941322,8.675910151062467,13.050282418705267,-0.07283438422313537,92.85714285714286,2.9411764705881738,5.084745762711901,-4.823151125401926,-9.618320610687023,25.000000000000014,-0.11231461043272344,-0.07919723967998152,6.288301498800948,6.136388268528233,5.99,6.1370000000000005,6.28,6.343,6.416,6.574333333333335,0.009999999999999787,0.03000000000000025,0.040000000000000036,0.01992770983864714,6.303,6.6828947222586805,5.923105277741319,16.814159292035,42826962,-0.8444692017453345,-0.8498556091762477,0.23816608925711186,0.7734806629834249,0.7258064516129037,33.33333333333333,6.0,8.013865226593719,15.23746855252667,6.303,6.183,6.053999999999999,5.91,0,0,0,0,0,0,1,0,0,1.0,1,1.0,0,0,1.0,0,0,1,0,2.0
20171129,5175,000415XSHE20171129,20200210004725,0,158049,5.96,93291296.0,000415.XSHE,5.86,1500,5.87,5.92,311558.59375,618452.125,-0.8445945946,5.92,2.0,5.954935683139767,6.00110152972283,6.1253544555872885,6.209385237561622,5.908818430365852,6.13909597339608,6.290967018155644,6.390782311101747,6.2483043856908225,6.41695328524195,6.514679652065464,6.06142913919617,6.1988207216974285,6.361438448737186,6.529715158224695,6.13358375363396,6.243272013372054,6.384785343348353,6.552281602199303,6.725606612971437,5.7762876126455724,5.879586265020285,6.0128561000465055,6.170595295275071,6.333823703477954,6.04,-1.2117132278694198,-9.304409628874282,-128.17076197567644,6.437534871950128,10.846033236453557,-2.3794618570567287,98.59154929577468,3.846153846153767,5.263157894736883,-5.9294871794871815,-8.992248062015506,24.42748091603055,-0.12223383726778746,-0.079353814680512,6.257316202593469,6.095405457985428,5.942000000000001,6.087000000000001,6.254,6.3199999999999985,6.39675,6.555833333333335,-0.049999999999999815,0.040000000000000036,0.009999999999999787,0.02068937212379444,6.28,6.695711438380037,5.864288561619962,24.73118279569855,42668913,-0.8155390620511178,-0.8300041318982263,0.2353995158303497,0.7955801104972371,0.7567567567567571,16.666666666666664,5.91,8.675910151062467,13.050282418705267,6.28,6.1370000000000005,5.99,5.92,0,0,0,0,0,0,1,0,0,1.0,1,1.0,0,0,1.0,1,0,1,0,3.0
20171130,5176,000415XSHE20171130,20200210004725,0,147606,5.95,87078208.0,000415.XSHE,5.87,1500,5.88,5.89,311558.59375,618452.125,0.1703577513,5.87,2.0,5.929957122093178,5.970826147292121,6.092640528175651,6.179441125056021,5.894409215182924,6.106708976721571,6.264453016984312,6.368574384532106,6.2199732790992215,6.395896293663834,6.497977555958477,6.028442022978684,6.168456843440532,6.337953646359763,6.5136728086389,6.107855835755973,6.209295283668045,6.353510548743746,6.528092255750555,6.709082992898067,5.752058408430384,5.847588762289322,5.983403138137316,6.147815036968969,6.3182626243797335,5.97,-0.5076142131979587,-8.856992280745287,-94.16188890943874,5.7409652769522275,9.144343916619778,-1.0657920023828744,97.18309859154935,9.999999999999822,7.017543859649125,-3.764320785597388,-7.836990595611286,28.448275862068968,-0.1312072093134925,-0.07178697636564046,6.229366854253214,6.062266156756901,5.909999999999998,6.044,6.2275,6.302666666666666,6.3795,6.537333333333334,-0.009999999999999787,0.0600000000000005,0.009999999999999787,0.02109904470915188,6.254,6.693448518031406,5.814551481968593,44.117647058823394,42521307,-0.7316084345252666,-0.7735737482881924,0.23395614649671526,0.6885245901639343,0.6885245901639343,33.33333333333333,5.92,6.437534871950128,10.846033236453557,6.254,6.087000000000001,5.942000000000001,5.87,0,0,0,0,0,0,1,0,0,1.0,1,1.0,0,0,1.0,1,0,1,0,3.0
20171201,5177,000415XSHE20171201,20200210004725,0,170908,5.95,101236080.0,000415.XSHE,5.88,1500,5.94,5.89,311558.59375,618452.125,1.0204081633,5.88,2.0,5.933304748062117,5.963119610469093,6.07228845775223,6.157673750050929,5.917204607591463,6.085870354631375,6.243520564275648,6.349940715639406,6.198436873014666,6.3780180076378015,6.4832939360648325,6.012361655164377,6.146699048827148,6.318541273366604,6.499508047931768,6.111303890503981,6.1927325048193085,6.331100020291961,6.508097511567602,6.6944932893697215,5.755305605620254,5.831990805509447,5.962298077362332,6.1289850351656066,6.304522806493814,5.91,0.6097560975609837,-7.654996579814713,-65.30404545840099,9.624411633910187,9.304366489049917,10.264501923630732,87.69230769230766,42.10526315789488,17.543859649122894,-1.6556291390728417,-6.750392464678174,31.967213114754127,-0.1378610261832697,-0.053230534958217564,6.207932272456678,6.0434559787943,5.904,6.01,6.21,6.287000000000001,6.3625,6.520166666666667,0.05000000000000071,0.009999999999999787,0.009999999999999787,0.020366667862125355,6.2275,6.6831753230097055,5.7718246769902946,82.1782178217819,42692215,-0.5552068210911784,-0.6434076278082225,0.3625736848849875,0.6923076923076931,0.7206703910614525,50.0,5.89,5.7409652769522275,9.144343916619778,6.2275,6.044,5.909999999999998,5.88,0,0,0,0,1,0,1,0,0,2.0,1,1.0,0,0,1.0,0,0,1,0,2.0
20171204,5178,000415XSHE20171204,20200210004725,0,237024,5.94,137651824.0,000415.XSHE,5.57,1500,5.72,5.94,311558.59375,618452.125,-3.7037037037,5.94,2.0,5.862203165374745,5.9023397078518185,6.025316663385266,6.117885227319027,5.818602303795732,6.040136560302452,6.209745043999798,6.3225519888724735,6.161634036628923,6.352213379887298,6.463207253536812,5.959204990589035,6.1060610441769425,6.289344138080429,6.480260935637156,6.038069260335988,6.1379811403067075,6.28924287550225,6.478024462222844,6.674668763706269,5.686337070413503,5.780428840871362,5.922879212851633,6.1006638139380165,6.285853107568041,5.92,-2.488919195363108,-10.75050709939152,-98.89340386925308,13.559131565463915,10.722621514521249,19.232151667349246,81.92771084337356,22.857142857142843,13.157894736842149,-4.187604690117253,-9.35023771790808,26.573426573426598,-0.1459079450756831,-0.06437535113930737,6.1717891411635915,5.993693520518254,5.8660000000000005,5.959999999999999,6.1785,6.2620000000000005,6.338500000000002,6.4991666666666665,-0.22000000000000064,0.0,0.14999999999999947,0.023941308655415654,6.21,6.7077660092854865,5.7122339907145125,37.254901960784395,42929239,-0.6191948865615116,-0.5872008538263449,0.3338399205028917,0.5774647887323946,0.6076555023923441,50.0,5.89,9.624411633910187,9.304366489049917,6.21,6.01,5.904,5.94,0,0,0,0,1,0,1,0,0,2.0,1,1.0,0,0,1.0,1,0,1,0,3.0
20171205,5179,000415XSHE20171205,20200210004725,0,204413,5.71,115196048.0,000415.XSHE,5.58,1500,5.61,5.67,311558.59375,618452.125,-1.9230769231,5.72,2.0,5.778135443583164,5.829254780888864,5.969941108267231,6.071713843017298,5.714301151897867,5.986369490264647,6.171051815354652,6.291571467617148,6.119200649195927,6.323106972832897,6.440754431075317,5.895713174118303,6.0588171352077085,6.256205399637481,6.458773011300435,5.951479506890659,6.072584569341852,6.24058164926394,6.4438915616266055,6.65253620163945,5.6047913802756675,5.7188417788947525,5.877052621151477,6.068519237648356,6.265009820961423,5.87,-3.342522398345967,-12.143326964638096,-104.91031234850081,11.261643265864835,10.902295431635778,11.980338934322953,95.0,15.555555555555609,12.345679012345734,-5.076142131979693,-10.668789808917197,23.6842105263158,-0.1558286325757861,-0.07936550000082387,6.130175130707028,5.934663748130831,5.803999999999999,5.897,6.138,6.234666666666668,6.3107500000000005,6.476166666666668,-0.05999999999999961,0.040000000000000036,0.03000000000000025,0.024015009464410573,6.1785,6.720887315485897,5.636112684514102,23.966942148760424,42724826,-0.7939439465668833,-0.7065694165641974,0.3274219844797709,0.6157635467980301,0.607843137254902,50.0,5.94,13.559131565463915,10.722621514521249,6.1785,5.959999999999999,5.8660000000000005,5.72,0,0,0,0,0,0,1,0,1,2.0,1,1.0,0,0,1.0,1,0,1,0,3.0
20171206,5180,000415XSHE20171206,20200210004725,0,117850,5.66,66236660.0,000415.XSHE,5.58,1500,5.66,5.62,311558.59375,618452.125,0.8912655971,5.61,2.0,5.738756962388776,5.786941085666647,5.928615627164934,6.034285311833908,5.687150575948932,5.945573303981565,6.138080730493059,6.264111838590317,6.083877522334702,6.297102777819841,6.420208261836492,5.852856233369518,6.0208345509022125,6.227122209411262,6.439050220897955,5.91091967126044,6.028441920370605,6.2014595874292775,6.4139358756936,6.632221727524893,5.5665942535171125,5.677270546368432,5.840209514375147,6.0403085431289245,6.245878714271016,5.88,-1.7702186740714931,-11.037062651284176,-85.03436426116862,13.630211156835058,11.811600673368874,17.267432123767428,88.75000000000001,26.66666666666668,15.476190476190464,-4.3918918918918886,-9.003215434083598,28.275862068965527,-0.16525081733409197,-0.07537747806644708,6.095347343247247,5.892407786879933,5.7620000000000005,5.8519999999999985,6.097,6.204666666666666,6.284,6.453500000000001,0.040000000000000036,0.0,0.040000000000000036,0.022482446846215302,6.138,6.694564461675374,5.581435538324626,22.175732217573447,42606976,-0.8304598774504963,-0.8122019120086899,0.4457783879572863,0.6432160804020108,0.6108374384236454,50.0,5.67,11.261643265864835,10.902295431635778,6.138,5.897,5.803999999999999,5.61,0,0,0,0,0,0,1,0,1,2.0,1,1.0,0,0,1.0,0,0,1,0,2.0
20171207,5181,000415XSHE20171207,20200210004725,0,336509,5.66,185143264.0,000415.XSHE,5.42,1500,5.51,5.65,311558.59375,618452.125,-2.6501766784,5.66,2.0,5.662504641592518,5.717705814249985,5.872800210209608,5.986623010758097,5.598575287974466,5.8911266409838685,6.0975593930418945,6.231324367347258,6.0397330975397265,6.266236002219063,6.3962554128407945,5.790518736393245,5.972183641292478,6.192140638220469,6.4161107092708445,5.832379780840293,5.9642342984850405,6.151349150531253,6.377904857367081,6.60859403054897,5.492629502344742,5.616803174301447,5.793018132053704,6.006376419073853,6.223627387992718,5.94,-3.1293952180028124,-13.05033927726056,-90.27935634384151,14.086807437890036,12.57000292820926,17.120416457251586,90.00000000000004,18.6440677966102,15.116279069767424,-6.132879045996599,-11.698717948717954,22.727272727272748,-0.17588314609064454,-0.08505863005242043,6.0519882807844905,5.833575819667635,5.688,5.798999999999999,6.047000000000001,6.169666666666666,6.255249999999998,6.429500000000001,-0.14000000000000054,0.009999999999999787,0.08999999999999986,0.02402359418819437,6.097,6.6754150758754465,5.518584924124552,11.598746081504727,42943485,-0.9362702360100068,-0.8833650567302516,0.2480108513506755,0.5740740740740745,0.5384615384615384,50.0,5.62,13.630211156835058,11.811600673368874,6.097,5.8519999999999985,5.7620000000000005,5.66,0,0,0,0,0,0,1,0,1,2.0,1,1.0,0,0,1.0,1,0,1,0,3.0
20171208,5182,000415XSHE20171208,20200210004725,0,195004,5.75,108150336.0,000415.XSHE,5.46,1500,5.75,5.5,311558.59375,618452.125,4.3557168784,5.51,3.0,5.691669761061678,5.725779360687488,5.856426848848328,5.965111827961906,5.674287643987232,5.8734858108608865,6.075136206394031,6.210397220940855,6.017445936190518,6.245991453112433,6.379248691450247,5.7831516934126554,5.9510232945027175,6.170572802209714,6.3996635312641565,5.862419853893527,5.956646244215034,6.129553993337799,6.355689986276006,6.591653437202082,5.520919668229826,5.609657142610276,5.772492595667638,5.985455618143423,6.207673625326232,5.72,1.7699115044247724,-8.981543039858181,-51.00512880976267,29.761575328963733,18.300527061794078,52.683671863303005,63.33333333333334,37.66233766233765,35.92233009708738,-2.210884353741495,-5.891980360065472,30.409356725146214,-0.18248667232190124,-0.052828209850053535,6.029618778504157,5.820718001257229,5.65,5.776999999999999,6.007000000000001,6.1433333333333335,6.23275,6.4093333333333335,0.25,0.0,0.040000000000000036,0.027392030573017038,6.047000000000001,6.590326789326644,5.503673210673356,30.973451327433644,42748481,-0.6998365000968726,-0.8180533680534396,0.4076651975153744,0.6682242990654207,0.6227272727272725,50.0,5.65,14.086807437890036,12.57000292820926,6.047000000000001,5.798999999999999,5.688,5.51,0,0,0,0,0,0,1,0,0,1.0,0,1.0,0,0,1.0,0,0,1,0,2.0
20171211,5183,000415XSHE20171211,20200210004725,0,214480,5.74,121699072.0,000415.XSHE,5.62,1500,5.7,5.64,311558.59375,618452.125,-0.8695652173999999,5.75,4.0,5.694446507374453,5.719334520515616,5.835569935668549,5.941010752692642,5.687143821993617,5.851800084503275,6.0509338704976425,6.188206037421688,5.993027018022016,6.224580023578612,6.361373725885768,5.768033203701262,5.9271163140738885,6.147618031370215,6.3823878885168925,5.8652799025956845,5.9410741998123004,6.1049298034961055,6.332046572311323,6.5738595251724,5.5236131121532175,5.5949922075902245,5.749302824651672,5.963189490429108,6.1909162518613865,5.61,0.9564293304994734,-9.500825606503264,-33.934410181106074,37.12500083659312,24.57535165339376,62.22429920299183,67.05882352941173,48.33333333333336,36.63366336633665,-4.040404040404043,-5.6291390728476784,27.05882352941176,-0.1866006521825659,-0.0329118388853174,6.005202572689035,5.802146001063809,5.646,5.756,5.969500000000001,6.120666666666667,6.2117499999999986,6.3886666666666665,0.0600000000000005,0.040000000000000036,0.01999999999999957,0.027297632140387246,6.007000000000001,6.525824633185433,5.488175366814567,57.07762557077623,42962961,-0.4800069699742248,-0.5899217350355487,0.6311703510767247,0.7512437810945283,0.6221198156682027,33.33333333333333,5.5,29.761575328963733,18.300527061794078,6.007000000000001,5.776999999999999,5.65,5.75,0,0,0,0,0,0,1,0,0,1.0,0,1.0,0,0,1.0,0,0,1,0,2.0
20171212,5184,000415XSHE20171212,20200210004725,0,168878,5.69,94779576.0,000415.XSHE,5.52,1500,5.69,5.68,311558.59375,618452.125,-0.1754385965,5.7,4.0,5.6929643382496335,5.7120008903867125,5.816160610912744,5.918191593356947,5.688571910996808,5.831575073940367,6.027647814336502,6.166544905359876,5.969717247404938,6.2036161010853315,6.343705996257193,5.753845348482852,5.904533807971612,6.125295200571668,6.365291891269562,5.863753268397122,5.926460708937338,6.0816698222107615,6.309054056588818,6.5562506480076514,5.522175408102147,5.581229988028366,5.7273977937324645,5.9415363445545175,6.1743331345314765,5.66,0.4945249028611723,-9.386247093671377,-38.002532446977,41.73113263320046,30.293945313329324,64.60550727294273,63.999999999999936,58.00000000000001,38.54166666666668,-0.5244755244755133,-4.690117252931311,25.595238095238123,-0.18867281451413534,-0.016577298652555528,5.981854233971329,5.784892770130916,5.662000000000001,5.733,5.9350000000000005,6.097666666666666,6.190499999999999,6.367166666666666,0.010000000000000677,0.0,0.16000000000000014,0.02893397850432589,5.969500000000001,6.4658265054377,5.4731734945623005,60.71428571428554,42794083,-0.3210815737446943,-0.4005442718594596,0.8427181303359603,0.6666666666666676,0.5384615384615383,33.33333333333333,5.64,37.12500083659312,24.57535165339376,5.969500000000001,5.756,5.646,5.7,0,0,0,1,0,0,0,0,0,0.0,0,1.0,0,0,1.0,0,0,1,0,2.0
20171213,5185,000415XSHE20171213,20200210004725,0,240401,5.82,137987040.0,000415.XSHE,5.6,1500,5.8,5.66,311558.59375,618452.125,1.9332161687,5.69,4.0,5.728642892166422,5.734000667790035,5.814005862791045,5.907446903051771,5.744285955498404,5.82762818969782,6.012960858572858,6.1506081703442295,5.956662074527634,6.18778801868983,6.3293979437241115,5.762237103304153,5.894578207212413,6.109427142007196,6.351334066793772,5.900502178931417,5.935104216403277,6.071415553428785,6.292709956267411,6.541874088797584,5.5567836054014315,5.589369990205027,5.717740860996039,5.9261443277469805,6.160794044789959,5.51,1.9332161687170373,-7.38670839587392,-8.192821808230912,51.72012615798268,37.436005594880434,80.28836728418716,40.62499999999999,62.49999999999998,44.33962264150942,3.3868092691622014,-1.8612521150592272,28.57142857142857,-0.18717156973769009,0.012009958211562366,5.968383549973452,5.787216959341544,5.69,5.725999999999999,5.9064999999999985,6.0779999999999985,6.1715,6.347833333333332,0.13999999999999968,0.020000000000000462,0.0600000000000005,0.03102350443982493,5.9350000000000005,6.392045949549932,5.477954050450069,85.71428571428528,43034484,-0.08766695338846013,-0.20437426356657726,1.1720347249587255,0.6787330316742087,0.5330578512396689,50.0,5.68,41.73113263320046,30.293945313329324,5.9350000000000005,5.733,5.662000000000001,5.69,0,0,0,1,0,0,0,0,0,0.0,0,1.0,0,0,1.0,0,0,1,0,2.0
20171214,5186,000415XSHE20171214,20200210004725,0,166889,5.87,96618000.0,000415.XSHE,5.75,1500,5.83,5.8,311558.59375,618452.125,0.5172413793,5.8,4.0,5.7624285947776155,5.758000500842526,5.816138414418905,5.90040627550161,5.787142977749202,5.827924665985592,6.001156932213318,6.1366686846770895,5.946918838025509,6.173757115996112,6.316255892573477,5.774557629976123,5.8884279017636105,6.095796549714162,6.338461620700097,5.935301452620942,5.9477943588754085,6.065080738816519,6.278670446205587,6.528615469321102,5.589555736934287,5.60132090107684,5.711775064710702,5.912922653222737,6.148307772079095,5.75,1.320820298922482,-6.687153878165111,15.534798792049992,60.76213538737305,45.211382192377975,91.86364177736314,31.666666666666604,86.36363636363646,48.07692307692307,3.0035335689045923,-1.520270270270268,31.54761904761905,-0.1826040459992309,0.03654018990767288,5.958132916642087,5.793798965596691,5.754,5.720999999999999,5.8824999999999985,6.058666666666667,6.15725,6.329666666666666,0.03000000000000025,0.040000000000000036,0.049999999999999815,0.031721279261588985,5.9064999999999985,6.325063017955481,5.487936982044518,166.6666666666653,42867595,0.11922084300384066,0.015776944807690256,1.1760878773644543,0.6415929203539834,0.5142857142857139,50.0,5.66,51.72012615798268,37.436005594880434,5.9064999999999985,5.725999999999999,5.69,5.8,0,0,1,1,0,0,0,0,0,1.0,0,1.0,0,0,1.0,0,0,0,0,2.0
20171215,5187,000415XSHE20171215,20200210004725,0,141655,5.82,81551952.0,000415.XSHE,5.71,1500,5.82,5.8,311558.59375,618452.125,-0.1715265866,5.83,4.0,5.781619063185077,5.773500375631894,5.816653292496384,5.893096614092372,5.803571488874601,5.8269340827373926,5.989469388199557,6.122900480995476,5.937155850485084,6.159884287917832,6.303196526979438,5.782819879071375,5.881910958738505,6.082343059484201,6.32566009920133,5.955067635080629,5.956304475443517,6.05836828750066,6.26481335126873,6.515429902177369,5.608170491289524,5.6093352826992335,5.70545362997635,5.8998727676996765,6.1358902962252895,5.7,0.9015256588072053,-6.608042620109751,10.635435625544424,70.13771988787835,53.52016142421144,103.37283681521215,25.925925925925863,66.66666666666681,47.115384615384635,5.626134301270427,-0.8517887563884127,32.716049382716065,-0.17609742775463288,0.05205294595678445,5.947900848742673,5.797829893966433,5.768000000000002,5.709,5.8595,6.042999999999999,6.1425,6.3118333333333325,0.020000000000000462,0.0,0.08999999999999986,0.03243286244739897,5.8824999999999985,6.259672374386035,5.505327625613964,89.74358974358911,42725940,0.2282579190299849,0.17373938101691278,1.5299680623022802,0.6008583690987142,0.4627450980392158,50.0,5.8,60.76213538737305,45.211382192377975,5.8824999999999985,5.720999999999999,5.754,5.83,0,0,1,1,0,0,0,0,0,1.0,0,1.0,0,0,1.0,0,0,0,0,2.0
20171218,5188,000415XSHE20171218,20200210004725,0,105690,5.8,60778132.0,000415.XSHE,5.72,1500,5.78,5.76,311558.59375,618452.125,-0.6872852234000001,5.82,4.0,5.781079375456718,5.775125281723922,5.8117661868302,5.882815103720338,5.7917857444373,5.821067322395218,5.975955234122165,6.107991764430456,5.925066938909309,6.144986864862232,6.289428197322082,5.782307173785671,5.872205153144362,6.067594617558144,6.312187010332162,5.954511756720419,5.955776388999242,6.048371307738694,6.249622456084889,6.5015526206421255,5.607646994193017,5.608837958572099,5.696038998550031,5.885566779031401,6.122821400022197,5.69,-0.069156293222691,-6.98123531494414,9.908532013795496,73.42514659191893,60.155156480113924,99.96512681552888,33.333333333333286,70.0000000000001,42.15686274509803,0.5217391304347869,-1.7006802721088374,32.121212121212125,-0.1689533252996255,0.057152819640059076,5.935463748835808,5.795086833356212,5.784000000000002,5.715,5.8375,6.024,6.1252499999999985,6.293333333333332,0.020000000000000462,0.01999999999999957,0.040000000000000036,0.027348414023850198,5.8595,6.199492646979313,5.519507353020687,72.83950617283874,42620250,0.218113272795613,0.22318559591279893,1.9561190622485365,0.6034482758620706,0.4307692307692306,33.33333333333333,5.8,70.13771988787835,53.52016142421144,5.8595,5.709,5.768000000000002,5.82,0,0,1,1,0,0,0,0,0,1.0,0,1.0,0,1,1.0,0,0,1,0,3.0
20171219,5189,000415XSHE20171219,20200210004725,0,91446,5.79,52724608.0,000415.XSHE,5.74,1500,5.77,5.75,311558.59375,618452.125,-0.17301038059999999,5.78,4.0,5.7773862503044775,5.7738439612929415,5.806197361919506,5.872559185200307,5.780892872218651,5.814683907095816,5.962667799662671,6.093296470324785,5.913138712839362,6.1302814976127324,6.275759034234659,5.780069505824638,5.862471329035375,6.053077806945553,6.298799676743712,5.950707837813612,5.953471590999379,6.038345468906437,6.234670141153918,6.487763667046024,5.604064662795343,5.6066674206499005,5.6865971891643134,5.871485472737184,6.109835686441401,5.8,-0.5172413793103492,-6.857364240976281,15.158097996620462,74.87602365387184,65.0621122046999,94.5038465522157,33.9622641509435,69.99999999999977,53.0864197530864,1.228070175438586,-2.8619528619528762,33.12500000000001,-0.1615586311028584,0.05915755357413687,5.92320717484797,5.7912273205321805,5.8,5.731,5.814000000000001,6.0023333333333335,6.10875,6.276333333333333,0.01999999999999957,0.020000000000000462,0.009999999999999787,0.02589767459778199,5.8375,6.123674771774174,5.551325228225827,118.86792452830105,42528804,0.16080448326878755,0.18945887803220027,1.8539757258215863,0.6425339366515853,0.4404761904761901,33.33333333333333,5.76,73.42514659191893,60.155156480113924,5.8375,5.715,5.784000000000002,5.78,0,0,1,1,0,0,0,0,0,1.0,0,1.0,0,1,1.0,0,0,1,0,3.0
20171220,5190,000415XSHE20171220,20200210004725,0,125623,5.78,71721712.0,000415.XSHE,5.65,1500,5.72,5.76,311558.59375,618452.125,-0.8665511265000001,5.77,1.0,5.758257500202986,5.760382970969705,5.794704380330239,5.858690168363916,5.750446436109325,5.802848418708839,5.947011812587659,6.077066189006316,5.898281888774794,6.114192027118116,6.2611337964916425,5.769147777492887,5.848902631032005,6.036830109045769,6.284508326700657,5.931005225209076,5.942222210817673,6.024369709962968,6.217935012317143,6.473043576501678,5.585509775196897,5.596073344168099,5.673435552101044,5.8557252057743945,6.0959730768996385,5.83,-1.1065006915629334,-7.362420237748183,0.21771246403807756,71.05556048469502,67.05992829803161,79.04682485802184,43.3962264150944,21.42857142857152,57.33333333333329,0.5272407732864562,0.0,32.716049382716044,-0.15482400894355886,0.05387697727439633,5.908154791525898,5.780269271219537,5.784,5.736999999999999,5.7945,5.977000000000001,6.08775,6.257999999999999,-0.040000000000000036,0.020000000000000462,0.0699999999999994,0.02675697430867181,5.814000000000001,6.068202675044933,5.559797324955069,46.268656716417595,42654427,0.047757375514565034,0.1042809293916763,2.16383439977796,0.6272727272727294,0.4206349206349208,33.33333333333333,5.75,74.87602365387184,65.0621122046999,5.814000000000001,5.731,5.8,5.77,0,0,1,1,0,0,0,0,0,1.0,0,1.0,0,1,1.0,1,0,0,0,3.0
20171221,5191,000415XSHE20171221,20200210004725,0,131895,5.72,74749584.0,000415.XSHE,5.59,1500,5.72,5.68,311558.59375,618452.125,0.0,5.72,2.0,5.745505000135324,5.750287228227278,5.784743796286207,5.846081971239923,5.735223218054662,5.792492366370233,5.932365889194907,6.061541572092997,5.884567897330578,6.098733516250737,6.246893433426073,5.7602118179487265,5.836626189981338,6.021374981775242,6.270569849498173,5.917870150139384,5.933018172487188,6.011724975680777,6.202016231228501,6.458686944983118,5.5731398501312635,5.587405463410264,5.661527404281897,5.8407337323219854,6.082452754013227,5.82,-0.7289135716764981,-7.079502258033068,-10.950984143178426,66.41799270408238,66.84594976671521,65.56207857881674,42.30769230769239,0.0,54.285714285714256,-1.3793103448275874,1.96078431372548,33.97435897435898,-0.14850327193759014,0.050565896047749685,5.8942173995610165,5.7709970756473,5.7620000000000005,5.757999999999999,5.7785,5.950666666666668,6.06675,6.240499999999999,0.040000000000000036,0.0,0.08999999999999986,0.02467398470299616,5.7945,6.023958057169497,5.565041942830503,9.2896174863389,42786322,-0.040472958942772086,0.003642208285896477,3.4063600875940208,0.6222222222222242,0.3984674329501916,16.666666666666664,5.76,71.05556048469502,67.05992829803161,5.7945,5.736999999999999,5.784,5.72,0,0,1,1,0,0,0,0,0,1.0,0,1.0,0,1,1.0,0,0,0,0,3.0
20171222,5192,000415XSHE20171222,20200210004725,0,120447,5.71,68479232.0,000415.XSHE,5.66,1500,5.71,5.69,311558.59375,618452.125,-0.1748251748,5.72,2.0,5.733670000090218,5.74021542117046,5.774777956781379,5.8337108829453825,5.7226116090273305,5.782180820573955,5.918019702795236,6.046257155915041,5.871139597535919,6.083489064633064,6.232764658862228,5.751082396503503,5.824566552840259,6.0061859582740125,6.256728618646367,5.905680100092924,5.923614868398608,5.999303549425467,6.186371537022233,6.444430477205758,5.56165990008751,5.5785499246083985,5.6498295562550505,5.826000379525792,6.069026760086975,5.78,-0.5226480836236976,-6.957796969203187,-1.0104134446851751,62.37389989795969,65.35526647713003,56.411166739619006,35.55555555555557,0.0,67.85714285714289,-2.0583190394511166,0.8833922261484068,32.9032258064516,-0.14259436876949189,0.047271225344786116,5.880571666260201,5.761612910163102,5.74,5.754,5.7654999999999985,5.922666666666667,6.0459999999999985,6.2235000000000005,0.01999999999999957,0.0,0.03000000000000025,0.02050616318468352,5.7785,5.991992388623108,5.565007611376894,17.333333333333474,42665875,-0.10089060196927266,-0.07068178045602237,3.41197969411337,0.6322869955156971,0.3946360153256708,0.0,5.68,66.41799270408238,66.84594976671521,5.7785,5.757999999999999,5.7620000000000005,5.72,0,0,1,1,0,0,0,0,0,1.0,0,1.0,0,0,1.0,0,0,0,0,2.0
20171225,5193,000415XSHE20171225,20200210004725,0,115190,5.71,65390040.0,000415.XSHE,5.64,1500,5.71,5.69,311558.59375,618452.125,0.0,5.71,2.0,5.725780000060143,5.732661565877844,5.7661408958771965,5.822464439041258,5.716305804513666,5.7731582180022105,5.904599076808445,6.0316372795709094,5.8587442438793085,6.068842434647451,6.219007694155329,5.743612869866504,5.8136554525697575,5.99173786274845,6.243229146581024,5.897553400061947,5.915921255962497,5.988065116146849,6.171489998630904,6.430526020978456,5.55400660005834,5.571304483770508,5.639245788992665,5.811985726865998,6.055932272183592,5.77,-0.2794271742927002,-6.705444088621633,-9.726195341234048,55.868314217687406,62.192949057315815,43.2190445384306,35.55555555555557,0.0,43.74999999999999,-1.8900343642611737,3.6297640653357566,35.915492957746466,-0.13692834813019378,0.045328165114384984,5.867936728018703,5.753672462445701,5.726,5.755000000000001,5.7555,5.898,6.029249999999998,6.207833333333333,0.01999999999999957,0.0,0.05000000000000071,0.01962681946636847,5.7654999999999985,5.969507352808668,5.561492647191333,19.44444444444485,42550685,-0.12768857171108308,-0.11428958684017787,13.468672138063885,0.6171171171171185,0.3702290076335877,0.0,5.69,62.37389989795969,65.35526647713003,5.7654999999999985,5.754,5.74,5.71,0,0,1,1,0,0,0,0,0,1.0,0,1.0,0,0,1.0,0,0,0,0,2.0
20171226,5194,000415XSHE20171226,20200210004725,0,129510,5.78,74275536.0,000415.XSHE,5.66,1500,5.76,5.67,311558.59375,618452.125,0.8756567426,5.71,3.0,5.737186666706762,5.739496174408384,5.765322109760237,5.816785853673871,5.738152902256832,5.771513440751934,5.895270104111125,6.019826963067826,5.851148532811672,6.056730966622063,6.206928544309137,5.746592348072594,5.808545409467874,5.9804335767607215,6.2312975627148255,5.909302266707965,5.918990118514771,5.982801771751912,6.159846584063543,6.418236489596271,5.565071066705558,5.574194577630416,5.634289047183839,5.801020569457898,6.044358635833381,5.72,0.6289308176100713,-5.6480146769754835,31.896978702327214,57.48363804988682,60.62317872150615,51.20455670664816,24.444444444444503,45.454545454545524,59.374999999999964,-0.3460207612456827,0.17391304347825715,39.99999999999999,-0.13060177551823213,0.05061258089569315,5.859941414832133,5.754645929761747,5.723999999999998,5.7620000000000005,5.7475000000000005,5.8773333333333335,6.01375,6.1931666666666665,0.08999999999999986,0.020000000000000462,0.009999999999999787,0.018722455084411803,5.7555,5.9451180371167265,5.565881962883274,37.931034482759024,42680195,-0.07400522855287761,-0.10084690013198036,12.947318564275651,0.6971153846153862,0.3952569169960476,16.666666666666664,5.69,55.868314217687406,62.192949057315815,5.7555,5.755000000000001,5.726,5.71,0,0,1,1,0,0,0,0,0,1.0,0,1.0,0,0,1.0,0,0,0,0,2.0
20171227,5195,000415XSHE20171227,20200210004725,0,150595,5.84,87297024.0,000415.XSHE,5.73,1500,5.75,5.75,311558.59375,618452.125,-0.1736111111,5.76,4.0,5.741457777804508,5.742122130806288,5.763279161792204,5.8107144124307935,5.744076451128416,5.768824260657943,5.885897839329762,6.00809535597792,5.843367876441543,6.0447023012643335,6.19490410893258,5.747211921150304,5.802969656185219,5.9691929144797085,6.219413672277423,5.913701511138643,5.9196282787848125,5.977058745870777,6.148268701914102,6.405996082445746,5.569214044470374,5.574795563515794,5.628880566499664,5.790117127045318,6.0328312621091005,5.72,0.3490401396160639,-5.561212758269559,127.43823146943986,59.65575869992456,60.300705380978954,58.36586533781579,29.268292682926845,71.4285714285718,59.374999999999964,-0.3466204506065784,0.8771929824561372,41.791044776119406,-0.12405470741242285,0.05237654484647414,5.851797606326048,5.753931171336862,5.73,5.757000000000001,5.7415,5.8566666666666665,5.99775,6.178333333333333,0.0,0.08999999999999986,0.01999999999999957,0.01684239511439679,5.7475000000000005,5.928638068886692,5.566361931113309,88.23529411764761,42830790,-0.028129014253465444,-0.05106712140317153,7.402422848838223,0.6990291262135937,0.38888888888888895,16.666666666666664,5.67,57.48363804988682,60.62317872150615,5.7475000000000005,5.7620000000000005,5.723999999999998,5.76,0,0,1,1,0,0,0,0,0,1.0,0,1.0,1,0,1.0,0,1,0,0,3.0
20171228,5196,000415XSHE20171228,20200210004725,0,114001,5.8,65754332.0,000415.XSHE,5.72,1500,5.75,5.73,311558.59375,618452.125,0.0,5.75,4.0,5.744305185203007,5.744091598104715,5.7615086068865775,5.805194920391629,5.747038225564207,5.7664712280757,5.877130236792358,5.996873818761488,5.836185732099887,6.033145348273576,6.183196106065933,5.747718844577521,5.797924927024722,5.958500577188016,6.207823211233536,5.9166343407590976,5.920150409914847,5.971862674835465,6.137255594503657,6.394057907570543,5.571976029646916,5.575287279240196,5.623987179213982,5.779745559872374,6.0215885148965285,5.71,0.2440725244072565,-5.359141483968656,202.65604249668786,61.10383913328306,60.56841663174698,62.17468413635521,34.28571428571426,71.4285714285718,38.095238095238145,0.5244755244755288,1.054481546572928,43.74999999999999,-0.1174298993595209,0.05299846442321562,5.8442570428944896,5.7533263757465765,5.736000000000001,5.749,5.7349999999999985,5.837999999999999,5.98125,6.164666666666665,0.01999999999999957,0.049999999999999815,0.010000000000000677,0.01617538042277176,5.7415,5.9112645428232895,5.571735457176712,145.7142857142858,42716789,0.0017166506481213484,-0.013206181802672048,7.129294920130102,0.7708333333333348,0.41666666666666696,16.666666666666664,5.75,59.65575869992456,60.300705380978954,5.7415,5.757000000000001,5.73,5.75,0,0,1,1,0,0,0,0,0,1.0,0,1.0,1,0,0.0,0,0,0,0,2.0
20171229,5197,000415XSHE20171229,20200210004725,0,82861,5.78,47665236.0,000415.XSHE,5.72,1500,5.76,5.75,311558.59375,618452.125,0.1739130435,5.75,4.0,5.7495367901353385,5.748068698578538,5.7613074593017,5.801086291265117,5.753519112782104,5.765662324566237,5.869573447321884,5.986574957076206,5.830325291169126,6.022433765988335,6.172059366432617,5.749951781927062,5.7943130292128435,5.948817622203236,6.196765847993201,5.922022893839397,5.922450335384876,5.9681424200892295,6.127282150869332,6.382668823432997,5.577050686431277,5.577453228469252,5.620483638336459,5.770353093537137,6.010862872553406,5.71,0.24364775495997626,-4.991257876158744,-364.5833333333367,63.4025594221887,61.51313089522755,67.181416476111,31.428571428571477,85.71428571428591,31.57894736842093,0.6993006993006999,-0.6896551724137937,43.74999999999999,-0.1106764581451531,0.05402752971494254,5.838015780457861,5.7543530871701805,5.746,5.742999999999999,5.726000000000001,5.820666666666668,5.968,6.150333333333332,0.009999999999999787,0.020000000000000462,0.03000000000000025,0.015327012725177266,5.7349999999999985,5.877182980697409,5.59281701930259,141.095890410959,42633928,0.02862376440098108,0.015170207524551216,6.3452036999708845,0.7783783783783798,0.41810344827586265,33.33333333333333,5.73,61.10383913328306,60.56841663174698,5.7349999999999985,5.749,5.736000000000001,5.75,0,0,1,1,0,0,0,0,0,1.0,0,1.0,1,0,1.0,0,1,0,0,3.0
20180102,5198,000415XSHE20180102,20200210004725,0,245640,5.94,143795888.0,000415.XSHE,5.73,1500,5.92,5.78,311528.78125,618452.125,2.7777777778,5.76,4.0,5.806357860090227,5.791051523933903,5.782466464728142,5.811896628422833,5.836759556391053,5.784954533995457,5.872826773301117,5.9836803937250655,5.837223345694579,6.01841675555742,6.165426225210707,5.780869639758508,5.806283216906858,5.947411884534785,6.189932123351393,5.980548595892932,5.954295728951262,5.980471713414066,6.125834241070828,6.375630087051934,5.632167124287518,5.60744355056575,5.632094720399652,5.768989527998741,6.004234159650851,5.76,2.2805805114029125,-2.174631502412595,-324.51708766716206,73.69694437669719,65.57440205571743,89.94202901865671,5.714285714285837,95.65217391304355,64.70588235294113,3.6777583187390537,1.5437392795883338,51.79856115107913,-0.1013914581168414,0.07428000022649348,5.8440886856091305,5.779837227605537,5.7879999999999985,5.757000000000001,5.7360000000000015,5.810666666666666,5.95725,6.137666666666667,0.13999999999999968,0.020000000000000462,0.049999999999999815,0.017490226977491863,5.726000000000001,5.891336021483524,5.5606639785164775,286.6666666666681,42879568,0.22189070402392,0.12525723421245055,6.737154745284827,0.8478260869565231,0.497797356828195,50.0,5.75,63.4025594221887,61.51313089522755,5.726000000000001,5.742999999999999,5.746,5.76,0,0,1,1,0,0,0,0,0,1.0,0,0.0,1,0,0.0,0,1,0,0,1.0
20180103,5199,000415XSHE20180103,20200210004725,0,283080,6.08,170518336.0,000415.XSHE,5.91,1500,6.02,5.94,311528.78125,618452.125,1.6891891892,5.92,4.0,5.877571906726817,5.848288642950427,5.814137602764387,5.83081511674803,5.928379778195525,5.814335217246025,5.882321820184917,5.985259507041367,5.851283088333457,6.018478843574778,6.16159921928411,5.824347887075143,5.826637196249063,5.9509527682160135,6.185736268453828,6.053899063928622,5.999078323687398,6.001436312136534,6.129481351262496,6.371308356507442,5.701244749525013,5.6496174504628875,5.65183808036159,5.772424185169535,6.000164180400213,5.75,3.0821917808219133,-0.3871992586954305,-370.3763877606268,78.38299693140355,69.84393368094612,95.46112343231836,12.244897959183769,96.42857142857149,79.99999999999996,5.4290718038528825,3.436426116838476,54.729729729729726,-0.08917992787474012,0.0976922419368102,5.857119153341787,5.816785346435453,5.84,5.781999999999999,5.756500000000001,5.803333333333333,5.94725,6.126,0.07999999999999917,0.0600000000000005,0.03000000000000025,0.01944759611675613,5.7360000000000015,5.9324968193126795,5.539503180687322,641.1764705882355,43162648,0.4792506100836042,0.3505706570537621,7.441040112880469,0.9545454545454559,0.5636363636363652,66.66666666666666,5.78,73.69694437669719,65.57440205571743,5.7360000000000015,5.757000000000001,5.7879999999999985,5.92,0,0,1,1,0,0,0,0,0,1.0,0,0.0,1,1,0.0,0,1,0,0,2.0
20180104,5200,000415XSHE20180104,20200210004725,0,188499,6.02,112642128.0,000415.XSHE,5.94,1500,5.98,6.02,311528.78125,618452.125,-0.6644518272,6.02,4.0,5.911714604484544,5.881216482212821,5.83625258906247,5.844377378861847,5.954189889097762,5.835043315090273,5.888623638237504,5.9850308328221775,5.861184389230885,6.016969869316942,6.156820292460844,5.8526482712432975,5.841243177558676,5.952369706351818,6.180656360590769,6.089066042619081,6.028227719380597,6.016480472885437,6.1309407975423715,6.366076051408492,5.7343631663500085,5.677068823106,5.666005882231915,5.773798615161264,5.995236669773046,5.75,1.5970098538905928,-0.85878178984713,-253.57337697763145,78.01290704517815,72.5669248023568,88.90487153082087,20.408163265306047,87.0967741935486,74.41860465116302,3.819444444444456,3.4602076124567507,51.36986301369865,-0.0762091713281406,0.10376605237279626,5.8662214382794335,5.841895293137691,5.886,5.808,5.772500000000001,5.7989999999999995,5.934749999999998,6.1135,-0.03999999999999915,0.0,0.040000000000000036,0.018512661486169316,5.756500000000001,5.970310663906178,5.542689336093824,321.0526315789495,42974149,0.5824363921094564,0.5308435010965303,3.5677912893422126,0.911111111111113,0.5357142857142874,50.0,5.94,78.38299693140355,69.84393368094612,5.756500000000001,5.781999999999999,5.84,6.02,0,0,1,1,0,0,0,0,0,1.0,0,0.0,1,1,0.0,1,1,0,0,2.0
20180105,5201,000415XSHE20180105,20200210004725,0,158424,6.04,94826704.0,000415.XSHE,5.95,1500,5.98,5.97,311528.78125,618452.125,0.0,5.98,4.0,5.934476402989696,5.905912361659616,5.855418910520807,5.8567067080562225,5.967094944548881,5.853162900703988,5.894518887383471,5.984812100960343,5.870324051597739,6.0155200705202,6.152167126869768,5.875803131017244,5.854458113029278,5.953717525554169,6.175701882551492,6.112510695079387,6.0520772249477615,6.030091856420156,6.132329051320793,6.360972939028037,5.7564421109000055,5.699529037086727,5.6788243696384,5.775105999787544,5.990430826074947,5.76,0.8091706001348625,-0.667751901930176,-203.17119054017638,77.76618045436122,74.3000100196916,84.69852132370046,20.408163265306047,87.0967741935486,84.21052631578974,4.000000000000008,3.639514731369166,60.48387096774198,-0.06326879881688369,0.10352298009005534,5.874649479888363,5.863142171116508,5.932,5.8340000000000005,5.796,5.796999999999999,5.9215,6.102166666666667,0.010000000000000677,0.05999999999999961,0.01999999999999957,0.017744950935850066,5.772500000000001,5.968295812008328,5.576704187991674,388.00000000000296,42815725,0.5774942188876734,0.579965305498565,3.739785758032148,0.9488636363636384,0.552036199095024,50.0,6.02,78.01290704517815,72.5669248023568,5.772500000000001,5.808,5.886,5.98,1,0,1,1,0,0,0,0,0,2.0,0,0.0,1,1,0.0,0,1,0,0,2.0
20180108,5202,000415XSHE20180108,20200210004725,0,160331,6.02,96045240.0,000415.XSHE,5.94,1500,6.0,5.99,311528.78125,618452.125,0.3344481605,5.98,4.0,5.95631760199313,5.9294342712447135,5.874696389118034,5.869733370960202,5.9835474722744415,5.87151753811599,5.901324120455506,5.98547244439685,5.880299124551759,6.01491144030372,6.148162728794247,5.8983843799232005,5.868319245121727,5.955975207234451,6.1713635644638005,6.135007130052926,6.075335911320896,6.044368822475379,6.134654463451487,6.356504471397715,5.777628073933336,5.721432848525502,5.692269667768075,5.777295951017419,5.986222657529887,5.92,0.3344481605351099,-0.15642160615036935,-157.24286483575744,78.82824728703446,75.80942244213921,84.86589697682494,16.326530612244905,87.50000000000021,85.00000000000024,4.3478260869565215,4.8951048951048985,66.95652173913047,-0.05056253543078069,0.101650107088824,5.883934703600337,5.884197221713968,5.98,5.863,5.8085,5.797999999999999,5.90775,6.091333333333334,0.009999999999999787,0.01999999999999957,0.049999999999999815,0.018202627526626467,5.796,6.009567319597357,5.5824326804026425,358.1818181818222,42976056,0.5354418347356064,0.5564680268116399,6.128498672271997,0.9162011173184369,0.5244444444444453,66.66666666666666,5.97,77.76618045436122,74.3000100196916,5.796,5.8340000000000005,5.932,5.98,1,0,1,1,0,0,0,0,0,2.0,0,0.0,1,1,0.0,0,1,0,0,2.0
20180109,5203,000415XSHE20180109,20200210004725,0,136448,6.02,81500496.0,000415.XSHE,5.94,1500,5.99,6.0,311528.78125,618452.125,-0.1666666667,6.0,4.0,5.967545067995419,5.944575703433534,5.8900702039022965,5.880666700872911,5.98677373613722,5.886327845851492,5.907045144942247,5.985669294640465,5.8887376534323925,6.013934521076124,6.144000551720716,5.915041765391709,5.879907888443468,5.9576349532230175,6.166885451760991,6.146571420035283,6.09249301835346,6.056305125096772,6.136364001819707,6.351892015313821,5.788518715955558,5.737590512429957,5.703510651790164,5.778905904626327,5.981878888208161,6.02,-0.06673340006672605,-0.193281791522269,-125.87528485601818,77.55216485802299,76.39033658076714,79.87582141253469,18.367346938775476,70.58823529411795,85.00000000000024,3.993055555555563,4.720279720279729,64.8648648648649,-0.038713392345229,0.09479314468441352,5.891791392222536,5.900474572219513,5.994,5.891,5.823,5.800666666666666,5.89625,6.082166666666668,-0.009999999999999787,0.01999999999999957,0.049999999999999815,0.018312267352489173,5.8085,6.029868471106433,5.587131528893567,207.6923076923084,42839608,0.454668250731808,0.4950550427337072,3.709686204307617,0.8695652173913051,0.4891774891774898,50.0,5.99,78.82824728703446,75.80942244213921,5.8085,5.863,5.98,6.0,1,0,1,1,0,0,0,0,0,2.0,0,0.0,1,1,0.0,1,1,0,0,2.0
20180110,5204,000415XSHE20180110,20200210004725,0,114391,6.0,68166480.0,000415.XSHE,5.92,1500,5.94,5.97,311528.78125,618452.125,-0.8347245409,5.99,4.0,5.958363378663614,5.94343177757515,5.896727510048658,5.886060637157192,5.9633868680686115,5.893036865120054,5.909171264623393,5.983683673134358,5.89268091086067,6.011035128092746,6.138632116149116,5.919579626229581,5.8856309466869465,5.956774711602383,6.161283341840965,6.137114280023522,6.097167015016468,6.062199875087554,6.1354779529504535,6.3461218420961965,5.779612477303705,5.741992237442693,5.709062018286338,5.778071470254309,5.976444841585738,5.98,-0.6356641017062604,-0.8810572687224736,-80.26772747363697,72.07181360905241,74.9508289235289,66.31378298009943,28.57142857142849,16.666666666666547,75.55555555555573,0.3378378378378457,4.028021015761828,71.28712871287136,-0.028732112464860668,0.07985023904294661,5.895362400206051,5.906555407262664,5.9780000000000015,5.909,5.8355000000000015,5.801333333333334,5.88525,6.072166666666666,-0.029999999999999364,0.03000000000000025,0.020000000000000462,0.017575735365957187,5.823,6.04112611031236,5.604873889687639,57.69230769230739,42725217,0.31074835914559706,0.3827083049387025,2.651069543395277,1.072368421052633,0.5671641791044782,33.33333333333333,6.0,77.55216485802299,76.39033658076714,5.823,5.891,5.994,5.99,0,0,1,1,0,0,0,0,0,1.0,0,0.0,1,1,0.0,1,1,0,0,2.0
20180111,5205,000415XSHE20180111,20200210004725,0,217979,6.18,131205984.0,000415.XSHE,5.89,1500,6.05,5.93,311528.78125,618452.125,1.8518518519,5.94,4.0,5.988908919109075,5.970073833181362,5.917163842042168,5.9009642155974475,6.006693434034307,5.912657256980048,5.918256989486399,5.986566991693734,5.904782379256004,6.012563162285187,6.136299692039932,5.9432924214605665,5.901285142240571,5.961322286646168,6.1585356050053885,6.1685761866823485,6.121591194104383,6.078323696507788,6.140161955245553,6.343291673155549,5.809241651535803,5.7649936488167475,5.724246587973353,5.782482618046783,5.973779536855225,5.98,0.9679572763684884,1.0691613765452432,-108.8377192982447,71.96091921762914,73.95419235489565,67.97437294309611,24.074074074074048,68.42105263157893,78.43137254901977,0.4983388704318978,5.954465849387036,67.0454545454546,-0.01862433618838745,0.08086221021178577,5.906817037227825,5.928623806145331,5.992000000000001,5.939,5.848,5.807333333333332,5.877249999999999,6.063666666666667,0.1200000000000001,0.1299999999999999,0.040000000000000036,0.020456080317448395,5.8355000000000015,6.071940267298107,5.599059732701894,145.54455445544363,42943196,0.30325633365412424,0.3070023463998607,2.85080119812955,1.2517006802721102,0.7239583333333331,33.33333333333333,5.97,72.07181360905241,74.9508289235289,5.8355000000000015,5.909,5.9780000000000015,5.94,0,0,1,1,0,0,0,1,0,1.0,0,0.0,1,1,0.0,0,1,0,0,2.0
20180112,5206,000415XSHE20180112,20200210004725,0,169324,6.09,102363128.0,000415.XSHE,6.01,1500,6.05,6.08,311528.78125,618452.125,0.0,6.05,4.0,6.009272612739384,5.990055374886023,5.93487532976988,5.914512923270407,6.028346717017152,5.929825099857543,5.9267565385517935,5.9893249485766145,5.91595296546708,6.014031273568122,6.134028647512566,5.962693799376826,5.915448462027182,5.965648028760989,6.155855713523773,6.189550791121565,6.141574613358131,6.092911915887997,6.144617469623818,6.340531384929487,5.828994434357202,5.783812985395521,5.7379850081663655,5.786678587898159,5.971180042118058,6.0,0.7326007326007258,1.190874422961102,-89.29827167830388,71.6776498487898,73.19534485286036,68.64225984064868,24.074074074074048,68.42105263157893,80.00000000000014,1.1705685618728996,5.034722222222222,71.08433734939766,-0.00892469212671002,0.07759715249341942,5.917423182618357,5.947297066738356,6.006,5.9689999999999985,5.859,5.8130000000000015,5.870749999999999,6.057833333333334,-0.03000000000000025,0.009999999999999787,0.040000000000000036,0.020387090019209082,5.848,6.100023808399127,5.595976191600872,139.2156862745077,42773872,0.3078203369553813,0.3055383353047528,1.9556910898964048,1.2066666666666677,0.7150259067357514,33.33333333333333,5.93,71.96091921762914,73.95419235489565,5.848,5.939,5.992000000000001,6.05,1,0,1,1,0,0,0,1,0,2.0,0,0.0,1,1,0.0,1,1,0,0,2.0
20180115,5207,000415XSHE20180115,20200210004725,0,254823,6.06,150186688.0,000415.XSHE,5.77,1500,5.8,6.06,311528.78125,618452.125,-4.132231405,6.05,1.0,5.939515075159591,5.942541531164517,5.9168919524672265,5.9041026575185525,5.9141733585085765,5.913596962375348,5.918578697354902,5.981093429073285,5.907033506584996,6.0056378902909415,6.125238419946445,5.933113108581039,5.9044533704055455,5.957567637114111,6.147069152696026,6.117700527414378,6.11110650183847,6.081586971517713,6.136294666227534,6.331481227276906,5.761329622904802,5.755119715323608,5.727319769293379,5.778840608000688,5.962657078115144,5.99,-2.7824337914850883,-2.831295024292199,19.816292726999357,50.224124289437114,65.53827133171927,19.595830204872808,73.07692307692312,26.19047619047611,53.33333333333334,-3.0100334448160635,0.8695652173913012,55.14018691588783,-0.003957591610014193,0.039736804133566624,5.908725169091071,5.9246359795478405,5.966,5.972999999999999,5.857999999999999,5.808333333333335,5.85875,6.047666666666667,-0.2599999999999998,0.0,0.03000000000000025,0.02434542335254241,5.859,6.1117924049492,5.6062075950508,68.20512820512754,43028695,0.025039249172997564,0.16642979306418942,1.461885267259999,1.1538461538461553,0.7055837563451776,33.33333333333333,6.08,71.6776498487898,73.19534485286036,5.859,5.9689999999999985,6.006,6.05,0,0,1,1,0,0,0,1,0,1.0,0,0.0,1,1,0.0,1,1,0,0,2.0
20180116,5208,000415XSHE20180116,20200210004725,0,135571,5.85,78740512.0,000415.XSHE,5.76,1500,5.84,5.79,311528.78125,618452.125,0.6896551724,5.8,2.0,5.906343383439727,5.916906148373388,5.906639692138264,5.898275143198685,5.877086679254288,5.904397342078432,5.913509103977168,5.9749589321570555,5.901877083001536,5.9991422867501205,6.117732145737327,5.916183452475394,5.898314954176446,5.951832630425618,6.139487198308468,6.083533684942918,6.093668956049657,6.07526440280174,6.1303876093383876,6.3236718142577235,5.729153081936535,5.738697948901132,5.7213655055511525,5.773277651512848,5.955302582359214,5.94,-1.617250673854449,-1.9936900046989368,63.872516917704075,39.831955875497776,56.96949951297877,5.556868600535765,73.91304347826085,33.333333333333265,55.12820512820514,-2.6666666666666687,1.5652173913043457,52.0,-0.0015699445295438465,0.01910117664376277,5.903634415825065,5.911615059617403,5.936,5.965000000000002,5.861000000000001,5.812333333333336,5.84925,6.037166666666668,0.049999999999999815,0.009999999999999787,0.03000000000000025,0.02233922194565607,5.857999999999999,6.108431627395582,5.607568372604415,55.140186915887305,42893124,-0.17827450254246285,-0.07661762668473264,1.4868654348367372,1.0387096774193558,0.6122448979591834,33.33333333333333,6.06,50.224124289437114,65.53827133171927,5.857999999999999,5.972999999999999,5.966,5.8,0,0,1,0,0,0,0,1,0,1.0,0,0.0,0,0,0.0,0,0,0,0,0.0
20180117,5209,000415XSHE20180117,20200210033915,1,0,5.84,0.0,000415.XSHE,5.84,1500,5.84,5.84,,,0.0,5.84,,5.884228922293151,5.897679611280041,5.897754399853161,5.892977402907895,5.858543339627143,5.896347674318626,5.908766581139932,5.969091152498053,5.897117307386035,5.99290141275992,6.11042340506003,5.902331915661688,5.892761149016786,5.946377380160954,6.132092452671222,6.060755789961945,6.079401873131538,6.069543983487287,6.124768701565782,6.316055226251359,5.707702054624356,5.7252619581918385,5.715978314546281,5.767986058756126,5.948129679091085,6.05,-1.284651791751177,-1.80252892117297,57.094878253568275,32.90384359953821,48.947614208498585,0.8163023816174473,73.91304347826085,37.49999999999992,43.54838709677416,-2.504173622704513,1.3888888888888902,50.51546391752576,-0.0009206350747904352,0.0051944756380272895,5.898920755393579,5.900597358137803,5.916,5.947000000000001,5.8645000000000005,5.820000000000002,5.83925,6.027333333333332,0.0,0.0,0.0,0.019515301679875342,5.861000000000001,6.108182119094403,5.613817880905597,65.74585635359063,42893124,-0.2821641905248776,-0.2302193465336702,1.3909043005958412,0.9869281045751636,0.6612021857923492,33.33333333333333,5.79,39.831955875497776,56.96949951297877,5.861000000000001,5.965000000000002,5.936,5.84,0,0,1,0,0,0,0,0,0,1.0,0,0.0,0,0,0.0,0,0,0,0,0.0
20180118,5210,000415XSHE20180118,20200210033915,1,0,5.84,0.0,000415.XSHE,5.84,1500,5.84,5.84,,,0.0,5.84,,5.8694859481954325,5.883259708460032,5.890053813206074,5.8881612753708135,5.8492716698135725,5.8893042150287975,5.904330027517999,5.96347849369379,5.892723668356338,5.986905278926197,6.1033069996637135,5.8909988400868345,5.887736277681853,5.941188239665297,6.124880293346008,6.0455705266412965,6.067728805289439,6.0643683660123076,6.119423886855258,6.308626702146388,5.69340136974957,5.71426887488423,5.711104189351397,5.762952592475338,5.941133884545628,6.05,-0.5788219271365307,-1.5907252628740796,67.00760555992753,28.285102082231827,42.06011016640967,0.7350859138761479,73.91304347826085,13.793103448275875,32.69230769230765,-1.6835016835016925,-1.3513513513513526,51.04166666666665,-0.00139282152763059,-0.003777491622721239,5.894556254994057,5.8912746876550655,5.874,5.9330000000000025,5.870500000000002,5.826000000000002,5.8325000000000005,6.0153333333333325,0.0,0.0,0.0,0.018177509037734886,5.8645000000000005,6.10303511271928,5.625964887280719,17.19745222929933,42893124,-0.3104744909466943,-0.2963193407357859,1.1064291794298684,1.094890510948905,0.7393939393939389,33.33333333333333,5.84,32.90384359953821,48.947614208498585,5.8645000000000005,5.947000000000001,5.916,5.84,0,0,1,0,0,0,0,0,0,1.0,0,0.0,0,0,0.0,0,0,0,0,0.0
20180119,5211,000415XSHE20180119,20200210033915,1,0,5.84,0.0,000415.XSHE,5.84,1500,5.84,5.84,,,0.0,5.84,,5.859657298796956,5.872444781345023,5.883379971445264,5.88378297760983,5.844635834906787,5.883141188150197,5.900179703162,5.95810986353319,5.888668001559697,5.981144287595758,6.096377868093616,5.8817263237074116,5.8831899655216775,5.936252227974308,6.117846212028821,6.035447017760866,6.0581781134186325,6.059685664487327,6.114339794813538,6.301381598389687,5.683867579833048,5.705274533996188,5.706694266556027,5.758164661135077,5.934310825667957,5.8,0.13717421124828544,-1.3680121601080522,79.02410856070516,25.205941070694237,36.44205380117119,2.733715609740344,75.55555555555564,13.793103448275875,35.41666666666657,-3.4710743801652884,-2.9900332225913577,53.260869565217384,-0.002540012572254776,-0.009177528356993488,5.8905150509204205,5.883386274169671,5.832000000000001,5.919000000000001,5.876500000000001,5.8370000000000015,5.8275,6.003333333333333,0.0,0.0,0.0,0.01667249231532686,5.870500000000002,6.099434488445931,5.641565511554071,5.555555555555693,42893124,-0.2928489060698807,-0.3016616985082875,0.7785948800500299,1.0229007633587788,0.6987179487179487,16.666666666666664,5.84,28.285102082231827,42.06011016640967,5.870500000000002,5.9330000000000025,5.874,5.84,0,0,0,0,0,0,1,0,0,1.0,0,0.0,0,0,0.0,0,0,0,0,0.0
20180122,5212,000415XSHE20180122,20200210033915,1,0,5.84,0.0,000415.XSHE,5.84,1500,5.84,5.84,,,0.0,5.84,,5.853104865864638,5.864333586008768,5.877595975252563,5.879802706918027,5.842317917453393,5.877748539631423,5.896297141667677,5.952974652075226,5.88492430913203,5.975609217493965,6.089631082091152,5.874139719396973,5.879076635471994,5.9315569973414135,6.110985811731815,6.028698011840576,6.0503639109788825,6.0554489345361535,6.109503707261657,6.2943153860837695,5.677511719888697,5.697915527815063,5.702704336407835,5.7536102874211705,5.9276562373798605,5.84,0.0,-1.1308999796844124,95.16728624535386,23.15316706300252,32.0124248884483,5.434651412110952,80.95238095238093,100.0,35.41666666666657,-3.4710743801652884,-2.3411371237458285,53.84615384615388,-0.004044356565350779,-0.012034751944768024,5.886773195296688,5.876711462758952,5.84,5.9030000000000005,5.883000000000001,5.840000000000002,5.82425,5.9916666666666645,0.0,0.0,0.0,0.01533915898199354,5.876500000000001,6.093211790173032,5.659788209826969,12.499999999999723,42893124,-0.2528219415395392,-0.27283542380470993,0.99602806576729,1.0079365079365077,0.6754966887417215,16.666666666666664,5.84,25.205941070694237,36.44205380117119,5.876500000000001,5.919000000000001,5.832000000000001,5.84,0,0,0,0,0,0,1,0,0,1.0,0,0.0,0,0,0.0,0,0,0,0,0.0
20180123,5213,000415XSHE20180123,20200210033915,1,0,5.84,0.0,000415.XSHE,5.84,1500,5.84,5.84,,,0.0,5.84,,5.848736577243091,5.858250189506575,5.8725831785522224,5.876184279016387,5.841158958726695,5.873029972177495,5.8926650680116985,5.9480627106806505,5.881468593044951,5.97029120896479,6.083061843088754,5.867932497688432,5.8753550511413275,5.92709080234915,6.1042948040347325,6.024198674560384,6.043970472619085,6.0516157026755675,6.104903526419625,6.287423648155775,5.6732744799258,5.691894522757777,5.6990943996070875,5.749278078278675,5.92116595991369,5.84,0.0,-0.9262715027312648,127.41102961152158,21.784651057874697,28.603166944923768,8.14761928377657,80.95238095238093,,32.608695652173864,0.6896551724137937,-2.3411371237458285,56.976744186046545,-0.005684479002716392,-0.0131209794989249,5.883308514163599,5.8710635454114195,5.84,5.888000000000001,5.889500000000001,5.844666666666668,5.8225,5.982666666666664,0.0,0.0,0.0,0.014003599716551149,5.883000000000001,6.08592609492128,5.6800739050787215,-100.0,42893124,-0.20586314229176106,-0.2293425419156501,0.7613209755461595,1.0683760683760677,0.7410071942446038,16.666666666666664,5.84,23.15316706300252,32.0124248884483,5.883000000000001,5.9030000000000005,5.84,5.84,0,0,0,0,0,0,1,0,0,1.0,0,0.0,0,0,0.0,0,0,0,0,0.0
20180124,5214,000415XSHE20180124,20200210033915,1,0,5.84,0.0,000415.XSHE,5.84,1500,5.84,5.84,,,0.0,5.84,,5.845824384828728,5.853687642129931,5.868238754745259,5.872894799105808,5.840579479363347,5.868901225655309,5.889267321688363,5.943364331955405,5.878278701272262,5.965181749789701,6.076665478796945,5.86285386174508,5.871987903413582,5.92284247052724,6.0977690064042465,6.021199116373589,6.038739477597432,6.04814754051599,6.100527744643058,6.2807020765963735,5.670449653283867,5.686968245892728,5.695828266311176,5.745157196411422,5.914835936212118,5.84,0.0,-0.7444168734490876,205.4595542198934,22.603908786057893,26.603414225301805,14.604897907570047,80.95238095238093,,33.333333333333265,0.0,-2.6666666666666687,56.976744186046545,-0.007310770732644645,-0.013010333839426041,5.880100476077407,5.866284538425049,5.84,5.877999999999999,5.8935,5.849666666666668,5.8205,5.973666666666665,0.0,0.0,0.0,0.012656798369749802,5.889500000000001,6.085078628689335,5.693921371310668,,42893124,-0.1607467534876236,-0.18330494788969232,0.523788641542195,1.0707964601769906,0.8139534883720932,0.0,5.84,21.784651057874697,28.603166944923768,5.889500000000001,5.888000000000001,5.84,5.84,0,0,0,0,0,0,1,1,0,1.0,0,0.0,0,0,0.0,0,0,0,0,0.0
20180125,5215,000415XSHE20180125,20200210033915,1,0,5.84,0.0,000415.XSHE,5.84,1500,5.84,5.84,,,0.0,5.84,,5.8438829232191525,5.85026573159745,5.8644735874458895,5.869904362823463,5.840289739681674,5.865288572448397,5.886088784805246,5.938870230566041,5.875334185789781,5.9602726615626525,6.070437439881236,5.858698614155066,5.868941436421814,5.9188013744039605,6.09140433957945,6.019199410915727,6.034459572579718,6.045009679514468,6.096365415636081,6.2741464697668325,5.668566435522576,5.682937655730412,5.692873193329159,5.741237333171841,5.908662209392066,5.84,0.0,-0.5652795750186823,847.8632478633834,23.95816141292749,25.7216632878437,20.43115766309507,80.95238095238093,,37.49999999999992,0.0,-2.504173622704513,57.647058823529434,-0.00882647801797748,-0.012125658282662656,5.8771300704420435,5.862240763282733,5.84,5.857000000000001,5.8980000000000015,5.851000000000001,5.819750000000001,5.9644999999999975,0.0,0.0,0.0,0.007863409939997736,5.8935,6.0795752535938075,5.7074247464061925,,42893124,-0.1216096945896248,-0.1411782240386242,0.6564996341948015,1.0446428571428563,0.8320000000000005,0.0,5.84,22.603908786057893,26.603414225301805,5.8935,5.877999999999999,5.84,5.84,0,0,0,0,0,0,1,1,0,1.0,0,0.0,0,0,0.0,0,0,0,0,0.0
20180126,5216,000415XSHE20180126,20200210033915,1,0,5.84,0.0,000415.XSHE,5.84,1500,5.84,5.84,,,0.0,5.84,,5.842588615479435,5.847699298698085,5.861210442453103,5.867185784384966,5.840144869840838,5.862127500892347,5.88311531481781,5.934571524889256,5.872616171498259,5.955556086599411,6.064373296726467,5.855298866126872,5.8661851091435455,5.91495740492084,6.085196825021932,6.017866273943818,6.030957832110678,6.042170662417853,6.0924061270684655,6.267752729772591,5.667310957015053,5.679639900143067,5.690199555869241,5.737508682773215,5.902640920271274,5.84,0.0,-0.4058801459803853,-288.0484114977182,45.60173723824804,32.348354604645145,72.10850250545381,80.95238095238093,,13.793103448275875,0.0,-1.6835016835016925,57.647058823529434,-0.010173299906514057,-0.010774575108292606,5.874379694853742,5.858819107393082,5.84,5.836,5.902500000000002,5.851333333333334,5.81875,5.954999999999997,0.0,0.0,0.0,0.006541095890410957,5.8980000000000015,6.0735989749400625,5.72240102505994,,42893124,-0.08975049438942975,-0.10568009448952727,0.8335553475563896,1.1386138613861363,0.9115044247787604,0.0,5.84,23.95816141292749,25.7216632878437,5.8980000000000015,5.857000000000001,5.84,5.84,0,0,0,1,0,0,1,1,0,1.0,1,0.0,0,0,0.0,0,0,0,0,0.0
20180129,5217,000415XSHE20180129,20200210033915,1,0,5.84,0.0,000415.XSHE,5.84,1500,5.84,5.84,,,0.0,5.84,,5.841725743652956,5.845774474023565,5.8583823834593565,5.864714349440877,5.84007243492042,5.859361563280803,5.880333681603759,5.930459719459287,5.870107235229164,5.951024475360218,6.058468736286298,5.8525172541038035,5.863691289225113,5.911300946144213,6.079142582428799,6.0169775159625445,6.02809277172692,6.039602027901868,6.088639974528542,6.261516859901662,5.666473971343367,5.67694173648069,5.687780550548362,5.733961917759888,5.896768304955933,5.84,0.0,-0.2561912894961215,-102.01403032360308,30.401158158832025,31.699289122707434,27.804896231081198,80.95238095238093,,13.793103448275875,0.0,-3.4710743801652884,55.00000000000003,-0.011320478062944162,-0.00917742525144085,5.871833050790503,5.855923860101838,5.84,5.840000000000002,5.906500000000001,5.852000000000001,5.81625,5.947499999999998,0.0,0.0,0.0,0.0015410958904109565,5.902500000000002,6.0683041012761745,5.736695898723826,,42893124,-0.06493032616853843,-0.07734041027898407,0.3196321086793022,1.2065217391304324,1.0299999999999994,0.0,5.84,45.60173723824804,32.348354604645145,5.902500000000002,5.836,5.84,5.84,0,0,0,0,0,0,0,1,0,0.0,1,0.0,0,0,0.0,0,0,0,0,0.0
20180130,5218,000415XSHE20180130,20200210033915,1,0,5.84,0.0,000415.XSHE,5.84,1500,5.84,5.84,,,0.0,5.84,,5.8411504957686375,5.844330855517674,5.855931398998108,5.862467590400798,5.840036217460209,5.856941367870704,5.877731508597064,5.926526688178448,5.8677912940576915,5.946670574365701,6.052719559015605,5.850241389721293,5.86143497596558,5.907822851210351,6.073237827307099,6.016385010641698,6.025748631412933,6.037278025244548,6.085057536746661,6.255434962126312,5.665915980895577,5.674734148029655,5.685591926686612,5.730588165674041,5.891040692487887,5.84,0.0,-0.1265519718164972,-57.708536189549314,20.26743877255468,27.888672339323183,5.024971639017672,80.95238095238093,,100.0,0.0,-3.4710743801652884,55.696202531645575,-0.012256584761846805,-0.007488853591221128,5.869475047028245,5.8534740354707875,5.84,5.840000000000002,5.902500000000002,5.854000000000001,5.8192499999999985,5.938999999999997,0.0,0.0,0.0,0.0,5.906500000000001,6.074651717208004,5.738348282792,,42893124,-0.04621028615185471,-0.05557030616019657,0.5320202650467187,1.2247191011235938,1.106382978723403,0.0,5.84,30.401158158832025,31.699289122707434,5.906500000000001,5.840000000000002,5.84,5.84,1,0,0,0,0,0,0,0,0,0.0,0,0.0,0,0,0.0,0,0,0,0,0.0
20180131,5219,000415XSHE20180131,20200210033915,1,0,5.84,0.0,000415.XSHE,5.84,1500,5.84,5.84,,,0.0,5.84,,5.840766997179093,5.843248141638255,5.8538072124650276,5.8604250821825445,5.8400181087301055,5.854823696886866,5.875297217719834,5.922764658257647,5.865653502207099,5.942487414586654,6.047121675883616,5.848379318862876,5.859393549683143,5.904514419443992,6.067478868608159,6.015990007094464,6.023830698428763,6.035175356173638,6.081649852027312,6.2495032346664035,5.665543987263717,5.672927939296991,5.683611743192649,5.727378986860673,5.885454502549914,5.84,0.0,0.010275028256379812,-22.096584216726665,13.511625848369787,23.09632350900539,-5.657769472901415,75.75757575757575,,,0.0,0.6896551724137937,55.696202531645575,-0.012983388464381235,-0.0058144296202754615,5.8672917102113376,5.851401106936819,5.84,5.840000000000002,5.893500000000001,5.856333333333335,5.825,5.929333333333331,0.0,0.0,0.0,0.0,5.902500000000002,6.0636552046941095,5.741344795305892,,42893124,-0.03243931980024958,-0.03932480297605215,inf,1.2738095238095235,1.1954022988505737,0.0,5.84,20.26743877255468,27.888672339323183,5.902500000000002,5.840000000000002,5.84,5.84,0,0,0,0,0,0,1,0,0,1.0,0,0.0,0,0,0.0,0,0,0,0,0.0
20180201,5220,000415XSHE20180201,20200210033915,1,0,5.84,0.0,000415.XSHE,5.84,1500,5.84,5.84,,,0.0,5.84,,5.840511331452728,5.842436106228691,5.8519662508030255,5.858568256529585,5.840009054365053,5.852970734776008,5.873019977866941,5.9191661948551415,5.863680155883478,5.938468300289137,6.041671105465626,5.846855806342353,5.857546544951417,5.901367374593066,6.061862106420302,6.015726671396309,6.022261480532622,6.033272941299957,6.0784083958308575,6.243717969612912,5.6652959915091445,5.671450132152081,5.681820148602872,5.724326353355273,5.880006243227693,5.84,0.0,0.10284538909842314,-1.073413839372867,9.007750565579858,18.400132527863548,-9.777013358987514,73.3333333333333,,,0.0,0.0,55.12820512820514,-0.013511313084011916,-0.004223396957045468,5.865270102047536,5.849647090485001,5.84,5.840000000000002,5.886500000000002,5.860333333333332,5.8295,5.918666666666665,0.0,0.0,0.0,0.0,5.893500000000001,6.051141999479835,5.735858000520168,,42893124,-0.02250844629730904,-0.027473883048779308,,1.1566265060240954,1.182926829268291,0.0,5.84,13.511625848369787,23.09632350900539,5.893500000000001,5.840000000000002,5.84,5.84,0,0,0,0,0,0,1,0,0,1.0,0,0.0,0,0,0.0,0,0,0,0,0.0
20180202,5221,000415XSHE20180202,20200210033915,1,0,5.84,0.0,000415.XSHE,5.84,1500,5.84,5.84,,,0.0,5.84,,5.840340887635152,5.841827079671519,5.850370750695954,5.856880233208713,5.8400045271825265,5.851349392929008,5.870889656714237,5.915724186383178,5.8618586054309025,5.934606798317015,6.036363971111268,5.8456092960982895,5.8558754454322335,5.898373844125112,6.056384029718567,6.0155511142642055,6.020977574981238,6.031551708795201,6.075325059448866,6.238075550610125,5.6651306610060965,5.67024101721534,5.680199182069267,5.721422628801358,5.874692508827009,5.84,0.0,0.17152658662098366,1.9619619619611903,6.005167043719905,14.26847736648233,-10.521453601804943,11.11111111111089,,,0.0,0.0,43.54838709677416,-0.013856114450915622,-0.002758410935229643,5.863398242636608,5.8481629227180765,5.84,5.840000000000002,5.879500000000001,5.864333333333335,5.83775,5.907499999999998,0.0,0.0,0.0,0.0,5.886500000000002,6.039271070559843,5.73372892944016,,42893124,-0.015462126443416954,-0.018985286370362998,,1.0740740740740726,1.12658227848101,0.0,5.84,9.007750565579858,18.400132527863548,5.886500000000002,5.840000000000002,5.84,5.84,0,0,0,0,0,0,1,0,0,1.0,0,0.0,0,0,0.0,0,0,0,0,0.0
20180205,5222,000415XSHE20180205,20200210033915,1,0,5.84,0.0,000415.XSHE,5.84,1500,5.84,5.84,,,0.0,5.84,,5.840227258423434,5.841370309753638,5.848987983936494,5.855345666553376,5.840002263591262,5.849930718812883,5.868896775635897,5.912431830453475,5.860177174243909,5.930896727794778,6.0311964981872865,5.844589424080418,5.854363498248213,5.895526339533642,6.051041214169961,6.015434076176138,6.01992710680283,6.0299944031956585,6.072392129719652,6.232572450595059,5.665020440670732,5.6692517413580035,5.678732593300764,5.718660549347633,5.869509977744862,5.84,0.0,0.2162199265538958,-2.3912495915002884e-12,4.00344469581327,10.846799809592644,-9.683265531745477,,,,0.0,0.0,32.69230769230765,-0.014036481765649271,-0.0014429385178692175,5.86166503947834,5.846907088453755,5.84,5.840000000000002,5.8715,5.868666666666668,5.84,5.895666666666665,0.0,0.0,0.0,0.0,5.879500000000001,6.0226467778191335,5.7363532221808695,,42893124,-0.010529605673082316,-0.012995866058249634,,1.0,1.1052631578947347,0.0,5.84,6.005167043719905,14.26847736648233,5.879500000000001,5.840000000000002,5.84,5.84,0,0,0,0,0,0,1,0,0,1.0,0,0.0,0,0,1.0,0,0,0,0,1.0
20180206,5223,000415XSHE20180206,20200210033915,1,0,5.84,0.0,000415.XSHE,5.84,1500,5.84,5.84,,,0.0,5.84,,5.840151505615622,5.841027732315228,5.847789586078295,5.853950605957615,5.84000113179563,5.848689378961272,5.867032467530358,5.909282620433759,5.858625083917456,5.9273321502342,6.026165011392885,5.843754983338523,5.852995546034098,5.8928177376051725,6.045830319992926,6.01535605078409,6.019067632838677,6.02858541241512,6.069602269733328,6.227205229592714,5.6649469604471525,5.668442333838367,5.6774056796530745,5.716033205477017,5.864455410393138,5.84,0.0,0.2403020940611553,-2.707355680578848e-12,2.6689631305421804,8.120854249909156,-8.234819108191772,,,,0.0,0.0,35.41666666666657,-0.01407233786818637,-0.00028684882029678815,5.8600602217392055,5.84584445946087,5.84,5.840000000000002,5.864000000000001,5.872999999999999,5.8435000000000015,5.885499999999998,0.0,0.0,0.0,0.0,5.8715,6.004375881934985,5.738624118065015,,42893124,-0.007116031502657975,-0.008822818587870145,,1.0,1.1095890410958882,0.0,5.84,4.00344469581327,10.846799809592644,5.8715,5.840000000000002,5.84,5.84,0,0,0,0,0,0,1,0,0,1.0,0,1.0,0,0,1.0,0,0,0,0,2.0
20180207,5224,000415XSHE20180207,20200210033915,1,0,5.84,0.0,000415.XSHE,5.84,1500,5.84,5.84,,,0.0,5.84,,5.840101003743747,5.840770799236423,5.846750974601187,5.852682369052378,5.8400005658978165,5.8476032065911125,5.865288437367108,5.906270332588812,5.8571923851545735,5.923907360028938,6.021265932145702,5.8430722590951545,5.851757874983232,5.890241262600043,6.040748089869643,6.0153040338560615,6.0183644268680085,6.0273106112327275,6.066948500478044,6.2219705325657335,5.664897973631437,5.6677800913223,5.6762051387337324,5.7135340247220405,5.8595256471735535,5.84,0.0,0.26783874733882856,-3.155105940393637e-12,1.7793087536947867,6.007005751171032,-6.676085241257707,,,,0.0,0.0,35.41666666666657,-0.013983663801878671,0.0007093925304615771,5.858574279388153,5.844945311851505,5.84,5.840000000000002,5.859,5.8756666666666675,5.84725,5.876499999999997,0.0,0.0,0.0,0.0,5.864000000000001,5.992514590611338,5.735485409388662,,42893124,-0.004776712500063742,-0.0059463720013608595,,0.8472222222222215,0.8999999999999958,0.0,5.84,2.6689631305421804,8.120854249909156,5.864000000000001,5.840000000000002,5.84,5.84,0,0,0,0,1,0,1,0,0,2.0,0,1.0,0,0,1.0,0,0,1,0,2.0
20180208,5225,000415XSHE20180208,20200210033915,1,0,5.84,0.0,000415.XSHE,5.84,1500,5.84,5.84,,,0.0,5.84,,5.840067335829167,5.840578099427316,5.845850844654362,5.851529426411253,5.840000282948908,5.846652805767224,5.863656925278908,5.903389013780603,5.855869893988838,5.9206168753219215,6.016495776036607,5.842513666532399,5.8506380773657805,5.887790469302479,6.0357913469099005,6.01526935590404,6.017789076528372,6.026157219686754,6.064424183381554,6.2168650873171964,5.664865315754291,5.667238256536425,5.675118935044807,5.7111567552234055,5.854717606502602,5.84,0.0,0.27816889316257803,-3.8344266577360596e-12,1.1862058357965244,4.400072446046197,-5.241527384702821,,,,0.0,0.0,32.608695652173864,-0.013789713480963087,0.001551602567324683,5.857198406840882,5.8441844946435815,5.84,5.840000000000002,5.8485000000000005,5.878666666666668,5.84825,5.867666666666665,0.0,0.0,0.0,0.0,5.859,5.953079753401037,5.764920246598963,,42893124,-0.0031871700015269912,-0.0039819412507953655,,0.6811594202898548,0.6811594202898504,0.0,5.84,1.7793087536947867,6.007005751171032,5.859,5.840000000000002,5.84,5.84,0,0,0,0,1,0,1,0,0,2.0,0,1.0,0,0,1.0,0,0,1,0,2.0
20180209,5226,000415XSHE20180209,20200210033915,1,0,5.84,0.0,000415.XSHE,5.84,1500,5.84,5.84,,,0.0,5.84,,5.840044890552777,5.840433574570488,5.845070732033781,5.850481296737502,5.8400001414744525,5.845821205046322,5.862130672035107,5.900632969703187,5.854649132912773,5.917455429230865,6.011851150351433,5.842056636253782,5.849624927140469,5.885459226897481,6.030956992665211,6.015246237269362,6.017318335341394,6.0251136749546825,6.062023003704406,6.211885702445168,5.664843543836193,5.666794937166167,5.674136179326254,5.708895450090558,5.850028282885255,5.84,0.0,0.29194573244037475,-4.862652800592581e-12,0.7908038905310163,3.1969829275411366,-4.021554183489226,,,,0.0,0.0,33.333333333333265,-0.01350851569311407,0.002249582302792163,5.855924450778595,5.843540726236878,5.84,5.840000000000002,5.838000000000001,5.881666666666669,5.8485,5.859833333333333,0.0,0.0,0.0,0.0,5.8485000000000005,5.865935595774162,5.831064404225838,,42893124,-0.002115123100081231,-0.002651146550804111,,0.7704918032786874,0.7704918032786823,0.0,5.84,1.1862058357965244,4.400072446046197,5.8485000000000005,5.840000000000002,5.84,5.84,0,0,0,0,1,0,1,0,0,2.0,0,1.0,1,0,1.0,0,0,1,0,3.0
20180212,5227,000415XSHE20180212,20200210033915,1,0,5.84,0.0,000415.XSHE,5.84,1500,5.84,5.84,,,0.0,5.84,,5.840029927035185,5.8403251809278665,5.8443946344292765,5.849528451579548,5.8400000707372275,5.8450935544155325,5.860702886742519,5.897996753629133,5.85352227653487,5.91441796141789,6.0073287516579725,5.841682702389456,5.848708267412804,5.883241703634191,6.026242005191996,6.015230824846242,6.0169331834611395,6.024169515435189,6.059738954743216,6.207029265347757,5.664829029224129,5.6664322213177725,5.673247019390421,5.7067444525251645,5.845454745036236,5.84,0.0,0.3264043978698147,-6.347601468047796e-12,0.5272025936873442,2.3070561495898727,-3.0325045181177126,,,,0.0,0.0,37.49999999999992,-0.01315658509619553,0.002815444775348307,5.854744861832033,5.842995999123511,5.84,5.840000000000002,5.840000000000002,5.884333333333334,5.849,5.852499999999997,0.0,0.0,0.0,0.0,5.838000000000001,5.838000000000003,5.837999999999999,,42893124,-0.0013968498870870335,-0.0017559864935841325,,0.6779661016949129,0.7068965517241325,0.0,5.84,0.7908038905310163,3.1969829275411366,5.838000000000001,5.840000000000002,5.84,5.84,0,0,0,0,1,0,1,0,0,2.0,0,1.0,0,0,1.0,0,1,1,0,2.0
20180213,5228,000415XSHE20180213,20200210033915,1,0,5.84,0.0,000415.XSHE,5.84,1500,5.84,5.84,,,0.0,5.84,,5.84001995135679,5.840243885695899,5.84380868317204,5.84866222870868,5.840000035368612,5.844456860113589,5.8593672166300985,5.895475155645259,5.852482101416802,5.911499609989737,6.002925363456448,5.841376756500464,5.847878908611586,5.881132352237401,6.021643437162564,6.015220549897492,6.016618059195478,6.023315275869932,6.057566322804522,6.202292740277442,5.664819352816086,5.66613545380545,5.672442541353238,5.704698381670278,5.840994134047687,5.84,0.0,0.28505683964697903,-8.660844291602254e-12,0.3514683957915628,1.655193564990436,-2.255981942606184,,,,0.0,0.0,13.793103448275875,-0.012748782809564829,0.00326241829304565,5.8536526498444745,5.8425350761814325,5.84,5.840000000000002,5.840000000000002,5.881666666666668,5.8505,5.846166666666665,0.0,0.0,0.0,0.0,5.840000000000002,5.8400000000000025,5.839999999999999,,42893124,-0.0009184265845520068,-0.0011576382358195205,,0.6851851851851837,0.6851851851851809,0.0,5.84,0.5272025936873442,2.3070561495898727,5.840000000000002,5.840000000000002,5.84,5.84,0,0,0,0,1,0,1,0,0,2.0,0,1.0,0,0,1.0,0,0,1,0,2.0
20180214,5229,000415XSHE20180214,20200210033915,1,0,5.84,0.0,000415.XSHE,5.84,1500,5.84,5.84,,,0.0,5.84,,5.840013300904527,5.8401829142719235,5.843300858749101,5.847874753371527,5.840000017684307,5.843899752599392,5.858117718782997,5.893063192356335,5.8515219397693565,5.9086957037156305,5.998637853891804,5.841126437136742,5.847128536362862,5.879125896030699,6.017158414022747,6.015213699931662,6.0163602302508465,6.022542392453749,6.05549967291162,6.1976731664434315,5.66481290187739,5.66589264402264,5.671714680271977,5.702752119149778,5.836643661602065,5.84,0.0,0.2059025394646765,-1.2523954695050118e-11,0.2343122638610419,1.1815664646139714,-1.660196137644817,,,,0.0,0.0,13.793103448275875,-0.012298281845127077,0.003604007715502015,5.852641342448587,5.842145064461214,5.84,5.840000000000002,5.840000000000002,5.8756666666666675,5.85225,5.8394999999999975,0.0,0.0,0.0,0.0,5.840000000000002,5.8400000000000025,5.839999999999999,,42893124,-0.0006014370598013647,-0.0007599318221766857,,0.7291666666666653,0.7291666666666621,0.0,5.84,0.3514683957915628,1.655193564990436,5.840000000000002,5.840000000000002,5.84,5.84,0,0,0,0,1,0,1,0,0,2.0,0,1.0,0,0,1.0,0,0,1,0,2.0
20180222,5230,000415XSHE20180222,20200210033915,1,0,5.84,0.0,000415.XSHE,5.84,1500,5.84,5.84,,,0.0,5.84,,5.840008867269684,5.840137185703942,5.842860744249221,5.847158866701387,5.8400000088421535,5.843412283524468,5.856948833700223,5.890756097036495,5.850635636710175,5.906001754550313,5.994463173526231,5.840921630384607,5.8464496281378295,5.8772173157365195,6.0127841321950255,6.015209133287773,6.016149279296147,6.021843116981963,6.053533835208614,6.193167656160878,5.664808601251592,5.665693981473068,5.671056139293693,5.700900796264423,5.8324006082291735,5.84,0.0,0.1440428012895559,-1.978215571149766e-11,0.15620817590736125,0.8397803683784347,-1.2109362090347855,,,,0.0,0.0,100.0,-0.0118166039096127,0.0038534234841149963,5.8517049467116555,5.841815054544102,5.84,5.840000000000002,5.840000000000002,5.871000000000001,5.85525,5.834999999999997,0.0,0.0,0.0,0.0,5.840000000000002,5.8400000000000025,5.839999999999999,,42893124,-0.00039240580781633034,-0.0004969214338088477,,0.7441860465116255,0.8292682926829222,0.0,5.84,0.2343122638610419,1.1815664646139714,5.840000000000002,5.840000000000002,5.84,5.84,0,0,0,0,1,0,1,0,0,2.0,0,1.0,0,0,1.0,0,0,1,0,2.0
20180223,5231,000415XSHE20180223,20200210033915,1,0,5.84,0.0,000415.XSHE,5.84,1500,5.84,5.84,,,0.0,5.84,,5.8400059115131215,5.840102889277956,5.842479311682657,5.846508060637626,5.840000004421077,5.842985748083907,5.855855360558272,5.8885493102088216,5.849817510809393,5.9034134504503,5.990398353170277,5.840754061223768,5.845835377838987,5.875401836920103,6.008517857326013,6.015206088858515,6.015976683060483,6.021210439174157,6.0516638920277055,6.188773393045793,5.664805734167727,5.665531439387054,5.670460316503817,5.6991397818125,5.828262321606232,5.84,0.0,0.030831420643353195,-3.645716654683571e-11,0.10413878393824083,0.5945665068983701,-0.8767166619820177,,,,0.0,0.0,,-0.011313702775377178,0.0040232090738841824,5.850837913621905,5.8415358153834696,5.84,5.840000000000002,5.840000000000002,5.8663333333333325,5.85825,5.831666666666665,0.0,0.0,0.0,0.0,5.840000000000002,5.8400000000000025,5.839999999999999,,42893124,-0.0002551586814936191,-0.00032378224465497466,,0.17948717948717768,0.27777777777777657,0.0,5.84,0.15620817590736125,0.8397803683784347,5.840000000000002,5.840000000000002,5.84,5.84,0,0,0,0,1,0,1,0,0,2.0,0,1.0,0,0,1.0,0,0,1,0,2.0
20180226,5232,000415XSHE20180226,20200210033915,1,0,5.84,0.0,000415.XSHE,5.84,1500,5.84,5.84,,,0.0,5.84,,5.8400039410087485,5.840077166958468,5.842148736791638,5.845916418761478,5.840000002210537,5.8426125295734215,5.854832434070642,5.886438470634525,5.8490623176702075,5.900926648471858,5.986440501771059,5.840616959183083,5.845279627568607,5.873674918045952,6.004356922577222,6.015204059239012,6.015835467958577,6.020638016395668,6.049885165587331,6.184487630254539,5.664803822778486,5.66539845040759,5.66992123874155,5.697464670504575,5.824226214899904,5.84,0.0,1.5208534583906257e-14,-1.0880185641310341e-10,0.06942585595882722,0.41951962325185577,-0.6307616786272299,,,,0.0,0.0,,-0.010798076042654115,0.004125013861784481,5.850035105205468,5.841299536093706,5.84,5.840000000000002,5.840000000000002,5.8610000000000015,5.8615,5.829499999999999,0.0,0.0,0.0,0.0,5.840000000000002,5.8400000000000025,5.839999999999999,,42893124,-0.00016539780928194567,-0.0002102782453877824,,0.1874999999999986,0.1874999999999986,0.0,5.84,0.10413878393824083,0.5945665068983701,5.840000000000002,5.840000000000002,5.84,5.84,0,0,0,0,1,0,1,0,0,2.0,0,1.0,0,0,1.0,0,0,1,0,2.0
20180227,5233,000415XSHE20180227,20200210033915,1,0,5.84,0.0,000415.XSHE,5.84,1500,5.84,5.84,,,0.0,5.84,,5.840002627339166,5.840057875218852,5.8418622385527526,5.845378562510433,5.840000001105268,5.842285963376742,5.853875502840278,5.884419406693894,5.848365216310961,5.898537368139628,5.982586804356033,5.840504784786159,5.8447768058954095,5.8720322391168835,6.000298726958032,6.01520270615934,6.0157199283297444,6.020120110072272,6.048193206290388,6.1803076887667725,5.6648025485189875,5.665289641242574,5.669433501718546,5.695871271943375,5.82028976514929,5.84,0.0,-0.047922229068234484,2.321106270225575e-09,0.04628390397255148,0.29510771682542103,-0.4513637217331876,,,,0.0,0.0,,-0.010276892157169891,0.004169471083873815,5.849291764079138,5.841099607463903,5.84,5.840000000000002,5.840000000000002,5.856,5.864749999999999,5.828333333333332,0.0,0.0,0.0,0.0,5.840000000000002,5.8400000000000025,5.839999999999999,,42893124,-0.00010690435773570742,-0.00013615108350882655,,1.9999999999999705,1.2499999999999944,0.0,5.84,0.06942585595882722,0.41951962325185577,5.840000000000002,5.840000000000002,5.84,5.84,0,0,0,0,1,0,1,0,0,2.0,0,1.0,0,0,1.0,0,0,0,0,2.0
20180228,5234,000415XSHE20180228,20200210033915,1,0,5.84,0.0,000415.XSHE,5.84,1500,5.84,5.84,,,0.0,5.84,,5.840001751559443,5.840043406414138,5.8416139400790525,5.844889602282213,5.840000000552634,5.8420002179546495,5.8529803091086485,5.8824881281419845,5.847721738133197,5.896241785075327,5.978834520030874,5.840413005734131,5.844321872000608,5.870469690867277,5.9963407336998085,6.015201804106227,6.015625395906155,6.019651528160626,6.046583781593298,6.176230955710803,5.664801699012661,5.665200615562108,5.668992215840589,5.694355600141258,5.816450511688813,5.84,0.0,-0.09921653152687453,9.94759830078298e-10,0.030855935981700982,0.20702378987751435,-0.32147977180992576,,,,0.0,0.0,,-0.009756123360459605,0.004166150373682273,5.848603485258462,5.840930437084843,5.84,5.840000000000002,5.840000000000002,5.852666666666668,5.86675,5.826999999999999,0.0,0.0,0.0,0.0,5.840000000000002,5.8400000000000025,5.839999999999999,,42893124,-6.89124951123362e-05,-8.790842642402181e-05,,,,0.0,5.84,0.04628390397255148,0.29510771682542103,5.840000000000002,5.840000000000002,5.84,5.84,0,0,0,0,1,0,1,0,0,2.0,0,1.0,0,0,1.0,0,0,0,0,2.0
20180301,5235,000415XSHE20180301,20200210033915,1,0,5.84,0.0,000415.XSHE,5.84,1500,5.84,5.84,,,0.0,5.84,,5.840001167706295,5.840032554810604,5.841398748068513,5.844445092983829,5.8400000002763175,5.841750190710321,5.852142869811317,5.880640818222767,5.847127758276797,5.894036224876295,5.975180980030062,5.840337913782472,5.843910265143406,5.868983364483507,5.992480468670183,6.015201202737484,6.015548051195946,6.01922757309771,6.045052865418013,6.1722548827302885,5.664801132675106,5.665127776368997,5.6685929571891025,5.692913863549002,5.8127060546100795,5.84,0.0,-0.11288612184857574,-66.66666666666667,0.020570623987800657,0.1448727345809431,-0.22803359719848426,,,,0.0,0.0,,-0.009240678115605309,0.0041235619588343535,5.84796619005413,5.840787292917942,5.84,5.840000000000002,5.840000000000002,5.845666666666667,5.869,5.826499999999999,0.0,0.0,0.0,0.0,5.840000000000002,5.8400000000000025,5.839999999999999,,42893124,-4.4311716024162626e-05,-5.6612105568249413e-05,,,,0.0,5.84,0.030855935981700982,0.20702378987751435,5.840000000000002,5.840000000000002,5.84,5.84,0,0,0,0,1,0,1,0,0,2.0,0,1.0,0,0,1.0,0,0,0,0,2.0
20180302,5236,000415XSHE20180302,20200210033915,1,0,5.84,0.0,000415.XSHE,5.84,1500,5.84,5.84,,,0.0,5.84,,5.840000778470863,5.840024416107952,5.841212248326044,5.844040993621662,5.840000000138159,5.841531416871528,5.851359458855747,5.878873826126129,5.846579469178582,5.891917157234088,5.971623585818745,5.84027647491293,5.843537858939272,5.867569541825778,5.988715518826476,6.0152008018249905,6.0154847691603175,6.018843994707451,6.043596628080549,6.168376984391269,5.664800755116737,5.665068180665543,5.668231723171095,5.691542455571003,5.809054053261683,5.84,0.0,-0.1163029349387268,-66.66666666666667,0.01371374932520044,0.10115307282902887,-0.16116489768245645,,,,0.0,0.0,,-0.008734528686765722,0.004049195430716697,5.847376101901974,5.840666170930567,5.84,5.840000000000002,5.840000000000002,5.838666666666668,5.871250000000002,5.825833333333333,0.0,0.0,0.0,0.0,5.840000000000002,5.8400000000000025,5.839999999999999,,42893124,-2.8426937332663013e-05,-3.636932667841282e-05,,,,0.0,5.84,0.020570623987800657,0.1448727345809431,5.840000000000002,5.840000000000002,5.84,5.84,0,0,0,0,1,0,1,0,0,2.0,0,1.0,0,0,1.0,0,0,0,0,2.0
20180305,5237,000415XSHE20180305,20200210033915,1,0,5.84,0.0,000415.XSHE,5.84,1500,5.84,5.84,,,0.0,5.84,,5.840000518980577,5.8400183120809634,5.841050615215905,5.8436736305651475,5.84000000006908,5.841339989762588,5.850626590542474,5.877183659772817,5.846073356164847,5.889881190283733,5.968159807244568,5.840226206746942,5.843200919992674,5.86622468612696,5.985043530707303,6.015200534549995,6.01543299294935,6.018496947592456,6.042211426710768,6.164594836628523,5.66480050341116,5.665019420544533,5.667904892392894,5.690237945543151,5.805492224786085,5.84,0.0,-0.12313585989872625,-66.66666666666667,0.009142499550133626,0.0704828817360638,-0.11353826482172673,,,,0.0,0.0,,-0.008240831127055695,0.003949580477680219,5.8468297239833085,5.840563683095094,5.84,5.840000000000002,5.840000000000002,5.840000000000002,5.8732500000000005,5.824166666666666,0.0,0.0,0.0,0.0,5.840000000000002,5.8400000000000025,5.839999999999999,,42893124,-1.8196933615497815e-05,-2.3311935474080412e-05,,,,0.0,5.84,0.01371374932520044,0.10115307282902887,5.840000000000002,5.840000000000002,5.84,5.84,0,0,0,0,1,0,1,0,0,2.0,0,1.0,0,0,1.0,0,0,0,0,2.0
20180306,5238,000415XSHE20180306,20200210033915,1,0,5.84,0.0,000415.XSHE,5.84,1500,5.84,5.84,,,0.0,5.84,,5.8400003459870495,5.840013734060722,5.840910533187118,5.843339664150133,5.8400000000345385,5.841172491042265,5.849941004055863,5.875566978913129,5.845606174921397,5.887925065174566,5.964787180738133,5.840185078247497,5.842896070469563,5.864945433145156,5.981462208961444,6.015200356366663,6.015390630594922,6.0181829525836505,6.0408937961395095,6.160906075230288,5.664800335607438,5.664979525900072,5.667609188355477,5.688997070150801,5.802018342692602,5.84,0.0,-0.14362902674232594,-66.66666666666667,0.006094999700089084,0.0490202543907389,-0.07975550968121055,,,,0.0,0.0,,-0.007762036078472294,0.0038303603886672053,5.8463238185030635,5.840476962618926,5.84,5.840000000000002,5.840000000000002,5.840000000000002,5.87125,5.8261666666666665,0.0,0.0,0.0,0.0,5.840000000000002,5.8400000000000025,5.839999999999999,,42893124,-1.162471922419337e-05,-1.4910826419845593e-05,,,,0.0,5.84,0.009142499550133626,0.0704828817360638,5.840000000000002,5.840000000000002,5.84,5.84,0,0,0,0,1,0,1,0,0,2.0,0,1.0,0,0,1.0,0,0,0,0,2.0
20180307,5239,000415XSHE20180307,20200210033915,1,0,5.84,0.0,000415.XSHE,5.84,1500,5.84,5.84,,,0.0,5.84,,5.840000230658034,5.8400103005455435,5.840789128762168,5.843036058318304,5.84000000001727,5.841025929661981,5.849299648955483,5.874020588525603,5.845174930696674,5.886045650853995,5.961503307560812,5.840151427657043,5.842620254234368,5.863728582747831,5.977969314913014,6.015200237577775,6.0153559704867545,6.017898861861397,6.039640440230267,6.157308394360403,5.664800223738292,5.664946884827331,5.667341646607336,5.687816725265397,5.798630235465622,5.84,0.0,-0.16752709494339088,-66.66666666666667,0.004063333133392723,0.03403461397162351,-0.05587922854306885,,,,0.0,0.0,,-0.00729998961245005,0.0036963717281779562,5.845855387502838,5.840403583754476,5.84,5.840000000000002,5.840000000000002,5.840000000000002,5.8667500000000015,5.829999999999999,0.0,0.0,0.0,0.0,5.840000000000002,5.8400000000000025,5.839999999999999,,42893124,-7.412024907020586e-06,-9.518372065606978e-06,,,,0.0,5.84,0.006094999700089084,0.0490202543907389,5.840000000000002,5.840000000000002,5.84,5.84,0,0,0,0,1,0,1,0,0,2.0,0,1.0,0,0,1.0,0,0,0,0,2.0
20180308,5240,000415XSHE20180308,20200210033915,1,0,5.84,0.0,000415.XSHE,5.84,1500,5.84,5.84,,,0.0,5.84,,5.8400001537720225,5.840007725409158,5.84068391159388,5.842760053016638,5.840000000008635,5.840897688454233,5.8486996716035184,5.87254143250275,5.844776859104623,5.884239939055799,5.958305852098688,5.840123895355762,5.842370706212046,5.862571090906473,5.974562665162075,6.015200158385182,6.015327612216434,6.017641827398408,6.038448223633669,6.153799545116937,5.664800149158862,5.664920178495088,5.667099585025683,5.686693958179281,5.795325785207213,5.84,0.0,-0.2084686100953183,-66.66666666666667,0.0027088887555951485,0.02359270556628072,-0.039058744865776006,,,,0.0,0.0,,-0.006856023919784978,0.003551725541320586,5.84542165509522,5.840341493946094,5.84,5.840000000000002,5.840000000000002,5.840000000000002,5.863250000000002,5.8329999999999975,0.0,0.0,0.0,0.0,5.840000000000002,5.8400000000000025,5.839999999999999,,42893124,-4.717485793820111e-06,-6.064755350420348e-06,,,,0.0,5.84,0.004063333133392723,0.03403461397162351,5.840000000000002,5.840000000000002,5.84,5.84,0,0,0,0,1,0,1,0,0,2.0,0,1.0,0,0,1.0,0,0,0,0,2.0
20180309,5241,000415XSHE20180309,20200210033915,1,0,5.84,0.0,000415.XSHE,5.84,1500,5.84,5.84,,,0.0,5.84,,5.840000102514683,5.840005794056867,5.840592723381362,5.842509139106037,5.840000000004318,5.840785477397455,5.848138402467807,5.871126587611327,5.844409408404268,5.882505039484983,5.955192540201353,5.840101368927442,5.842144924668041,5.861470062081769,5.971240130219803,6.0152001055901225,6.015304409995265,6.0174092724080825,6.037314163944223,6.1503773341263965,5.6648000994392405,5.664898327859618,5.666880576928,5.685625960219316,5.792102926313207,5.84,0.0,-0.2493765586034563,-66.66666666666667,0.0018059258370634323,0.016330445656541626,-0.027243113801892958,,,,0.0,0.0,,-0.00643103805546105,0.003399886914591416,5.845020051014093,5.840288956415927,5.84,5.840000000000002,5.840000000000002,5.840000000000002,5.85975,5.838499999999999,0.0,0.0,0.0,0.0,5.840000000000002,5.8400000000000025,5.839999999999999,,42893124,-2.997426901952348e-06,-3.857456347886229e-06,,,,0.0,5.84,0.0027088887555951485,0.02359270556628072,5.840000000000002,5.840000000000002,5.84,5.84,0,0,0,0,1,0,1,0,0,2.0,0,1.0,0,0,1.0,0,0,0,0,2.0
20180312,5242,000415XSHE20180312,20200210033915,1,0,5.84,0.0,000415.XSHE,5.84,1500,5.84,5.84,,,0.0,5.84,,5.8400000683431195,5.84000434554265,5.840513693597179,5.842281035550942,5.840000000002158,5.840687292722772,5.847613344244079,5.869773257715182,5.844070223142401,5.880838175191456,5.952161157564476,5.840082938213363,5.841940646128228,5.860422741980219,5.967999633177338,6.015200070393415,6.015285426359763,6.017198865512074,6.036235424239626,6.1470396221726595,5.664800066292827,5.664880450066961,5.666682426744381,5.6846100597208125,5.788959644182018,5.84,0.0,-0.2936556716519516,-66.66666666666667,0.0012039505580422882,0.011288280623708513,-0.018964709573290158,,,,0.0,0.0,,-0.006025569204511403,0.003243750807597175,5.84464819538342,5.840244501582707,5.84,5.840000000000002,5.840000000000002,5.840000000000002,5.85575,5.839999999999999,0.0,0.0,0.0,0.0,5.840000000000002,5.8400000000000025,5.839999999999999,,42893124,-1.9014811573081615e-06,-2.4494540296302548e-06,,,,0.0,5.84,0.0018059258370634323,0.016330445656541626,5.840000000000002,5.840000000000002,5.84,5.84,0,0,0,0,1,0,1,0,0,2.0,0,1.0,0,0,0.0,0,0,0,0,1.0
20180313,5243,000415XSHE20180313,20200210033915,1,0,5.84,0.0,000415.XSHE,5.84,1500,5.84,5.84,,,0.0,5.84,,5.840000045562081,5.840003259156988,5.840445201117556,5.842073668682673,5.840000000001079,5.840601381132426,5.847122160744459,5.868478768249305,5.843757129054524,5.879236678125124,5.949209548154885,5.840067858538205,5.841755822687444,5.859426510664111,5.964839148407528,6.015200046928944,6.015269894294351,6.017008497368067,6.0352093059840355,6.143784322859753,5.6648000441952195,5.664865822782058,5.666503148006821,5.683643715344187,5.785893973955302,5.84,0.0,-0.3378954913136823,-66.66666666666667,0.0008026337053615255,0.007793064984259517,-0.013178228852434458,,,,0.0,0.0,,-0.005639855095545288,0.003085712871728919,5.844303884614277,5.840206885954598,5.84,5.840000000000002,5.840000000000002,5.840000000000002,5.8519999999999985,5.8423333333333325,0.0,0.0,0.0,0.0,5.840000000000002,5.8400000000000025,5.839999999999999,,42893124,-1.2044219718064266e-06,-1.5529515645572942e-06,,,,0.0,5.84,0.0012039505580422882,0.011288280623708513,5.840000000000002,5.840000000000002,5.84,5.84,0,0,0,0,1,0,1,0,0,2.0,0,1.0,0,0,0.0,0,0,0,0,1.0
20180314,5244,000415XSHE20180314,20200210033915,1,0,5.84,0.0,000415.XSHE,5.84,1500,5.84,5.84,,,0.0,5.84,,5.84000003037472,5.840002444367741,5.8403858409685485,5.841885153347884,5.84000000000054,5.840526208490872,5.8466626665028825,5.867240560934119,5.8434681191272535,5.877697984865315,5.9463356126771245,5.840055520622167,5.841588601479115,5.858478875997569,5.9617567002987,6.015200031285963,6.015257186240832,6.0168362595234886,6.0342332422774945,6.140609401307661,5.6648000294634775,5.664853855003503,5.666340943434743,5.682724509717642,5.782903999289738,5.84,0.0,-0.36510048793801786,-66.66666666666667,0.0005350891369076836,0.005373739701808906,-0.009142211992894759,,,,0.0,0.0,,-0.005273888276507562,0.0029277345523018115,5.843985078346554,5.8401750573461975,5.84,5.840000000000002,5.840000000000002,5.840000000000002,5.849500000000001,5.844833333333333,0.0,0.0,0.0,0.0,5.840000000000002,5.8400000000000025,5.839999999999999,,42893124,-7.618041200547893e-07,-9.83113045930608e-07,,,,0.0,5.84,0.0008026337053615255,0.007793064984259517,5.840000000000002,5.840000000000002,5.84,5.84,0,0,0,0,1,0,1,0,0,2.0,0,1.0,0,0,0.0,0,0,0,0,1.0
20180315,5245,000415XSHE20180315,20200210033915,1,0,5.84,0.0,000415.XSHE,5.84,1500,5.84,5.84,,,0.0,5.84,,5.840000020249812,5.840001833275807,5.840334395506075,5.8417137757708035,5.840000000000269,5.8404604324295155,5.846232817051084,5.866056188719592,5.843201340732849,5.876219632517655,5.943537307080359,5.840045425963591,5.841437306100152,5.857577467412321,5.95875036201972,6.015200020857308,6.015246788742499,6.016680425283156,6.033304791434691,6.137512872880312,5.664800019642319,5.664844063184684,5.666194186917148,5.681850143389951,5.779987851159128,5.84,0.0,-0.3956883613043788,-66.66666666666667,0.0003567260912717891,0.0037014018316298674,-0.006332625389444367,,,,0.0,0.0,,-0.004927463003433644,0.002771402184591338,5.843689887357921,5.840148125446782,5.84,5.840000000000002,5.840000000000002,5.840000000000002,5.84425,5.845499999999999,0.0,0.0,0.0,0.0,5.840000000000002,5.8400000000000025,5.839999999999999,,42893124,-4.811915947730843e-07,-6.214978574139368e-07,,,,0.0,5.84,0.0005350891369076836,0.005373739701808906,5.840000000000002,5.840000000000002,5.84,5.84,0,0,0,0,1,0,1,0,0,2.0,0,0.0,0,0,0.0,0,0,0,0,0.0
20180316,5246,000415XSHE20180316,20200210033915,1,0,5.84,0.0,000415.XSHE,5.84,1500,5.84,5.84,,,0.0,5.84,,5.840000013499875,5.840001374956853,5.840289809438598,5.8415579779734585,5.840000000000135,5.840402878375825,5.845830699821982,5.864923310949175,5.8429550837534,5.874799254771865,5.94081264110456,5.840037166697483,5.841300419804901,5.856720029977574,5.95581825431553,6.015200013904871,6.01523828169841,6.016539432399048,6.032421630876902,6.1344928019449965,5.6648000130948795,5.664836051696558,5.666061407210753,5.6810184290782475,5.777143706686064,5.84,0.0,-0.4262574595055173,-66.66666666666667,0.00023781739418119276,0.0025468736858136427,-0.004380295189083706,,,,0.0,0.0,,-0.004600215493134325,0.0026179800823945467,5.8434165623684455,5.8401253369165085,5.84,5.840000000000002,5.840000000000002,5.840000000000002,5.8389999999999995,5.8456666666666655,0.0,0.0,0.0,0.0,5.840000000000002,5.8400000000000025,5.839999999999999,,42893124,-3.035515801692441e-07,-3.9237158747116425e-07,,,,0.0,5.84,0.0003567260912717891,0.0037014018316298674,5.840000000000002,5.840000000000002,5.84,5.84,0,0,0,0,1,0,1,0,0,2.0,0,0.0,0,0,0.0,0,0,0,0,0.0
20180319,5247,000415XSHE20180319,20200210033915,1,0,5.84,0.0,000415.XSHE,5.84,1500,5.84,5.84,,,0.0,5.84,,5.840000008999916,5.840001031217639,5.840251168180119,5.841416343612236,5.840000000000068,5.840352518578848,5.845454525639919,5.863839688733994,5.842727769618523,5.8734345781141455,5.938159676864967,5.840030409116124,5.8411765702996705,5.855904418759157,5.9529585443324295,6.015200009269915,6.015231321389607,6.016411867408662,6.0315815513219295,6.131547300662403,5.6648000087299195,5.664829496842639,5.665941273190682,5.680227286196383,5.774369788002458,5.84,0.0,-0.4534142433436473,-66.66666666666667,0.00015854492945412848,0.0017507641003604712,-0.003025893412358557,,,,0.0,0.0,,-0.004291658266611217,0.00246845781218487,5.843163483674487,5.840106054313967,5.84,5.840000000000002,5.840000000000002,5.840000000000002,5.84,5.845999999999997,0.0,0.0,0.0,0.0,5.840000000000002,5.8400000000000025,5.839999999999999,,42893124,-1.912556100600659e-07,-2.4740359511465504e-07,,,,0.0,5.84,0.00023781739418119276,0.0025468736858136427,5.840000000000002,5.840000000000002,5.84,5.84,0,0,0,0,1,0,1,0,0,2.0,0,0.0,0,0,0.0,0,0,0,0,0.0
20180320,5248,000415XSHE20180320,20200210033915,1,0,5.84,0.0,000415.XSHE,5.84,1500,5.84,5.84,,,0.0,5.84,,5.840000005999943,5.84000077341323,5.840217679089438,5.841287585102032,5.8400000000000345,5.8403084537564895,5.845102620759923,5.862803180528167,5.842517941186331,5.8721234181880995,5.935576527473782,5.8400248801859185,5.841064515985416,5.855128593453832,5.950169444472372,6.015200006179942,6.015225626591498,6.016296451464979,6.030782451257447,6.1286745278065435,5.664800005819947,5.664824133780343,5.665832580505854,5.679474735650216,5.771664361138201,5.84,0.0,-0.4262574595055173,-66.66666666666667,0.00010569661963608566,0.0012024082734523427,-0.0020877266879964283,,,,0.0,0.0,,-0.004001209270246304,0.002323591970919305,5.842929151550451,5.8400897382656645,5.84,5.840000000000002,5.840000000000002,5.840000000000002,5.84,5.846999999999999,0.0,0.0,0.0,0.0,5.840000000000002,5.8400000000000025,5.839999999999999,,42893124,-1.2036178711882392e-07,-1.5580869858944494e-07,,,,0.0,5.84,0.00015854492945412848,0.0017507641003604712,5.840000000000002,5.840000000000002,5.84,5.84,0,0,0,0,1,0,1,0,0,2.0,0,0.0,0,0,1.0,0,0,0,0,1.0
20180321,5249,000415XSHE20180321,20200210033915,1,0,5.84,0.0,000415.XSHE,5.84,1500,5.84,5.84,,,0.0,5.84,,5.840000003999964,5.840000580059923,5.840188655210844,5.841170531910938,5.840000000000018,5.840269897036929,5.844773419420574,5.861811737896508,5.842324253402767,5.870863676298372,5.9330613556981575,5.840020356515753,5.840963133510615,5.854390613285352,5.947449211275523,6.015200004119962,6.015220967211225,6.016192027515932,6.030022331683912,6.1258726876137874,5.664800003879964,5.664819745820278,5.665734239505296,5.678758894886792,5.769025734937255,5.84,0.0,-0.36510048793801786,-66.66666666666667,7.046441309072377e-05,0.0008250936533318029,-0.0014387940673914346,,,,0.0,0.0,,-0.003728216412774833,0.0021839428597717715,5.842712177361529,5.84007593237864,5.84,5.840000000000002,5.840000000000002,5.840000000000002,5.84,5.848166666666666,0.0,0.0,0.0,0.0,5.840000000000002,5.8400000000000025,5.839999999999999,,42893124,-7.566229210758977e-08,-9.801203961320686e-08,,,,0.0,5.84,0.00010569661963608566,0.0012024082734523427,5.840000000000002,5.840000000000002,5.84,5.84,0,0,0,0,1,0,1,0,0,2.0,0,0.0,0,0,1.0,0,0,0,0,1.0
20180322,5250,000415XSHE20180322,20200210033915,1,0,5.84,0.0,000415.XSHE,5.84,1500,5.84,5.84,,,0.0,5.84,,5.840000002666643,5.840000435044942,5.840163501182731,5.841064119919037,5.840000000000009,5.840236159907312,5.8444654568773124,5.860863401466224,5.8421454646794775,5.8696533360513765,5.930612372653469,5.840016655331071,5.840871406509602,5.853688632149482,5.9447961443304465,6.015200002746641,6.015217154991003,6.0160975487048916,6.029299291113966,6.1231400286603614,5.6648000025866425,5.664816155671137,5.665645264314315,5.678077973184997,5.766452260000534,5.84,0.0,-0.31748199228483404,-66.66666666666667,4.697627539381585e-05,0.0005657211940191405,-0.0009905135618568336,,,,0.0,0.0,,-0.003471978102322791,0.0020499064836163343,5.842511275334749,5.840064250474233,5.84,5.840000000000002,5.840000000000002,5.840000000000002,5.84,5.850166666666665,0.0,0.0,0.0,0.0,5.840000000000002,5.8400000000000025,5.839999999999999,,42893124,-4.75126178283323e-08,-6.158745496796104e-08,,,,0.0,5.84,7.046441309072377e-05,0.0008250936533318029,5.840000000000002,5.840000000000002,5.84,5.84,0,0,0,0,1,0,1,0,0,2.0,0,1.0,0,0,0.0,0,0,0,0,1.0
20180323,5251,000415XSHE20180323,20200210033915,1,0,5.84,0.0,000415.XSHE,5.84,1500,5.84,5.84,,,0.0,5.84,,5.840000001777762,5.8400003262837075,5.8401417010250345,5.840967381744576,5.840000000000003,5.8402066399188985,5.844177362885227,5.859956297054651,5.841980428934902,5.868490460127793,5.9282278365310095,5.840013627089057,5.84078841541345,5.853020893995849,5.942208585211178,6.015200001831094,6.015214035901728,6.016012067875854,6.0286115208157245,6.120474842767512,5.664800001724428,5.664813218276384,5.665564762951046,5.677430267175972,5.763942327654843,5.84,0.0,-0.2698179582635949,-66.66666666666667,3.131751692921057e-05,0.0003875866349891639,-0.0006812207191906961,,,,0.0,0.0,,-0.0032317603125968557,0.0019217423178074875,5.842325254939582,5.84005436578589,5.84,5.840000000000002,5.840000000000002,5.840000000000002,5.84,5.8521666666666645,0.0,0.0,0.0,0.0,5.840000000000002,5.8400000000000025,5.839999999999999,,42893124,-2.980554917698753e-08,-3.865908350265992e-08,,,,0.0,5.84,4.697627539381585e-05,0.0005657211940191405,5.840000000000002,5.840000000000002,5.84,5.84,0,0,0,0,1,0,1,0,0,2.0,0,1.0,0,0,1.0,0,0,0,0,2.0
20180326,5252,000415XSHE20180326,20200210033915,1,0,5.84,0.0,000415.XSHE,5.84,1500,5.84,5.84,,,0.0,5.84,,5.840000001185175,5.840000244712781,5.840122807555032,5.840879437949615,5.8400000000000025,5.840180809929036,5.84390785560231,5.859088631965318,5.841828088247602,5.867373187181605,5.925906051359142,5.8400111494365,5.8407133282312165,5.852385728435077,5.939684916440531,6.01520000122073,6.015211483919594,6.015934728078152,6.0279573002881275,6.117875463933747,5.664800001149619,5.664810814953406,5.66549192838428,5.676814156582023,5.761494368947315,5.84,0.0,-0.2152889314150815,-66.66666666666667,2.0878344619473714e-05,0.0002653505381992672,-0.0004680660425401133,,,,0.0,0.0,,-0.003006810652900952,0.001799597277567229,5.842153013832947,5.840046001818831,5.84,5.840000000000002,5.840000000000002,5.840000000000002,5.84,5.854333333333331,0.0,0.0,0.0,0.0,5.840000000000002,5.8400000000000025,5.839999999999999,,42893124,-1.8679441545868897e-08,-2.4242495361428213e-08,,,,0.0,5.84,3.131751692921057e-05,0.0003875866349891639,5.840000000000002,5.840000000000002,5.84,5.84,0,0,0,0,1,0,1,0,0,2.0,0,1.0,0,0,1.0,0,0,1,0,2.0
20180327,5253,000415XSHE20180327,20200210033915,1,0,5.84,0.0,000415.XSHE,5.84,1500,5.84,5.84,,,0.0,5.84,,5.840000000790117,5.840000183534586,5.840106433214361,5.840799489045105,5.840000000000002,5.840158208687908,5.843655735886032,5.858258691445088,5.841687466074709,5.866299728860757,5.923645365797058,5.840009122266227,5.840645392209196,5.8517815465601934,5.937223560479037,6.01520000081382,6.015209395934213,6.015864753975473,6.027334992957,6.1153402672934085,5.664800000766412,5.66480884859824,5.665426030442919,5.676228100163388,5.759106853664665,5.84,0.0,-0.16411378555796882,-66.66666666666667,1.3918896412982474e-05,0.00018153999093717228,-0.0003213232926353972,,,,0.0,0.0,,-0.002796369864494673,0.0016835263072502349,5.8419935313268025,5.840038924615934,5.84,5.840000000000002,5.840000000000002,5.840000000000002,5.84,5.856499999999998,0.0,0.0,0.0,0.0,5.840000000000002,5.8400000000000025,5.839999999999999,,42893124,-1.1695728096208722e-08,-1.518758482103881e-08,,,,0.0,5.84,2.0878344619473714e-05,0.0002653505381992672,5.840000000000002,5.840000000000002,5.84,5.84,0,0,0,0,1,0,1,0,0,2.0,0,1.0,0,0,1.0,0,0,1,0,2.0
20180328,5254,000415XSHE20180328,20200210033915,1,0,5.84,0.0,000415.XSHE,5.84,1500,5.84,5.84,,,0.0,5.84,,5.840000000526744,5.8400001376509385,5.840092242119112,5.840726808222822,5.84,5.840138432601918,5.843419881957901,5.857464835295301,5.84155766099204,5.86526836694465,5.921444171960294,5.840007463672367,5.840583926284512,5.851206836971892,5.934822978738813,6.0152000005425466,6.0152076875825395,6.015801444073047,6.0267430420810495,6.112867668100978,5.664800000510942,5.6648072397621965,5.6653664084959745,5.675670631862736,5.7567782893766495,5.84,0.0,-0.12996785005812922,-66.66666666666667,9.27926427532165e-06,0.0001241197487165554,-0.00022040170460714586,,,,0.0,0.0,,-0.0025996811168259434,0.0015735099813498335,5.841845862339633,5.840032936213483,5.84,5.840000000000002,5.840000000000002,5.840000000000002,5.84,5.857833333333333,0.0,0.0,0.0,0.0,5.840000000000002,5.8400000000000025,5.839999999999999,,42893124,-7.316521816201006e-09,-9.506124956204864e-09,,,,0.0,5.84,1.3918896412982474e-05,0.00018153999093717228,5.840000000000002,5.840000000000002,5.84,5.84,0,0,0,0,1,0,1,0,0,2.0,0,1.0,0,0,1.0,0,0,1,0,2.0
20180329,5255,000415XSHE20180329,20200210033915,1,0,5.84,0.0,000415.XSHE,5.84,1500,5.84,5.84,,,0.0,5.84,,5.840000000351162,5.840000103238204,5.840079943169898,5.840660734748021,5.84,5.840121128526679,5.84319924441223,5.856705494630287,5.841437840915729,5.864277450593881,5.9193009042771285,5.840006106641028,5.840528314257415,5.850660161997656,5.932481670621806,6.015200000361697,6.0152062898402585,6.015744163685137,6.026179966857585,6.11045612074046,5.6648000003406285,5.664805923441796,5.665312464829691,5.675140357137725,5.754507220503153,5.84,0.0,-0.058185303076961736,-66.66666666666667,6.186176183547768e-06,8.480855787221952e-05,-0.00015105858719379573,,,,0.0,0.0,,-0.0024159974319089327,0.0014694694793360814,5.841709131795956,5.840027869103715,5.84,5.840000000000002,5.840000000000002,5.840000000000002,5.84,5.859333333333333,0.0,0.0,0.0,0.0,5.840000000000002,5.8400000000000025,5.839999999999999,,42893124,-4.573084680548095e-09,-5.944803248374549e-09,,,,0.0,5.84,9.27926427532165e-06,0.0001241197487165554,5.840000000000002,5.840000000000002,5.84,5.84,0,0,0,0,1,0,1,0,0,2.0,0,1.0,0,0,1.0,0,0,1,0,2.0
20180330,5256,000415XSHE20180330,20200210033915,1,0,5.84,0.0,000415.XSHE,5.84,1500,5.84,5.84,,,0.0,5.84,,5.840000000234108,5.840000077428652,5.840069284080579,5.840600667952746,5.84,5.840105987460844,5.842992841546925,5.8559791687767975,5.841327237768365,5.8633253937078464,5.917214038375099,5.84000499634266,5.84047799861385,5.85014015409533,5.930198172581763,6.0152000002411325,6.0152051462329394,6.015692338572266,6.02564435871819,6.108104117759215,5.6648000002270855,5.66480484645238,5.665263658655435,5.67463594947247,5.7522922274043085,5.84,0.0,0.013700506918754485,-66.66666666666667,4.124117455698511e-06,5.791374440004585e-05,-0.00010345513643299616,,,,0.0,0.0,,-0.0022445875238077213,0.0013712792648096965,5.8415825294407,5.840023581549298,5.84,5.840000000000002,5.840000000000002,5.840000000000002,5.84,5.860833333333331,0.0,0.0,0.0,0.0,5.840000000000002,5.8400000000000025,5.839999999999999,,42893124,-2.8559802922260586e-09,-3.714532486387077e-09,,,,0.0,5.84,6.186176183547768e-06,8.480855787221952e-05,5.840000000000002,5.840000000000002,5.84,5.84,0,0,0,0,1,0,1,0,0,2.0,0,1.0,0,0,1.0,0,0,1,0,2.0
20180402,5257,000415XSHE20180402,20200210033915,1,0,5.84,0.0,000415.XSHE,5.84,1500,5.84,5.84,,,0.0,5.84,,5.840000000156072,5.840000058071491,5.840060046203168,5.840546061775223,5.84,5.840092739028241,5.842799754995513,5.855284422308241,5.841225142555414,5.862410672385969,5.915182089996808,5.840004087916721,5.840432474936341,5.849645512432143,5.927971057209373,6.015200000160753,6.015204210554223,6.015645449184432,6.025134877805108,6.105810188925654,5.664800000151389,5.664803965279219,5.66521950068825,5.674156147059177,5.7501319254930925,5.84,0.0,1.5208534583906257e-14,-66.66666666666667,2.749411637132341e-06,3.952563347907468e-05,-7.080303204675234e-05,,,,0.0,0.0,,-0.002084740302856133,0.001278777767612709,5.841465305037684,5.840019953618636,5.84,5.840000000000002,5.840000000000002,5.840000000000002,5.84,5.862166666666665,0.0,0.0,0.0,0.0,5.840000000000002,5.8400000000000025,5.839999999999999,,42893124,-1.7822425422000001e-09,-2.319111417213029e-09,,,,0.0,5.84,4.124117455698511e-06,5.791374440004585e-05,5.840000000000002,5.840000000000002,5.84,5.84,0,0,0,0,1,0,1,0,0,2.0,0,1.0,0,0,1.0,0,0,1,0,2.0
20180403,5258,000415XSHE20180403,20200210033915,1,0,5.84,0.0,000415.XSHE,5.84,1500,5.84,5.84,,,0.0,5.84,,5.840000000104048,5.8400000435536175,5.840052040042745,5.840496419795658,5.84,5.840081146649712,5.8426191256409625,5.854619882207882,5.841130900820382,5.861531822488482,5.913203613944258,5.840003344659138,5.840391286847165,5.849174999630575,5.9257989323400055,6.0152000001071695,6.015203444998912,6.01560302545258,6.0246502496194925,6.103572900310207,5.664800000100928,5.664803244319363,5.66517954824175,5.673699749641657,5.7480249643698045,5.84,0.0,1.5208534583906257e-14,-66.66666666666667,1.832941091421561e-06,2.6961402683190312e-05,-4.8423982092115944e-05,,,,0.0,0.0,,-0.0019357682608108343,0.0011917763363623855,5.841356763923782,5.8400168838311535,5.84,5.840000000000002,5.840000000000002,5.840000000000002,5.84,5.860833333333331,0.0,0.0,0.0,0.0,5.840000000000002,5.8400000000000025,5.839999999999999,,42893124,-1.1113332476170708e-09,-1.4467878949085353e-09,,,,0.0,5.84,2.749411637132341e-06,3.952563347907468e-05,5.840000000000002,5.840000000000002,5.84,5.84,0,0,0,0,1,0,1,0,0,2.0,0,1.0,0,0,1.0,0,0,1,0,2.0
20180404,5259,000415XSHE20180404,20200210033915,1,0,5.84,0.0,000415.XSHE,5.84,1500,5.84,5.84,,,0.0,5.84,,5.840000000069367,5.8400000326652135,5.840045101370379,5.840451290723324,5.84,5.8400710033184975,5.842450149793159,5.853984235155367,5.841043908449584,5.860687437292856,5.9112772030509895,5.840002736539294,5.840354021433151,5.848727438672987,5.923680440183463,6.015200000071447,6.015202818635474,6.015564642076145,6.024189261833178,6.101390853388966,5.6648000000672845,5.664802654443115,5.665143400790155,5.673265615512798,5.7459700269779574,5.84,0.0,1.5208534583906257e-14,-66.66666666666667,1.2219607276143738e-06,1.8381588697998328e-05,-3.3097295213153536e-05,,,,0.0,0.0,,-0.001797009923393366,0.00111006669933975,5.841256262892393,5.840014286318668,5.84,5.840000000000002,5.840000000000002,5.840000000000002,5.84,5.857833333333333,0.0,0.0,0.0,0.0,5.840000000000002,5.8400000000000025,5.839999999999999,,42893124,-6.924749966617331e-10,-9.01904122139402e-10,,,,0.0,5.84,1.832941091421561e-06,2.6961402683190312e-05,5.840000000000002,5.840000000000002,5.84,5.84,0,0,0,0,1,0,1,0,0,2.0,0,1.0,0,0,1.0,0,0,1,0,2.0
20180409,5260,000415XSHE20180409,20200210033915,1,0,5.84,0.0,000415.XSHE,5.84,1500,5.84,5.84,,,0.0,5.84,,5.840000000046243,5.840000024498909,5.840039087854327,5.840410264293929,5.84,5.8400621279036855,5.842292075612956,5.8533762249312185,5.840963607799615,5.859876165242156,5.909401487181227,5.840002238986694,5.840320305106183,5.848301709957233,5.9216142564752285,6.0152000000476304,6.015202306156295,6.0155299142593694,6.0237507612559495,6.099262684169487,5.664800000044855,5.664802171817093,5.6651106959529995,5.672852658658515,5.743965828780972,5.84,0.0,1.5208534583906257e-14,-66.66666666666667,8.146404850762492e-07,1.252593929369097e-05,-2.2607957132153196e-05,,,,0.0,0.0,,-0.0016678315303860895,0.0010334271440582108,5.841163206381844,5.840012088423487,5.84,5.840000000000002,5.840000000000002,5.840000000000002,5.84,5.8554999999999975,0.0,0.0,0.0,0.0,5.840000000000002,5.8400000000000025,5.839999999999999,,42893124,-4.311923725179963e-10,-5.618336845898647e-10,,,,0.0,5.84,1.2219607276143738e-06,1.8381588697998328e-05,5.840000000000002,5.840000000000002,5.84,5.84,0,0,0,0,1,0,1,0,0,2.0,0,1.0,0,0,1.0,0,0,1,0,2.0
20180410,5261,000415XSHE20180410,20200210033915,1,0,5.84,0.0,000415.XSHE,5.84,1500,5.84,5.84,,,0.0,5.84,,5.8400000000308285,5.840000018374183,5.840033876140418,5.8403729675399365,5.84,5.8400543619157235,5.842144199766957,5.85279464993421,5.840889484122722,5.859096707781677,5.907575132255405,5.840001831898204,5.840289799857977,5.847896748495903,5.9195990896486785,6.015200000031753,6.0152018868551504,6.015498493853714,6.023333650950781,6.09718706233814,5.664800000029905,5.664801776941258,5.665081105862236,5.6724598460410265,5.742011116959219,5.84,0.0,1.5208534583906257e-14,-66.66666666666667,5.430936567174996e-07,8.531657414699812e-06,-1.5434033859247127e-05,,,,0.0,0.0,,-0.0015476280803338508,0.000961627600417912,5.841077042946153,5.840010228666028,5.84,5.840000000000002,5.840000000000002,5.840000000000002,5.84,5.853166666666667,0.0,0.0,0.0,0.0,5.840000000000002,5.8400000000000025,5.839999999999999,,42893124,-2.6832417566195733e-10,-3.4975827408997684e-10,,,,0.0,5.84,8.146404850762492e-07,1.252593929369097e-05,5.840000000000002,5.840000000000002,5.84,5.84,0,0,0,0,1,0,1,0,0,2.0,0,1.0,0,0,1.0,0,0,0,0,2.0
20180411,5262,000415XSHE20180411,20200210033915,1,0,5.84,0.0,000415.XSHE,5.84,1500,5.84,5.84,,,0.0,5.84,,5.840000000020553,5.840000013780638,5.840029359321695,5.840339061399941,5.84,5.840047566676258,5.842005864298122,5.852238360806634,5.840821062267129,5.858347817280436,5.905796839301315,5.840001498825803,5.840262199871503,5.8475115412522,5.917633680027723,6.015200000021169,6.015201543790577,6.015470065867647,6.022936887489768,6.095162690428556,5.6648000000199366,5.6648014538610285,5.665054333875357,5.672086195014636,5.740104669626893,5.84,0.0,1.5208534583906257e-14,-66.66666666666667,3.6206243781166636e-07,5.808459089070431e-06,-1.0530730864705864e-05,,,,0.0,0.0,,-0.001435823856682576,0.0008944337892101994,5.840997261987178,5.840008655025102,5.84,5.840000000000002,5.840000000000002,5.840000000000002,5.84,5.850499999999998,0.0,0.0,0.0,0.0,5.840000000000002,5.8400000000000025,5.839999999999999,,42893124,-1.668528329193013e-10,-2.1758850429062927e-10,,,,0.0,5.84,5.430936567174996e-07,8.531657414699812e-06,5.840000000000002,5.840000000000002,5.84,5.84,0,0,0,0,1,0,1,0,0,2.0,0,1.0,0,0,1.0,0,0,0,0,2.0
20180412,5263,000415XSHE20180412,20200210033915,1,0,5.84,0.0,000415.XSHE,5.84,1500,5.84,5.84,,,0.0,5.84,,5.840000000013702,5.840000010335477,5.840025444745468,5.84030823763631,5.84,5.840041620841726,5.841876453698244,5.851706258162869,5.8407579036311965,5.8576282950341465,5.904065343530228,5.84000122631202,5.840237228455168,5.8471451246057535,5.9157167990393855,6.015200000014112,6.015201263101381,6.015444345308822,6.022559478343926,6.093188303010567,5.664800000013289,5.664801189522659,5.665030111601513,5.671730770867581,5.738245295068205,5.84,0.0,1.5208534583906257e-14,-66.66666666666667,2.413749585411109e-07,3.9527643788939914e-06,-7.18140388216465e-06,,,,0.0,0.0,,-0.0013318725345641833,0.0008316105769471411,5.84092339072887,5.8400073234827765,5.84,5.840000000000002,5.840000000000002,5.840000000000002,5.84,5.847999999999997,0.0,0.0,0.0,0.0,5.840000000000002,5.8400000000000025,5.839999999999999,,42893124,-1.0369178879278956e-10,-1.352723108560454e-10,,,,0.0,5.84,3.6206243781166636e-07,5.808459089070431e-06,5.840000000000002,5.840000000000002,5.84,5.84,0,0,0,0,1,0,1,0,0,2.0,0,1.0,0,0,1.0,0,0,0,0,2.0
20180413,5264,000415XSHE20180413,20200210033915,1,0,5.84,0.0,000415.XSHE,5.84,1500,5.84,5.84,,,0.0,5.84,,5.840000000009134,5.840000007751608,5.8400220521127375,5.840280216033009,5.84,5.84003641823651,5.8417553921693255,5.851197290416657,5.840699603351874,5.856936989346533,5.902379413437327,5.840001003346198,5.8402146352689615,5.8467965819420575,5.913847248445821,6.015200000009407,6.015201033446584,6.01542107432703,6.022200479400319,6.091262665899197,5.664800000008861,5.6648009732458116,5.665008196210891,5.671392684483797,5.736431830992446,5.84,0.0,1.5208534583906257e-14,-66.66666666666667,1.6091663902740723e-07,2.6888151322717966e-06,-4.8948803474613715e-06,,,,0.0,0.0,,-0.001235256952151299,0.0007729246593030772,5.84085499141562,5.84000619679312,5.84,5.840000000000002,5.840000000000002,5.840000000000002,5.84,5.846333333333331,0.0,0.0,0.0,0.0,5.840000000000002,5.8400000000000025,5.839999999999999,,42893124,-6.440814396273381e-11,-8.404996637776169e-11,,,,0.0,5.84,2.413749585411109e-07,3.9527643788939914e-06,5.840000000000002,5.840000000000002,5.84,5.84,0,0,0,0,1,0,1,0,0,2.0,0,1.0,0,0,0.0,0,0,0,0,1.0
20180416,5265,000415XSHE20180416,20200210033915,1,0,5.84,0.0,000415.XSHE,5.84,1500,5.84,5.84,,,0.0,5.84,,5.840000000006089,5.840000005813706,5.840019111831039,5.840254741848191,5.84,5.840031865956948,5.841642141061626,5.85071045170289,5.840645787709423,5.856272793685883,5.900737849925817,5.840000820919617,5.8401941938147734,5.846465041359518,5.9120238595953065,6.015200000006272,6.015200845547204,6.015400019629217,6.021858992600302,6.089384575383166,5.664800000005907,5.664800796292028,5.664988368000331,5.6710710901187324,5.734663143807447,5.84,0.0,1.5208534583906257e-14,-66.66666666666667,1.0727775935160485e-07,1.828302674631733e-06,-3.334772071208651e-06,,,,0.0,0.0,,-0.0011454886172880313,0.0007181466789061387,5.840791658718167,5.8400052434403324,5.84,5.840000000000002,5.840000000000002,5.840000000000002,5.84,5.842833333333331,0.0,0.0,0.0,0.0,5.840000000000002,5.8400000000000025,5.839999999999999,,42893124,-3.996802888646362e-11,-5.218808642459872e-11,,,,0.0,5.84,1.6091663902740723e-07,2.6888151322717966e-06,5.840000000000002,5.840000000000002,5.84,5.84,0,0,0,0,1,0,1,0,0,2.0,0,1.0,0,0,1.0,0,0,0,0,2.0
20180417,5266,000415XSHE20180417,20200210033915,1,0,5.84,0.0,000415.XSHE,5.84,1500,5.84,5.84,,,0.0,5.84,,5.840000000004059,5.840000004360279,5.840016563586901,5.840231583498356,5.84,5.84002788271233,5.841536196477004,5.850244779889722,5.840596111731776,5.855634644913888,5.899139485454086,5.840000671661503,5.84017569916575,5.8461496734883225,5.910245492691718,6.015200000004183,6.015200691811348,6.015380970140722,6.021534163692973,6.087552857472472,5.664800000003938,5.664800651511658,5.6649704281907765,5.670765183283672,5.732938127910968,5.84,0.0,1.5208534583906257e-14,-66.66666666666667,7.151850623440321e-08,1.242707951832623e-06,-2.2708603849620363e-06,,,,0.0,0.0,,-0.0010621070087167657,0.0006670528685701251,5.840733017331637,5.840004436757204,5.84,5.840000000000002,5.840000000000002,5.840000000000002,5.84,5.839333333333332,0.0,0.0,0.0,0.0,5.840000000000002,5.8400000000000025,5.839999999999999,,42893124,-2.4774702837167147e-11,-3.237136586181539e-11,,,,0.0,5.84,1.0727775935160485e-07,1.828302674631733e-06,5.840000000000002,5.840000000000002,5.84,5.84,0,0,0,0,1,0,1,0,0,2.0,0,1.0,0,0,1.0,0,0,0,0,2.0
20180418,5267,000415XSHE20180418,20200210033915,1,0,5.84,0.0,000415.XSHE,5.84,1500,5.84,5.84,,,0.0,5.84,,5.840000000002706,5.84000000327021,5.840014355108647,5.840210530453049,5.84,5.840024397373288,5.841437087026876,5.849799354677124,5.840550256983177,5.855021521583931,5.897583183205295,5.84000054954123,5.840158965911868,5.845849689415722,5.908511036082047,6.015200000002787,6.015200566027468,6.015363734889224,6.021225180098193,6.085766367164508,5.664800000002625,5.6648005330549935,5.664954196934512,5.67047419873325,5.731255704999585,5.84,0.0,1.5208534583906257e-14,-66.66666666666667,4.767900415626882e-08,8.443649692738381e-07,-1.54569292607887e-06,,,,0.0,0.0,,-0.0009846787214418415,0.0006194262981993923,5.840678719751514,5.840003754179173,5.84,5.840000000000002,5.840000000000002,5.840000000000002,5.84,5.839999999999997,0.0,0.0,0.0,0.0,5.840000000000002,5.8400000000000025,5.839999999999999,,42893124,-1.5360619929739112e-11,-2.0067661383453133e-11,,,,0.0,5.84,7.151850623440321e-08,1.242707951832623e-06,5.840000000000002,5.840000000000002,5.84,5.84,0,0,0,0,1,0,1,0,0,2.0,0,1.0,0,0,1.0,0,0,1,0,2.0
20180419,5268,000415XSHE20180419,20200210033915,1,0,5.84,0.0,000415.XSHE,5.84,1500,5.84,5.84,,,0.0,5.84,,5.840000000001804,5.8400000024526575,5.840012441094163,5.840191391320954,5.84,5.8400213477016285,5.841344371734818,5.849373295778119,5.840507929522933,5.85443244230613,5.89606783627884,5.840000449624642,5.8401438263012135,5.8455643387125145,5.906819405561503,6.015200000001857,6.015200463113383,6.01534814109025,6.020931268873892,6.084023987728348,5.664800000001748,5.664800436135904,5.664939511512178,5.67019740855114,5.729614823394657,5.84,0.0,1.5208534583906257e-14,-66.66666666666667,3.178600277084588e-08,5.735053137728407e-07,-1.0516526192331437e-06,,,,0.0,0.0,,-0.0009127964973974184,0.0005750577923553859,5.840628444214365,5.840003176613146,5.84,5.840000000000002,5.840000000000002,5.840000000000002,5.84,5.839999999999997,0.0,0.0,0.0,0.0,5.840000000000002,5.8400000000000025,5.839999999999999,,42893124,-9.520542649522936e-12,-1.2440581289631025e-11,,,,0.0,5.84,4.767900415626882e-08,8.443649692738381e-07,5.840000000000002,5.840000000000002,5.84,5.84,0,0,0,0,1,0,1,0,0,2.0,0,1.0,0,0,1.0,0,0,1,0,2.0
20180420,5269,000415XSHE20180420,20200210033915,1,0,5.84,0.0,000415.XSHE,5.84,1500,5.84,5.84,,,0.0,5.84,,5.840000000001202,5.840000001839492,5.840010782281607,5.840173992109959,5.84,5.840018679238924,5.8412576380745085,5.8489657611790715,5.840468858021168,5.853866464176477,5.894592366903081,5.8400003678747066,5.8401301285582425,5.845292907555808,5.905169543695786,6.015200000001237,6.015200378910949,6.015334032414988,6.020651694782481,6.08232463000666,5.664800000001166,5.664800356838466,5.664926224701494,5.669934120329133,5.728014457384912,5.84,0.0,1.5208534583906257e-14,-66.66666666666667,2.1190668513897253e-08,3.894004320198596e-07,-7.152288584980273e-07,,,,0.0,0.0,,-0.0008460781754477699,0.0005337465755971874,5.84058189279108,5.8400026879034295,5.84,5.840000000000002,5.840000000000002,5.840000000000002,5.84,5.839999999999997,0.0,0.0,0.0,0.0,5.840000000000002,5.8400000000000025,5.839999999999999,,42893124,-5.900911418554713e-12,-7.710727034038821e-12,,,,0.0,5.84,3.178600277084588e-08,5.735053137728407e-07,5.840000000000002,5.840000000000002,5.84,5.84,0,0,0,0,1,0,1,0,0,2.0,0,1.0,0,0,1.0,0,0,1,0,2.0
20180423,5270,000415XSHE20180423,20200210033915,1,0,5.84,0.0,000415.XSHE,5.84,1500,5.84,5.84,,,0.0,5.84,,5.840000000000802,5.84000000137962,5.84000934464406,5.840158174645418,5.84,5.8400163443340585,5.8411765001342175,5.848575945475633,5.840432792019541,5.8533226812675965,5.893155725668789,5.840000300988398,5.8401177353622185,5.84503471694333,5.903560419160089,6.015200000000826,6.015200310018049,6.0153212674230865,6.020385758451629,6.080667231734892,5.664800000000778,5.664800291958745,5.664914203301351,5.669683675435028,5.7264536065852845,5.84,0.0,1.5208534583906257e-14,-66.66666666666667,1.4127112342598168e-08,2.6430932546077237e-07,-4.862373138937502e-07,,,,0.0,0.0,,-0.0007841655886671869,0.0004953006942446642,5.8405387896213705,5.840002274379826,5.84,5.840000000000002,5.840000000000002,5.840000000000002,5.84,5.839999999999997,0.0,0.0,0.0,0.0,5.840000000000002,5.8400000000000025,5.839999999999999,,42893124,-3.650048300137151e-12,-4.775479859345932e-12,,,,0.0,5.84,2.1190668513897253e-08,3.894004320198596e-07,5.840000000000002,5.840000000000002,5.84,5.84,0,0,0,0,1,0,1,0,0,2.0,0,1.0,0,0,1.0,0,0,1,0,2.0
20180424,5271,000415XSHE20180424,20200210033915,1,0,5.84,0.0,000415.XSHE,5.84,1500,5.84,5.84,,,0.0,5.84,,5.840000000000534,5.840000001034714,5.840008098691518,5.840143795132197,5.84,5.8400143012923005,5.841100596899754,5.84820307828104,5.840399500325731,5.8528002231786695,5.8917568907827675,5.840000246263232,5.840106522470577,5.8447891209948715,5.901991026094406,6.01520000000055,6.0152002536511295,6.015309718144696,6.020132794624718,6.079050756877239,5.664800000000517,5.664800238875335,5.664903326796462,5.669445447365027,5.724931295311574,5.84,0.0,1.5208534583906257e-14,-66.66666666666667,9.418074895065445e-09,1.7934557527220345e-07,-3.304369258592105e-07,,,,0.0,0.0,,-0.0007267234316958075,0.00045953725577103514,5.840498879279049,5.840001924475237,5.84,5.840000000000002,5.840000000000002,5.840000000000002,5.84,5.839999999999997,0.0,0.0,0.0,0.0,5.840000000000002,5.8400000000000025,5.839999999999999,,42893124,-2.2508631184179923e-12,-2.950455709277572e-12,,,,0.0,5.84,1.4127112342598168e-08,2.6430932546077237e-07,5.840000000000002,5.840000000000002,5.84,5.84,0,0,0,0,1,0,1,0,0,2.0,0,1.0,0,0,1.0,0,0,1,0,2.0
20180425,5272,000415XSHE20180425,20200210033915,1,0,5.84,0.0,000415.XSHE,5.84,1500,5.84,5.84,,,0.0,5.84,,5.840000000000356,5.840000000776036,5.8400070188659825,5.840130722847452,5.84,5.8400125136307635,5.841029590648158,5.847846422703603,5.840368769531443,5.8522982536422505,5.890394867341117,5.840000201488099,5.8400963774733805,5.844555505336587,5.900460383474791,6.015200000000367,6.015200207532742,6.015299268797582,6.019892170496684,6.077474194979034,5.664800000000344,5.664800195443457,5.664893486149179,5.669218840176491,5.723446571970547,5.84,0.0,1.5208534583906257e-14,-66.66666666666667,6.278716596710297e-09,1.216566223803724e-07,-2.2447709497061392e-07,,,,0.0,0.0,,-0.0006734381166075647,0.00042628252070594174,5.840461925258378,5.840001628402122,5.84,5.840000000000002,5.840000000000002,5.840000000000002,5.84,5.839999999999997,0.0,0.0,0.0,0.0,5.840000000000002,5.8400000000000025,5.839999999999999,,42893124,-1.4143937163032296e-12,-1.832628417360611e-12,,,,0.0,5.84,9.418074895065445e-09,1.7934557527220345e-07,5.840000000000002,5.840000000000002,5.84,5.84,0,0,0,0,1,0,1,0,0,2.0,0,1.0,0,0,1.0,0,0,1,0,2.0
20180426,5273,000415XSHE20180426,20200210033915,1,0,5.84,0.0,000415.XSHE,5.84,1500,5.84,5.84,,,0.0,5.84,,5.840000000000237,5.840000000582028,5.840006083017185,5.840118838952232,5.84,5.840010949426919,5.840963165445051,5.847505273890404,5.840340402644411,5.851815969185692,5.889068686621614,5.840000164853898,5.840087198666391,5.844333285564071,5.898967534500105,6.015200000000245,6.015200169799518,6.0152898146263825,6.019663284130992,6.0759365605351086,5.664800000000231,5.664800159908283,5.664884582706399,5.669003286997149,5.721998508465103,5.84,0.0,1.5208534583906257e-14,-66.66666666666667,4.18581106447353e-09,8.249968527507277e-08,-1.5244193735672493e-07,,,,0.0,0.0,,-0.0006240166320567863,0.0003953718764062293,5.840427708572571,5.840001377878717,5.84,5.840000000000002,5.840000000000002,5.840000000000002,5.84,5.839999999999997,0.0,0.0,0.0,0.0,5.840000000000002,5.8400000000000025,5.839999999999999,,42893124,-8.668864712826369e-13,-1.1406400937929331e-12,,,,0.0,5.84,6.278716596710297e-09,1.216566223803724e-07,5.840000000000002,5.840000000000002,5.84,5.84,0,0,0,0,1,0,1,0,0,2.0,0,1.0,0,0,1.0,0,0,1,0,2.0
20180427,5274,000415XSHE20180427,20200210033915,1,0,5.84,0.0,000415.XSHE,5.84,1500,5.84,5.84,,,0.0,5.84,,5.84000000000016,5.840000000436519,5.840005271948228,5.840108035411119,5.84,5.8400095807485535,5.840901025738919,5.8471789576342985,5.8403142178256084,5.851352597845078,5.887777405394728,5.840000134880463,5.840078894031497,5.844121905780457,5.89751154599393,6.015200000000164,6.015200138926878,6.015281260852442,6.019445562953871,6.074436892373747,5.664800000000154,5.664800130834049,5.664876527210553,5.668798248607044,5.720586199614113,5.84,0.0,1.5208534583906257e-14,-66.66666666666667,2.7905407096490213e-09,5.592997041993152e-08,-1.0348831871091597e-07,,,,0.0,0.0,,-0.0005781854173869999,0.0003666497173582905,5.8403960264560855,5.840001165897378,5.84,5.840000000000002,5.840000000000002,5.840000000000002,5.84,5.839999999999997,0.0,0.0,0.0,0.0,5.840000000000002,5.8400000000000025,5.839999999999999,,42893124,-5.322987104367115e-13,-6.995925908596743e-13,,,,0.0,5.84,4.18581106447353e-09,8.249968527507277e-08,5.840000000000002,5.840000000000002,5.84,5.84,0,0,0,0,1,0,1,0,0,2.0,0,1.0,0,0,1.0,0,0,1,0,2.0
20180502,5275,000415XSHE20180502,20200210033915,1,0,5.84,0.0,000415.XSHE,5.84,1500,5.84,5.84,,,0.0,5.84,,5.8400000000001056,5.8400000003273895,5.840004569021798,5.8400982140101085,5.84,5.840008383154983,5.8408428950460864,5.846866829041503,5.8402900472236405,5.850907397929584,5.886520105252763,5.840000110356741,5.84007138031421,5.843920837205801,5.89609150782124,6.0152000000001085,6.015200113667443,6.015273521723637,6.019238462321977,6.072974253055878,5.664800000000103,5.664800107046039,5.664869238904783,5.668603212089628,5.719208762586602,5.84,0.0,1.5208534583906257e-14,-66.66666666666667,1.8603604730993475e-09,3.79067671043208e-08,-7.023245278934356e-08,,,,0.0,0.0,,-0.0005356892608079183,0.00033996925263265164,5.840366691163043,5.84000098652855,5.84,5.840000000000002,5.840000000000002,5.840000000000002,5.84,5.839999999999997,0.0,0.0,0.0,0.0,5.840000000000002,5.8400000000000025,5.839999999999999,,42893124,-3.345877608459347e-13,-4.334432356413231e-13,,,,0.0,5.84,2.7905407096490213e-09,5.592997041993152e-08,5.840000000000002,5.840000000000002,5.84,5.84,0,0,0,0,1,0,1,0,0,2.0,0,1.0,0,0,1.0,0,0,1,0,2.0
20180503,5276,000415XSHE20180503,20200210033915,1,0,5.84,0.0,000415.XSHE,5.84,1500,5.84,5.84,,,0.0,5.84,,5.84000000000007,5.840000000245542,5.84000395981889,5.840089285463733,5.84,5.840007335260612,5.840788514720532,5.846568271257091,5.840267735898745,5.850479656834308,5.8852958919566385,5.8400000902918805,5.840064582189047,5.843729576854299,5.894706532319483,6.015200000000073,6.0152000930006375,6.01526651965472,6.019041464159927,6.071547728289068,5.664800000000068,5.664800087583124,5.664862644723376,5.66841768954867,5.717865336349897,5.84,0.0,1.5208534583906257e-14,-66.66666666666667,1.240240315399565e-09,2.5684591508013718e-08,-4.764846206982874e-08,,,,0.0,0.0,,-0.0004962902285946168,0.00031519225770641345,5.84033952885467,5.840000834754927,5.84,5.840000000000002,5.840000000000002,5.840000000000002,5.84,5.839999999999997,0.0,0.0,0.0,0.0,5.840000000000002,5.8400000000000025,5.839999999999999,,42893124,-1.9771094959078025e-13,-2.6614935521835746e-13,,,,0.0,5.84,1.8603604730993475e-09,3.79067671043208e-08,5.840000000000002,5.840000000000002,5.84,5.84,0,0,0,0,1,0,1,0,0,2.0,0,1.0,0,0,1.0,0,0,0,0,2.0
20180504,5277,000415XSHE20180504,20200210033915,1,0,5.84,0.0,000415.XSHE,5.84,1500,5.84,5.84,,,0.0,5.84,,5.840000000000047,5.8400000001841565,5.840003431843037,5.840081168603394,5.84,5.8400064183530365,5.840737642803077,5.846282694245912,5.840247140829612,5.850068689899628,5.8841038947998845,5.840000073875173,5.840058431504376,5.843547646276042,5.893355753743693,6.015200000000048,6.015200076091429,6.015260184449509,6.018854075664322,6.070156426356004,5.664800000000045,5.664800071658919,5.664856678559245,5.668241216887759,5.716555081131381,5.84,0.0,1.5208534583906257e-14,-66.66666666666667,8.268268769330433e-10,1.739866996432016e-08,-3.2316859297841185e-08,,,,0.0,0.0,,-0.0004597666304848741,0.0002921887848779415,5.840314378569138,5.840000706331093,5.84,5.840000000000002,5.840000000000002,5.840000000000002,5.84,5.839999999999997,0.0,0.0,0.0,0.0,5.840000000000002,5.8400000000000025,5.839999999999999,,42893124,-1.2166827667124965e-13,-1.5968961313101494e-13,,,,0.0,5.84,1.240240315399565e-09,2.5684591508013718e-08,5.840000000000002,5.840000000000002,5.84,5.84,0,0,0,0,1,0,1,0,0,2.0,0,1.0,0,0,1.0,0,0,0,0,2.0
20180507,5278,000415XSHE20180507,20200210033915,1,0,5.84,0.0,000415.XSHE,5.84,1500,5.84,5.84,,,0.0,5.84,,5.840000000000031,5.840000000138117,5.840002974263966,5.840073789639447,5.84,5.840005616058908,5.840690052944815,5.8460095336265265,5.840228129996565,5.8496738393153285,5.882943265989361,5.840000060443324,5.840052866599198,5.8433745903601375,5.892038327725331,6.015200000000032,6.015200062256623,6.015254452597172,6.018675828070941,6.068799477557089,5.66480000000003,5.664800058630023,5.664851280601221,5.6680733526493325,5.7152771778935705,5.84,0.0,1.5208534583906257e-14,-66.66666666666667,5.512179179553622e-10,1.1782852615531894e-08,-2.19120514771977e-08,,,,0.0,0.0,,-0.00042591202497811536,0.00027083684405406936,5.840291091267722,5.84000059766477,5.84,5.840000000000002,5.840000000000002,5.840000000000002,5.84,5.839999999999997,0.0,0.0,0.0,0.0,5.840000000000002,5.8400000000000025,5.839999999999999,,42893124,-7.604267291953113e-14,-9.885547479539037e-14,,,,0.0,5.84,8.268268769330433e-10,1.739866996432016e-08,5.840000000000002,5.840000000000002,5.84,5.84,0,0,0,0,1,0,1,0,0,2.0,0,0.0,0,0,1.0,0,0,0,0,1.0
20180508,5279,000415XSHE20180508,20200210033915,1,0,5.84,0.0,000415.XSHE,5.84,1500,5.84,5.84,,,0.0,5.84,,5.840000000000019,5.840000000103588,5.840002577695437,5.840067081490407,5.84,5.840004914051543,5.8406455333999885,5.845748249555808,5.840210581535293,5.849294473067669,5.881813180042273,5.840000049453628,5.840047831684989,5.843209976196227,5.890753430744457,6.015200000000021,6.015200050937238,6.0152492666355375,6.018506275482116,6.067476033666793,5.664800000000019,5.664800047970019,5.664846396734438,5.667913676910341,5.714030827822124,5.84,0.0,1.5208534583906257e-14,-66.66666666666667,3.674786119702415e-10,7.977727947678009e-09,-1.4853020059445292e-08,,,,0.0,0.0,,-0.00039453426703223,0.00025102206356708253,5.840269528951594,5.840000505716345,5.84,5.840000000000002,5.840000000000002,5.840000000000002,5.84,5.839999999999997,0.0,0.0,0.0,0.0,5.840000000000002,5.8400000000000025,5.839999999999999,,42893124,-4.5625603751718696e-14,-6.08341383356249e-14,,,,0.0,5.84,5.512179179553622e-10,1.1782852615531894e-08,5.840000000000002,5.840000000000002,5.84,5.84,0,0,0,0,1,0,1,0,0,2.0,0,0.0,0,0,1.0,0,0,0,0,1.0
20180509,5280,000415XSHE20180509,20200210033915,1,0,5.84,0.0,000415.XSHE,5.84,1500,5.84,5.84,,,0.0,5.84,,5.840000000000013,5.840000000077692,5.840002234002713,5.840060983173097,5.84,5.840004299795102,5.84060388608386,5.845498325662078,5.840194382955653,5.8489299839277615,5.880712833199056,5.8400000404620585,5.840043276286418,5.843053391991535,5.889500259614965,6.015200000000013,6.015200041675921,6.015244574575012,6.01834499375128,6.066185267403414,5.664800000000013,5.664800039248196,5.664841977997827,5.667761790231787,5.712815251826516,5.84,0.0,1.5208534583906257e-14,-66.66666666666667,2.449857413134943e-10,5.40014721222317e-09,-1.0065337200505858e-08,,,,0.0,0.0,,-0.00036545459967354127,0.00023263733886950987,5.840249563844068,5.8400004279138304,5.84,5.840000000000002,5.840000000000002,5.840000000000002,5.84,5.839999999999997,0.0,0.0,0.0,0.0,5.840000000000002,5.8400000000000025,5.839999999999999,,42893124,-3.041706916781248e-14,-3.802133645976559e-14,,,,0.0,5.84,3.674786119702415e-10,7.977727947678009e-09,5.840000000000002,5.840000000000002,5.84,5.84,0,0,0,0,1,0,1,0,0,2.0,0,0.0,0,0,0.0,0,0,0,0,0.0
20180510,5281,000415XSHE20180510,20200210033915,1,0,5.84,0.0,000415.XSHE,5.84,1500,5.84,5.84,,,0.0,5.84,,5.840000000000009,5.840000000058268,5.840001936135683,5.840055439248268,5.84,5.840003762320714,5.840564925691353,5.845259268024595,5.840179430420604,5.848579788479612,5.879641442851713,5.840000033105321,5.840039154735331,5.842904446040728,5.888278030982497,6.015200000000008,6.015200034098481,6.015240329377392,6.0181915794219485,6.064926371911973,5.6648000000000085,5.6648000321121605,5.664837980093272,5.667617312659504,5.711629690053022,5.84,0.0,1.5208534583906257e-14,-66.66666666666667,1.6332382754232955e-10,3.6545394173295574e-09,-6.819107352032126e-09,,,,0.0,0.0,,-0.00033850679023174633,0.0002155824755343596,5.840231077633398,5.840000362080933,5.84,5.840000000000002,5.840000000000002,5.840000000000002,5.84,5.839999999999997,0.0,0.0,0.0,0.0,5.840000000000002,5.8400000000000025,5.839999999999999,,42893124,-3.041706916781249e-14,-3.041706916781249e-14,,,,0.0,5.84,2.449857413134943e-10,5.40014721222317e-09,5.840000000000002,5.840000000000002,5.84,5.84,0,0,0,0,1,0,1,0,0,2.0,0,1.0,0,0,0.0,0,0,0,0,1.0
20180511,5282,000415XSHE20180511,20200210033915,1,0,5.84,0.0,000415.XSHE,5.84,1500,5.84,5.84,,,0.0,5.84,,5.840000000000006,5.840000000043702,5.840001677984259,5.840050399316609,5.84,5.840003292030626,5.8405284788725575,5.845030604197439,5.840165628080557,5.848243326186295,5.878598246987193,5.8400000270861705,5.8400354257129194,5.842762765746057,5.887085980834781,6.015200000000006,6.015200027898756,6.015236488484306,6.018045648718438,6.063698560259825,5.664800000000006,5.6648000262735865,5.664834362941531,5.667479882773676,5.710473401409737,5.84,0.0,1.5208534583906257e-14,-66.66666666666667,1.0888255169488637e-10,2.472653795451334e-09,-4.618659935818009e-09,,,,0.0,0.0,,-0.0003135363112838042,0.00019976383158353718,5.840213960771665,5.840000306376172,5.84,5.840000000000002,5.840000000000002,5.840000000000002,5.84,5.839999999999997,0.0,0.0,0.0,0.0,5.840000000000002,5.8400000000000025,5.839999999999999,,42893124,-1.520853458390625e-14,-2.2812801875859367e-14,,,,0.0,5.84,1.6332382754232955e-10,3.6545394173295574e-09,5.840000000000002,5.840000000000002,5.84,5.84,0,0,0,0,1,0,1,0,0,2.0,0,1.0,0,0,0.0,0,0,0,0,1.0
20180514,5283,000415XSHE20180514,20200210033915,1,0,5.84,0.0,000415.XSHE,5.84,1500,5.84,5.84,,,0.0,5.84,,5.8400000000000025,5.840000000032776,5.8400014542530245,5.8400458175605525,5.84,5.8400028805267965,5.840494383461424,5.844811882275812,5.840152887458976,5.847920058492716,5.877582503645425,5.840000022161412,5.840032051835498,5.842627996685273,5.885923364024047,6.015200000000004,6.015200022826256,6.015233013390563,6.017906836585832,6.062501064944768,5.664800000000002,5.66480002149657,5.664831090280432,5.667349156784716,5.709345663103325,5.84,0.0,1.5208534583906257e-14,-66.66666666666667,7.258836779659093e-11,1.6726319862330865e-09,-3.1274988690764003e-09,,,,0.0,0.0,,-0.0002903995658749744,0.0001850939632706387,5.840198111825616,5.8400002592413784,5.84,5.840000000000002,5.840000000000002,5.840000000000002,5.84,5.839999999999997,0.0,0.0,0.0,0.0,5.840000000000002,5.8400000000000025,5.839999999999999,,42893124,0.0,-7.604267291953125e-15,,,,0.0,5.84,1.0888255169488637e-10,2.472653795451334e-09,5.840000000000002,5.840000000000002,5.84,5.84,0,0,0,0,1,0,1,0,0,2.0,0,1.0,0,0,0.0,0,0,0,0,1.0
20180515,5284,000415XSHE20180515,20200210033915,1,0,5.84,0.0,000415.XSHE,5.84,1500,5.84,5.84,,,0.0,5.84,,5.8400000000000025,5.840000000024582,5.840001260352621,5.840041652327776,5.84,5.840002520460947,5.840462487754236,5.84460267000295,5.840141126885209,5.847609467963589,5.876593490391598,5.8400000181320655,5.8400289992797365,5.842499801725017,5.884789453801232,6.015200000000003,6.015200018676027,6.015229869258128,6.017774795776767,6.061333137415267,5.664800000000002,5.664800017588103,5.664828129301344,5.667224807673264,5.708245770187193,5.84,0.0,1.5208534583906257e-14,-66.66666666666667,4.839224519772728e-11,1.1312187392213e-09,-2.117260742849418e-09,,,,0.0,0.0,,-0.00026896315619657124,0.00017149127742722514,5.840183436875571,5.840000219358088,5.84,5.840000000000002,5.840000000000002,5.840000000000002,5.84,5.839999999999997,0.0,0.0,0.0,0.0,5.840000000000002,5.8400000000000025,5.839999999999999,,42893124,0.0,0.0,,,,0.0,5.84,7.258836779659093e-11,1.6726319862330865e-09,5.840000000000002,5.840000000000002,5.84,5.84,0,0,0,0,1,0,1,0,0,2.0,0,0.0,0,0,0.0,0,0,0,0,0.0
20180516,5285,000415XSHE20180516,20200210033915,1,0,5.84,0.0,000415.XSHE,5.84,1500,5.84,5.84,,,0.0,5.84,,5.840000000000002,5.840000000018437,5.840001092305606,5.840037865752523,5.84,5.8400022054033265,5.840432649834608,5.844402553915866,5.840130270970963,5.8473110574552125,5.8756305038023475,5.840000014835327,5.840026237443571,5.842377860177455,5.8836835413616955,6.015200000000001,6.015200015280386,6.0152270245668795,6.017649195982777,6.060194047602546,5.6648000000000005,5.6648000143902655,5.664825450320264,5.667106524372131,5.707173035120842,5.84,0.0,1.5208534583906257e-14,-66.66666666666667,3.2261496798484856e-11,7.648996584136949e-10,-1.4330148264319353e-09,,,,0.0,0.0,,-0.00024910319459175246,0.0001588796928385501,5.840169848958862,5.84000018561069,5.84,5.840000000000002,5.840000000000002,5.840000000000002,5.84,5.839999999999997,0.0,0.0,0.0,0.0,5.840000000000002,5.8400000000000025,5.839999999999999,,42893124,0.0,0.0,,,,0.0,5.84,4.839224519772728e-11,1.1312187392213e-09,5.840000000000002,5.840000000000002,5.84,5.84,0,0,0,0,1,0,1,0,0,2.0,0,0.0,0,0,0.0,0,0,0,0,0.0
20180517,5286,000415XSHE20180517,20200210033915,1,0,5.84,0.0,000415.XSHE,5.84,1500,5.84,5.84,,,0.0,5.84,,5.840000000000002,5.840000000013827,5.8400009466648575,5.840034423411385,5.84,5.840001929727912,5.840404736942053,5.844211138528218,5.840120250127042,5.847024349319715,5.874692858965442,5.840000012137993,5.840023738639423,5.842261866998067,5.8826049354021475,6.015200000000001,6.015200012502133,6.0152244507986055,6.01752972300801,6.059083083464211,5.6648000000000005,5.664800011773852,5.66482302648024,5.666994010988125,5.706126787340082,5.84,0.0,1.5208534583906257e-14,-66.66666666666667,2.1507664532323237e-11,5.171023271199043e-10,-9.696816606428391e-10,,,,0.0,0.0,,-0.0002307046555339583,0.00014718831246235333,5.840157267554503,5.840000157055201,5.84,5.840000000000002,5.840000000000002,5.840000000000002,5.84,5.839999999999997,0.0,0.0,0.0,0.0,5.840000000000002,5.8400000000000025,5.839999999999999,,42893124,0.0,0.0,,,,0.0,5.84,3.2261496798484856e-11,7.648996584136949e-10,5.840000000000002,5.840000000000002,5.84,5.84,0,0,0,0,1,0,1,0,0,2.0,0,0.0,0,0,0.0,0,0,0,0,0.0
20180518,5287,000415XSHE20180518,20200210033915,1,0,5.84,0.0,000415.XSHE,5.84,1500,5.84,5.84,,,0.0,5.84,,5.840000000000002,5.840000000010371,5.840000820442878,5.840031294010349,5.84,5.840001688511922,5.840378624881276,5.844028045548733,5.840111000117271,5.846748884640511,5.873779888992669,5.840000009931085,5.840021477816618,5.8421515320225526,5.881552961688514,6.015200000000001,6.015200010229018,6.015222122151117,6.017416077983228,6.0579995505391695,5.6648000000000005,5.6648000096331526,5.66482083348212,5.666886986061875,5.705106372837857,5.84,0.0,1.5208534583906257e-14,-66.66666666666667,1.4338443021548824e-11,3.495143657537858e-10,-6.560134024429252e-10,,,,0.0,0.0,,-0.0002136607670590204,0.00013635110779950326,5.840145618106022,5.840000132892863,5.84,5.840000000000002,5.840000000000002,5.840000000000002,5.84,5.839999999999997,0.0,0.0,0.0,0.0,5.840000000000002,5.8400000000000025,5.839999999999999,,42893124,0.0,0.0,,,,0.0,5.84,2.1507664532323237e-11,5.171023271199043e-10,5.840000000000002,5.840000000000002,5.84,5.84,0,0,0,0,1,0,1,0,0,2.0,0,0.0,0,0,0.0,0,0,0,0,0.0
20180521,5288,000415XSHE20180521,20200210033915,1,0,5.84,0.0,000415.XSHE,5.84,1500,5.84,5.84,,,0.0,5.84,,5.840000000000002,5.8400000000077785,5.840000711050492,5.840028449100318,5.84,5.840001477447933,5.840354197469582,5.84385291313357,5.840102461646713,5.846484222497746,5.8728909445454915,5.8400000081254335,5.8400194323102745,5.8420465792409635,5.880526962634478,6.015200000000001,6.015200008369198,6.015220015279584,6.017307976618192,6.056942771513512,5.6648000000000005,5.664800007881671,5.664818849340968,5.666785181863736,5.704111153755442,5.84,0.0,1.5208534583906257e-14,-66.66666666666667,9.558962014365884e-12,2.361958978406458e-10,-4.43714909638194e-10,,,,0.0,0.0,,-0.00019787244001600237,0.00012630661634414463,5.8401348315796495,5.8400001124478065,5.84,5.840000000000002,5.840000000000002,5.840000000000002,5.84,5.839999999999997,0.0,0.0,0.0,0.0,5.840000000000002,5.8400000000000025,5.839999999999999,,42893124,0.0,0.0,,,,0.0,5.84,1.4338443021548824e-11,3.495143657537858e-10,5.840000000000002,5.840000000000002,5.84,5.84,0,0,0,0,1,0,1,0,0,2.0,0,0.0,0,0,0.0,0,0,0,0,0.0
20180522,5289,000415XSHE20180522,20200210033915,1,0,5.84,0.0,000415.XSHE,5.84,1500,5.84,5.84,,,0.0,5.84,,5.840000000000002,5.840000000005834,5.840000616243762,5.8400258628184725,5.84,5.8400012927669405,5.84033134601993,5.843685395171242,5.840094579981581,5.846229939262541,5.872025393373242,5.840000006648082,5.840017581614058,5.841946746107259,5.8795262968904165,6.015200000000001,6.015200006847526,6.015218109062481,6.0172051484904765,6.055912085797128,5.6648000000000005,5.6648000064486395,5.6648170541656375,5.666688343724041,5.7031405079837025,5.84,0.0,1.5208534583906257e-14,-66.66666666666667,6.372641342910588e-12,1.595881456747341e-10,-3.000583673207364e-10,,,,0.0,0.0,,-0.00018324773343056204,0.00011699765268352244,5.840124844055232,5.840000095148143,5.84,5.840000000000002,5.840000000000002,5.840000000000002,5.84,5.839999999999997,0.0,0.0,0.0,0.0,5.840000000000002,5.8400000000000025,5.839999999999999,,42893124,0.0,0.0,,,,0.0,5.84,9.558962014365884e-12,2.361958978406458e-10,5.840000000000002,5.840000000000002,5.84,5.84,0,0,0,0,1,0,1,0,0,2.0,0,0.0,0,0,0.0,0,0,0,0,0.0
20180523,5290,000415XSHE20180523,20200210033915,1,0,5.84,0.0,000415.XSHE,5.84,1500,5.84,5.84,,,0.0,5.84,,5.840000000000002,5.840000000004376,5.840000534077926,5.840023511653158,5.84,5.840001131171073,5.840309968857354,5.843525160598579,5.840087304598383,5.8459856279189095,5.871182619863419,5.84000000543934,5.8400159071746245,5.8418517828825145,5.878550338942504,6.015200000000001,6.0152000056025186,6.015216384389863,6.01710733636899,6.054906849110779,5.6648000000000005,5.6648000052761605,5.6648154299593845,5.666596229396039,5.702193828774228,5.84,0.0,1.5208534583906257e-14,-66.66666666666667,4.248427561940392e-12,1.0780823963713618e-10,-2.0287119658845118e-10,,,,0.0,0.0,,-0.00016970135423821504,0.0001083710335387761,5.840115596347437,5.840000080509967,5.84,5.840000000000002,5.840000000000002,5.840000000000002,5.84,5.839999999999997,0.0,0.0,0.0,0.0,5.840000000000002,5.8400000000000025,5.839999999999999,,42893124,0.0,0.0,,,,0.0,5.84,6.372641342910588e-12,1.595881456747341e-10,5.840000000000002,5.840000000000002,5.84,5.84,0,0,0,0,1,0,1,0,0,2.0,0,0.0,0,0,0.0,0,0,0,0,0.0
20180524,5291,000415XSHE20180524,20200210033915,1,0,5.84,0.0,000415.XSHE,5.84,1500,5.84,5.84,,,0.0,5.84,,5.840000000000002,5.840000000003282,5.840000462867535,5.840021374230143,5.84,5.840000989774689,5.840289970866557,5.843371892746467,5.8400805888600456,5.845750897412287,5.870362024603858,5.840000004450368,5.840014392205613,5.841761452010197,5.877598478721701,6.015200000000001,6.015200004583878,6.015214823971782,6.017014295570504,6.053926433083353,5.6648000000000005,5.664800004316857,5.664813960439443,5.666508608449892,5.70127052436005,5.84,0.0,1.5208534583906257e-14,-66.66666666666667,2.8322850412935947e-12,7.28162547718553e-11,-1.3713565441982985e-10,,,,0.0,0.0,,-0.0001571541896335116,0.00010037731683762766,5.840107033655034,5.8400000681238184,5.84,5.840000000000002,5.840000000000002,5.840000000000002,5.84,5.839999999999997,0.0,0.0,0.0,0.0,5.840000000000002,5.8400000000000025,5.839999999999999,,42893124,0.0,0.0,,,,0.0,5.84,4.248427561940392e-12,1.0780823963713618e-10,5.840000000000002,5.840000000000002,5.84,5.84,0,0,0,0,1,0,1,0,0,2.0,0,0.0,0,0,0.0,0,0,0,0,0.0
20180525,5292,000415XSHE20180525,20200210033915,1,0,5.84,0.0,000415.XSHE,5.84,1500,5.84,5.84,,,0.0,5.84,,5.840000000000002,5.84000000000246,5.8400004011518645,5.840019431118312,5.84,5.840000866052853,5.840271263068716,5.843225288714013,5.840074389716965,5.8455253720235705,5.8695630239563865,5.840000003641208,5.840013021519363,5.841675527521894,5.876670121222401,6.015200000000001,6.015200003750446,6.015213412164946,6.016925793347553,6.052970224859072,5.6648000000000005,5.6648000035319725,5.664812630873783,5.666425261696237,5.700370017585727,5.84,0.0,1.5208534583906257e-14,-66.66666666666667,1.888190027529063e-12,4.917356652374657e-11,-9.268256296490595e-11,,,,0.0,0.0,,-0.00014553287028910145,9.297055475528105e-05,5.840099105236143,5.840000057643231,5.84,5.840000000000002,5.840000000000002,5.840000000000002,5.84,5.839999999999997,0.0,0.0,0.0,0.0,5.840000000000002,5.8400000000000025,5.839999999999999,,42893124,0.0,0.0,,,,0.0,5.84,2.8322850412935947e-12,7.28162547718553e-11,5.840000000000002,5.840000000000002,5.84,5.84,0,0,0,0,1,0,1,0,0,2.0,0,0.0,0,0,0.0,0,0,0,0,0.0
20180528,5293,000415XSHE20180528,20200210033915,1,0,5.84,0.0,000415.XSHE,5.84,1500,5.84,5.84,,,0.0,5.84,,5.840000000000002,5.8400000000018455,5.840000347664949,5.8400176646530095,5.84,5.840000757796244,5.840253762225572,5.8430850587699235,5.840068667431044,5.845308690767744,5.868785049641745,5.8400000029791705,5.8400117813746615,5.841593794472049,5.875764686130488,6.015200000000001,6.0152000030685455,6.0152121348159024,6.016841608306207,6.0520376267144025,5.6648000000000005,5.664800002889796,5.664811427933422,5.666345980637885,5.699491745546575,5.84,0.0,1.5208534583906257e-14,-66.66666666666667,1.258793351686042e-12,3.320197546639306e-11,-6.262757087772799e-11,,,,0.0,0.0,,-0.00013476936273114077,8.610806046368538e-05,5.84009176410754,5.840000048775041,5.84,5.840000000000002,5.840000000000002,5.840000000000002,5.84,5.839999999999997,0.0,0.0,0.0,0.0,5.840000000000002,5.8400000000000025,5.839999999999999,,42893124,0.0,0.0,,,,0.0,5.84,1.888190027529063e-12,4.917356652374657e-11,5.840000000000002,5.840000000000002,5.84,5.84,0,0,0,0,1,0,1,0,0,2.0,0,0.0,0,0,1.0,0,0,0,0,1.0
20180529,5294,000415XSHE20180529,20200210033915,1,0,5.84,0.0,000415.XSHE,5.84,1500,5.84,5.84,,,0.0,5.84,,5.840000000000002,5.8400000000013845,5.8400003013096216,5.840016058775464,5.84,5.840000663071715,5.840237390469084,5.842950925779928,5.840063385320965,5.845100506816068,5.868027548335384,5.840000002437503,5.8400106593389784,5.8415160484002415,5.8748816074606,6.015200000000001,6.015200002510627,6.015210979119148,6.016761529852247,6.051128055684417,5.6648000000000005,5.6648000023643785,5.66481033955881,5.666270566948232,5.698635159236783,5.84,0.0,1.5208534583906257e-14,-66.66666666666667,8.391955677906946e-13,2.2414382166858934e-11,-4.231117763034579e-11,,,,0.0,0.0,,-0.00012480058919555945,7.97501882846507e-05,5.84008496676624,5.840000041271187,5.84,5.840000000000002,5.840000000000002,5.840000000000002,5.84,5.839999999999997,0.0,0.0,0.0,0.0,5.840000000000002,5.8400000000000025,5.839999999999999,,42893124,0.0,0.0,,,,0.0,5.84,1.258793351686042e-12,3.320197546639306e-11,5.840000000000002,5.840000000000002,5.84,5.84,0,0,0,0,1,0,1,0,0,2.0,0,0.0,0,0,1.0,0,0,0,0,1.0
20180530,5295,000415XSHE20180530,20200210033915,1,0,5.84,0.0,000415.XSHE,5.84,1500,5.84,5.84,,,0.0,5.84,,5.840000000000002,5.840000000001037,5.840000261135005,5.8400145988867855,5.84,5.84000058018775,5.84022207495495,5.842822624659062,5.8400585095270445,5.844900486940928,5.867289981273927,5.840000001994321,5.840009644163837,5.841442094819741,5.8740203332023135,6.015200000000001,6.015200002054152,6.0152099334887525,6.0166853576643335,6.050240943198383,5.6648000000000005,5.664800001934491,5.664809354838924,5.666198831975149,5.697799723206245,5.84,0.0,1.5208534583906257e-14,-66.66666666666667,5.594637118604632e-13,1.5129409348526113e-11,-2.8580427561470836e-11,,,,0.0,0.0,,-0.00011556807334271819,7.386012682272986e-05,5.840078672931704,5.840000034921773,5.84,5.840000000000002,5.840000000000002,5.840000000000002,5.84,5.839999999999997,0.0,0.0,0.0,0.0,5.840000000000002,5.8400000000000025,5.839999999999999,,42893124,0.0,0.0,,,,0.0,5.84,8.391955677906946e-13,2.2414382166858934e-11,5.840000000000002,5.840000000000002,5.84,5.84,0,0,0,0,1,0,1,0,0,2.0,0,1.0,0,0,1.0,0,0,1,0,2.0
20180531,5296,000415XSHE20180531,20200210033915,1,0,5.84,0.0,000415.XSHE,5.84,1500,5.84,5.84,,,0.0,5.84,,5.840000000000002,5.840000000000779,5.840000226317005,5.840013271715258,5.84,5.840000507664282,5.8402077475385035,5.8426999018478,5.840054008794197,5.84470831098246,5.866571823871982,5.840000001631718,5.840008725672043,5.841371748730974,5.8731803249750945,6.015200000000001,6.015200001680667,6.015208987442207,6.016612901192902,6.0493757347243475,5.6648000000000005,5.6648000015827655,5.664808463901883,5.666130596269045,5.696984915225843,5.84,0.0,1.5208534583906257e-14,-66.66666666666667,3.729758079069754e-13,1.0210598168319734e-11,-1.9302268912918547e-11,,,,0.0,0.0,,-0.00010701761026229516,6.840370464338432e-05,5.840072845307133,5.840000029549192,5.84,5.840000000000002,5.840000000000002,5.840000000000002,5.84,5.839999999999997,0.0,0.0,0.0,0.0,5.840000000000002,5.8400000000000025,5.839999999999999,,42893124,0.0,0.0,,,,0.0,5.84,5.594637118604632e-13,1.5129409348526113e-11,5.840000000000002,5.840000000000002,5.84,5.84,0,0,0,0,1,0,1,0,0,2.0,0,1.0,0,0,1.0,0,0,1,0,2.0
20180601,5297,000415XSHE20180601,20200210033915,1,0,5.84,0.0,000415.XSHE,5.84,1500,5.84,5.84,,,0.0,5.84,,5.840000000000002,5.840000000000584,5.8400001961414025,5.84001206519569,5.84,5.840000444206248,5.840194344471503,5.842582514810939,5.840049854271566,5.8445236713360895,5.865872565349036,5.840000001335041,5.840007894655659,5.841304834158732,5.87236105769176,6.015200000000001,6.015200001375092,6.015208131495329,6.016543979183494,6.048531889422513,5.6648000000000005,5.6648000012949895,5.664807657815988,5.666065689133968,5.696190225961008,5.84,0.0,1.5208534583906257e-14,-66.66666666666667,2.4865053860465024e-13,6.889948958414707e-12,-1.3033946301015465e-11,,,,0.0,0.0,,-9.909895926873586e-05,6.334920794847445e-05,5.8400674493584575,5.840000025003163,5.84,5.840000000000002,5.840000000000002,5.840000000000002,5.84,5.839999999999997,0.0,0.0,0.0,0.0,5.840000000000002,5.8400000000000025,5.839999999999999,,42893124,0.0,0.0,,,,0.0,5.84,3.729758079069754e-13,1.0210598168319734e-11,5.840000000000002,5.840000000000002,5.84,5.84,0,0,0,0,1,0,1,0,0,2.0,0,1.0,0,0,1.0,0,0,1,0,2.0
20180604,5298,000415XSHE20180604,20200210033915,1,0,5.84,0.0,000415.XSHE,5.84,1500,5.84,5.84,,,0.0,5.84,,5.840000000000002,5.840000000000438,5.840000169989216,5.840010968359718,5.84,5.8400003886804654,5.840181806118503,5.8424702315582895,5.840046019327597,5.844346272460164,5.865191708366166,5.8400000010923065,5.8400071427836915,5.841241183711964,5.871562019230233,6.015200000000001,6.015200001125076,6.015207357067204,6.016478419223322,6.047708879807142,5.6648000000000005,5.664800001059537,5.664806928500181,5.666003948200605,5.695415158653328,5.84,0.0,1.5208534583906257e-14,-66.66666666666667,1.657670257364335e-13,4.648554980855282e-12,-8.799808884501261e-12,,,,0.0,0.0,,-9.176555804701585e-05,5.8667209773760034e-05,5.840062453109683,5.840000021156522,5.84,5.840000000000002,5.840000000000002,5.840000000000002,5.84,5.839999999999997,0.0,0.0,0.0,0.0,5.840000000000002,5.8400000000000025,5.839999999999999,,42893124,0.0,0.0,,,,0.0,5.84,2.4865053860465024e-13,6.889948958414707e-12,5.840000000000002,5.840000000000002,5.84,5.84,0,0,0,0,1,0,1,0,0,2.0,0,1.0,0,0,1.0,0,0,1,0,2.0
20180605,5299,000415XSHE20180605,20200210033915,1,0,5.84,0.0,000415.XSHE,5.84,1500,5.84,5.84,,,0.0,5.84,,5.840000000000002,5.8400000000003285,5.840000147323988,5.840009971236108,5.84,5.840000340095407,5.8401700766915035,5.842362830186191,5.8400424793793215,5.844175830402903,5.86452876867232,5.840000000893706,5.840006462518579,5.84118063816504,5.8707827101134376,6.015200000000001,6.015200000920517,6.015206656394137,6.016416057309991,6.0469061914168405,5.6648000000000005,5.664800000866895,5.664806268643021,5.665945219020088,5.694659228810036,5.84,0.0,1.5208534583906257e-14,-66.66666666666667,1.1051135049095565e-13,3.1358737707338396e-12,-5.9402134899948125e-12,,,,0.0,0.0,,-8.497425678512837e-05,5.4330410095099857e-05,5.8400578269534105,5.840000017901673,5.84,5.840000000000002,5.840000000000002,5.840000000000002,5.84,5.839999999999997,0.0,0.0,0.0,0.0,5.840000000000002,5.8400000000000025,5.839999999999999,,42893124,0.0,0.0,,,,0.0,5.84,1.657670257364335e-13,4.648554980855282e-12,5.840000000000002,5.840000000000002,5.84,5.84,0,0,0,0,1,0,1,0,0,2.0,0,1.0,0,0,1.0,0,0,1,0,2.0
20180606,5300,000415XSHE20180606,20200210033915,1,0,5.84,0.0,000415.XSHE,5.84,1500,5.84,5.84,,,0.0,5.84,,5.840000000000002,5.840000000000246,5.840000127680789,5.840009064760097,5.84,5.840000297583481,5.840159104001727,5.842260098438965,5.840039211734759,5.844012072347888,5.86388327475989,5.840000000731214,5.840005847040619,5.841123046059427,5.870022643197057,6.015200000000001,6.015200000753151,6.015206022451839,6.01635673744121,6.04612332249297,5.6648000000000005,5.664800000709278,5.6648056716294,5.6658893546776445,5.693921963901147,5.84,0.0,1.5208534583906257e-14,-66.66666666666667,7.367423366063711e-14,2.1151405917094387e-12,-4.009258482436966e-12,,,,0.0,0.0,,-7.868507099015237e-05,5.031348635980813e-05,5.8400535434753795,5.84000001514757,5.84,5.840000000000002,5.840000000000002,5.840000000000002,5.84,5.839999999999997,0.0,0.0,0.0,0.0,5.840000000000002,5.8400000000000025,5.839999999999999,,42893124,0.0,0.0,,,,0.0,5.84,1.1051135049095565e-13,3.1358737707338396e-12,5.840000000000002,5.840000000000002,5.84,5.84,0,0,0,0,1,0,1,0,0,2.0,0,1.0,0,0,1.0,0,0,1,0,2.0
20180607,5301,000415XSHE20180607,20200210033915,1,0,5.84,0.0,000415.XSHE,5.84,1500,5.84,5.84,,,0.0,5.84,,5.840000000000002,5.840000000000185,5.840000110656684,5.840008240690997,5.84,5.840000260385546,5.840148839227423,5.842161833289445,5.840036195447468,5.8438547361773825,5.863254767529368,5.840000000598266,5.840005290179608,5.841068263324822,5.869281343365032,6.015200000000001,6.015200000616214,6.0152054488849975,6.016300311224568,6.045359783665982,5.6648000000000005,5.664800000580318,5.6648051314742185,5.665836215425077,5.693202903064081,5.84,0.0,1.5208534583906257e-14,-66.66666666666667,4.9116155773758076e-14,1.4264657797308784e-12,-2.7055830921404825e-12,,,,0.0,0.0,,-7.286095176082185e-05,4.659295383464411e-05,5.840049577292019,5.840000012817176,5.84,5.840000000000002,5.840000000000002,5.840000000000002,5.84,5.839999999999997,0.0,0.0,0.0,0.0,5.840000000000002,5.8400000000000025,5.839999999999999,,42893124,0.0,0.0,,,,0.0,5.84,7.367423366063711e-14,2.1151405917094387e-12,5.840000000000002,5.840000000000002,5.84,5.84,0,0,0,0,1,0,1,0,0,2.0,0,1.0,0,0,1.0,0,0,1,0,2.0
20180608,5302,000415XSHE20180608,20200210033915,1,0,5.84,0.0,000415.XSHE,5.84,1500,5.84,5.84,,,0.0,5.84,,5.840000000000002,5.840000000000138,5.840000095902457,5.8400074915372695,5.84,5.840000227837352,5.840139236696621,5.84206784053773,5.840033411182281,5.843703570052779,5.862642799962805,5.84000000048949,5.8400047863529805,5.8410161529187326,5.868558347232561,6.015200000000001,6.015200000504175,6.015204929943569,6.016246637506296,6.044615097649538,5.6648000000000005,5.664800000474807,5.664804642762389,5.665785668331171,5.6925015968155845,5.84,0.0,1.5208534583906257e-14,-66.66666666666667,3.2744103849172055e-14,9.618918877703097e-13,-1.825551463993103e-12,,,,0.0,0.0,,-6.746757235196855e-05,4.314703527082635e-05,5.840045904900018,5.840000010845301,5.84,5.840000000000002,5.840000000000002,5.840000000000002,5.84,5.839999999999997,0.0,0.0,0.0,0.0,5.840000000000002,5.8400000000000025,5.839999999999999,,42893124,0.0,0.0,,,,0.0,5.84,4.9116155773758076e-14,1.4264657797308784e-12,5.840000000000002,5.840000000000002,5.84,5.84,0,0,0,0,1,0,1,0,0,2.0,0,1.0,0,0,1.0,0,0,0,0,2.0
20180611,5303,000415XSHE20180611,20200210033915,1,0,5.84,0.0,000415.XSHE,5.84,1500,5.84,5.84,,,0.0,5.84,,5.840000000000002,5.840000000000104,5.840000083115465,5.840006810488428,5.84,5.840000199357684,5.840130253683936,5.841977934427392,5.840030841091336,5.8435583320114945,5.862046936805888,5.840000000400491,5.8400043305098395,5.840966584483672,5.867853202856447,6.015200000000001,6.015200000412506,6.015204460425133,6.016195582018184,6.043888798942143,5.6648000000000005,5.664800000388476,5.664804200594543,5.665737586949162,5.691817606770755,5.84,0.0,1.5208534583906257e-14,-66.66666666666667,2.1829402566114698e-14,6.48537726035578e-13,-1.231587244372812e-12,,,,0.0,0.0,,-6.247312993340117e-05,3.995553934853916e-05,5.840042504537053,5.840000009176794,5.84,5.840000000000002,5.840000000000002,5.840000000000002,5.84,5.839999999999997,0.0,0.0,0.0,0.0,5.840000000000002,5.8400000000000025,5.839999999999999,,42893124,0.0,0.0,,,,0.0,5.84,3.2744103849172055e-14,9.618918877703097e-13,5.840000000000002,5.840000000000002,5.84,5.84,0,0,0,0,1,0,1,0,0,2.0,0,1.0,0,0,1.0,0,0,1,0,2.0
20180612,5304,000415XSHE20180612,20200210033915,1,0,5.84,0.0,000415.XSHE,5.84,1500,5.84,5.84,,,0.0,5.84,,5.840000000000002,5.840000000000077,5.840000072033401,5.8400061913531145,5.84,5.840000174437972,5.8401218502204575,5.841891937278375,5.840028468699695,5.843418789579671,5.861466754258366,5.8400000003276755,5.84000391808033,5.840919434021054,5.867165469452585,6.015200000000001,6.015200000337505,6.01520403562274,6.016147017041688,6.043180433536162,5.6648000000000005,5.664800000317844,5.66480380053792,5.665691851000424,5.691150505369008,5.84,0.0,1.5208534583906257e-14,-66.66666666666667,1.4552935044076464e-14,4.372094623717441e-13,-8.30760119611259e-13,,,,0.0,0.0,,-5.784816151623568e-05,3.699974733732392e-05,5.840039356052826,5.8400000077649805,5.84,5.840000000000002,5.840000000000002,5.840000000000002,5.84,5.839999999999997,0.0,0.0,0.0,0.0,5.840000000000002,5.8400000000000025,5.839999999999999,,42893124,0.0,0.0,,,,0.0,5.84,2.1829402566114698e-14,6.48537726035578e-13,5.840000000000002,5.840000000000002,5.84,5.84,0,0,0,0,1,0,1,0,0,2.0,0,1.0,0,0,1.0,0,0,1,0,2.0
20180613,5305,000415XSHE20180613,20200210033915,1,0,5.84,0.0,000415.XSHE,5.84,1500,5.84,5.84,,,0.0,5.84,,5.840000000000002,5.8400000000000585,5.840000062428948,5.840005628502832,5.84,5.840000152633227,5.840113988915911,5.841809679135838,5.8400262787997175,5.843284719400074,5.8609018396726205,5.840000000268098,5.840003544929822,5.840874583581004,5.866494717120423,6.015200000000001,6.01520000027614,6.015203651277719,6.0161008210884335,6.042489558634036,5.6648000000000005,5.664800000260055,5.664803438581928,5.665648346073574,5.69049987560681,5.84,0.0,1.5208534583906257e-14,-66.66666666666667,9.701956696050977e-15,2.947069604798464e-13,-5.603080508715397e-13,,,,0.0,0.0,,-5.356537307054539e-05,3.426230756552232e-05,5.840036440789657,5.840000006570366,5.84,5.840000000000002,5.840000000000002,5.840000000000002,5.84,5.839999999999997,0.0,0.0,0.0,0.0,5.840000000000002,5.8400000000000025,5.839999999999999,,42893124,0.0,0.0,,,,0.0,5.84,1.4552935044076464e-14,4.372094623717441e-13,5.840000000000002,5.840000000000002,5.84,5.84,0,0,0,0,1,0,1,0,0,2.0,0,1.0,0,0,1.0,0,0,1,0,2.0
20180614,5306,000415XSHE20180614,20200210033915,1,0,5.84,0.0,000415.XSHE,5.84,1500,5.84,5.84,,,0.0,5.84,,5.840000000000002,5.8400000000000425,5.840000054105087,5.840005116820756,5.84,5.840000133554074,5.840106634792304,5.84173099743428,5.840024257353586,5.843155906874582,5.860351791260183,5.840000000219352,5.840003207317459,5.840831920967298,5.86584052657424,6.015200000000001,6.015200000225932,6.015203303536983,6.016056878596316,6.041815742371467,5.6648000000000005,5.664800000212772,5.664803111097933,5.665606963338277,5.689865310777012,5.84,0.0,1.5208534583906257e-14,-66.66666666666667,6.467971130700651e-15,1.9862729736346448e-13,-3.77850681334827e-13,,,,0.0,0.0,,-4.959948092908026e-05,3.17271371317211e-05,5.8400337414719035,5.840000005559541,5.84,5.840000000000002,5.840000000000002,5.840000000000002,5.84,5.839999999999997,0.0,0.0,0.0,0.0,5.840000000000002,5.8400000000000025,5.839999999999999,,42893124,0.0,0.0,,,,0.0,5.84,9.701956696050977e-15,2.947069604798464e-13,5.840000000000002,5.840000000000002,5.84,5.84,0,0,0,0,1,0,1,0,0,2.0,0,1.0,0,0,1.0,0,0,1,0,2.0
20180615,5307,000415XSHE20180615,20200210033915,1,0,5.84,0.0,000415.XSHE,5.84,1500,5.84,5.84,,,0.0,5.84,,5.840000000000002,5.840000000000032,5.840000046891077,5.840004651655233,5.84,5.840000116859816,5.840099755128285,5.841655736676268,5.840022391403309,5.843032145820676,5.859816217805967,5.840000000179469,5.840002901858653,5.840791339456698,5.8652024888810494,6.015200000000001,6.015200000184853,6.015202988914412,6.016015079640398,6.04115856354748,5.6648000000000005,5.6648000001740835,5.664802814802893,5.665567599272996,5.689246414214617,5.84,0.0,1.5208534583906257e-14,-66.66666666666667,4.311980753800434e-15,1.338555251602431e-13,-2.547751080590849e-13,,,,0.0,0.0,,-4.5927064621049826e-05,2.9379330464243445e-05,5.840031242103616,5.840000004704227,5.84,5.840000000000002,5.840000000000002,5.840000000000002,5.84,5.839999999999997,0.0,0.0,0.0,0.0,5.840000000000002,5.8400000000000025,5.839999999999999,,42893124,0.0,0.0,,,,0.0,5.84,6.467971130700651e-15,1.9862729736346448e-13,5.840000000000002,5.840000000000002,5.84,5.84,0,0,0,0,1,0,1,0,0,2.0,0,1.0,0,0,1.0,0,0,1,0,2.0
20180619,5308,000415XSHE20180619,20200210033915,1,0,5.84,0.0,000415.XSHE,5.84,1500,5.84,5.84,,,0.0,5.84,,5.840000000000002,5.840000000000025,5.840000040638933,5.8400042287774845,5.84,5.840000102252341,5.840093319313557,5.841583748125126,5.840020668987672,5.842913238141433,5.859294738390021,5.840000000146839,5.840002625491162,5.8407527375319805,5.864580205204973,6.015200000000001,6.0152000001512445,6.0152027042558975,6.015975319657938,6.040517611361122,5.6648000000000005,5.664800000142432,5.6648025467264285,5.66553015540602,5.688642799048825,5.84,0.0,1.5208534583906257e-14,-66.66666666666667,2.8746538358669557e-15,9.019523471878439e-14,-1.7176650792996794e-13,,,,0.0,0.0,,-4.252643034103101e-05,2.7205074240150656e-05,5.8400289278737185,5.8400000039804985,5.84,5.840000000000002,5.840000000000002,5.840000000000002,5.84,5.839999999999997,0.0,0.0,0.0,0.0,5.840000000000002,5.8400000000000025,5.839999999999999,,42893124,0.0,0.0,,,,0.0,5.84,4.311980753800434e-15,1.338555251602431e-13,5.840000000000002,5.840000000000002,5.84,5.84,0,0,0,0,1,0,1,0,0,2.0,0,1.0,0,0,1.0,0,0,1,0,2.0
20180620,5309,000415XSHE20180620,20200210033915,1,0,5.84,0.0,000415.XSHE,5.84,1500,5.84,5.84,,,0.0,5.84,,5.840000000000002,5.8400000000000185,5.840000035220407,5.840003844343167,5.84,5.840000089470798,5.840087298712683,5.84151488951099,5.840019079065543,5.842798993508437,5.858786982116599,5.840000000120139,5.840002375444385,5.8407160186279805,5.863973286557938,6.015200000000001,6.015200000123744,6.0152024467077165,6.01593749918682,6.0398924851546765,5.6648000000000005,5.664800000116536,5.664802304181054,5.665494538069142,5.688054087961199,5.84,0.0,1.5208534583906257e-14,-66.66666666666667,1.9164358905779704e-15,6.076896844271558e-14,-1.1578862921369729e-13,,,,0.0,0.0,,-3.937748430194158e-05,2.519156831271537e-05,5.840026785068259,5.840000003368113,5.84,5.840000000000002,5.840000000000002,5.840000000000002,5.84,5.839999999999997,0.0,0.0,0.0,0.0,5.840000000000002,5.8400000000000025,5.839999999999999,,42893124,0.0,0.0,,,,0.0,5.84,2.8746538358669557e-15,9.019523471878439e-14,5.840000000000002,5.840000000000002,5.84,5.84,0,0,0,0,1,0,1,0,0,2.0,0,1.0,0,0,1.0,0,0,1,0,2.0
20180621,5310,000415XSHE20180621,20200210033915,1,0,5.84,0.0,000415.XSHE,5.84,1500,5.84,5.84,,,0.0,5.84,,5.840000000000002,5.840000000000013,5.840000030524353,5.840003494857425,5.84,5.8400000782869474,5.84008166653767,5.841449024749642,5.840017611445117,5.842689229057125,5.858292587850374,5.840000000098296,5.840002149211588,5.840681090890031,5.863381353556508,6.015200000000001,6.015200000101245,6.015202213687935,6.015901523616733,6.039282794163205,5.6648000000000005,5.664800000095347,5.664802084735238,5.6654606581633296,5.687479912949812,5.84,0.0,1.5208534583906257e-14,-66.66666666666667,1.2776239270519802e-15,4.0938520270827727e-14,-7.804416876049951e-14,,,,0.0,0.0,,-3.6461615278862014e-05,2.3326952184636568e-05,5.840024800989128,5.840000002849942,5.84,5.840000000000002,5.840000000000002,5.840000000000002,5.84,5.839999999999997,0.0,0.0,0.0,0.0,5.840000000000002,5.8400000000000025,5.839999999999999,,42893124,0.0,0.0,,,,0.0,5.84,1.9164358905779704e-15,6.076896844271558e-14,5.840000000000002,5.840000000000002,5.84,5.84,0,0,0,0,1,0,1,0,1,3.0,0,1.0,0,0,1.0,0,0,1,0,2.0
20180622,5311,000415XSHE20180622,20200210033915,1,0,5.84,0.0,000415.XSHE,5.84,1500,5.84,5.84,,,0.0,5.84,,5.840000000000002,5.8400000000000105,5.840000026454438,5.840003177143114,5.84,5.8400000685010784,5.8400763977287875,5.841386023673572,5.84001625671857,5.842583769094102,5.857811203959574,5.840000000080424,5.8400019445247695,5.840647866944176,5.862804036184743,6.015200000000001,6.015200000082836,6.015202002860513,6.0158673029525005,6.038688157270285,5.6648000000000005,5.664800000078012,5.664801886189027,5.66542843093585,5.6869199150992005,5.84,0.0,1.5208534583906257e-14,-66.66666666666667,8.517492847013201e-16,2.7576263275452253e-14,-5.259727869680055e-14,,,,0.0,0.0,,-3.376158568983266e-05,2.1600236712234744e-05,5.840022963878822,5.8400000024114895,5.84,5.840000000000002,5.840000000000002,5.840000000000002,5.84,5.839999999999997,0.0,0.0,0.0,0.0,5.840000000000002,5.8400000000000025,5.839999999999999,,42893124,0.0,0.0,,,,0.0,5.84,1.2776239270519802e-15,4.0938520270827727e-14,5.840000000000002,5.840000000000002,5.84,5.84,0,0,0,0,1,0,1,0,1,3.0,0,1.0,0,0,1.0,0,0,1,0,2.0
20180625,5312,000415XSHE20180625,20200210033915,1,0,5.84,0.0,000415.XSHE,5.84,1500,5.84,5.84,,,0.0,5.84,,5.840000000000002,5.840000000000009,5.840000022927182,5.840002888311921,5.84,5.8400000599384425,5.8400714688430595,5.841325761774721,5.8400150062017575,5.842482444815902,5.8573424880659015,5.8400000000658014,5.840001759331933,5.840616263678608,5.862240973562898,6.015200000000001,6.015200000067773,6.015201812111893,6.015834751588964,6.038108202769783,5.6648000000000005,5.664800000063827,5.664801706551976,5.6653977757682465,5.6863737443560085,5.84,0.0,1.5208534583906257e-14,-66.66666666666667,5.678328564675469e-16,1.8573453135790682e-14,-3.544340770217873e-14,,,,0.0,0.0,,-3.126143060597419e-05,2.0001240670867825e-05,5.840021262850763,5.840000002040492,5.84,5.840000000000002,5.840000000000002,5.840000000000002,5.84,5.839999999999997,0.0,0.0,0.0,0.0,5.840000000000002,5.8400000000000025,5.839999999999999,,42893124,0.0,0.0,,,,0.0,5.84,8.517492847013201e-16,2.7576263275452253e-14,5.840000000000002,5.840000000000002,5.84,5.84,0,0,0,0,1,0,1,0,1,3.0,0,1.0,0,0,1.0,0,0,1,0,2.0
20180626,5313,000415XSHE20180626,20200210033915,1,0,5.84,0.0,000415.XSHE,5.84,1500,5.84,5.84,,,0.0,5.84,,5.840000000000002,5.840000000000006,5.840000019870223,5.8400026257381095,5.84,5.840000052446138,5.840066857949959,5.841268119958428,5.840013851878546,5.842385094038807,5.856886106801009,5.840000000053838,5.840001591776511,5.840586202035746,5.861691813721838,6.015200000000001,6.015200000055453,6.015201639529807,6.015803788096822,6.037542568133492,5.6648000000000005,5.664800000052224,5.664801544023216,5.665368615974676,5.685841059310183,5.84,0.0,1.5208534583906257e-14,-66.66666666666667,3.785552376450312e-16,1.2508487169742134e-14,-2.388130862654917e-14,,,,0.0,0.0,,-2.894636412700428e-05,1.8520531831759247e-05,5.840019687824781,5.84000000172657,5.84,5.840000000000002,5.840000000000002,5.840000000000002,5.84,5.839999999999997,0.0,0.0,0.0,0.0,5.840000000000002,5.8400000000000025,5.839999999999999,,42893124,0.0,0.0,,,,0.0,5.84,5.678328564675469e-16,1.8573453135790682e-14,5.840000000000002,5.840000000000002,5.84,5.84,0,0,0,0,1,0,1,0,1,3.0,0,1.0,0,0,1.0,0,0,1,0,2.0
20180627,5314,000415XSHE20180627,20200210033915,1,0,5.84,0.0,000415.XSHE,5.84,1500,5.84,5.84,,,0.0,5.84,,5.840000000000002,5.840000000000003,5.840000017220858,5.8400023870346445,5.84,5.8400000458903705,5.840062544533832,5.841212984308063,5.840012786349428,5.842291560939247,5.856441735569403,5.840000000044048,5.8400014401787494,5.8405576068144915,5.861156213383027,6.015200000000001,6.01520000004537,6.015201483384111,6.015774335018928,6.036990899784517,5.6648000000000005,5.664800000042727,5.664801396973387,5.665340878610058,5.685321526981536,5.84,0.0,1.5208534583906257e-14,-66.66666666666667,2.5237015843002083e-16,8.423114832638094e-15,-1.6089119189986132e-14,,,,0.0,0.0,,-2.68026925912514e-05,1.714937228602309e-05,5.840018229467392,5.840000001460942,5.84,5.840000000000002,5.840000000000002,5.840000000000002,5.84,5.839999999999997,0.0,0.0,0.0,0.0,5.840000000000002,5.8400000000000025,5.839999999999999,,42893124,0.0,0.0,,,,0.0,5.84,3.785552376450312e-16,1.2508487169742134e-14,5.840000000000002,5.840000000000002,5.84,5.84,0,0,0,0,1,0,1,0,1,3.0,0,1.0,0,0,1.0,0,0,1,0,2.0
20180628,5315,000415XSHE20180628,20200210033915,1,0,5.84,0.0,000415.XSHE,5.84,1500,5.84,5.84,,,0.0,5.84,,5.840000000000002,5.8400000000000025,5.840000014924746,5.840002170031497,5.84,5.840000040154075,5.840058509402617,5.8411602458598875,5.840011802784089,5.842201695804374,5.856009058317577,5.84000000003604,5.840001303018867,5.840530406482077,5.86063383774394,6.015200000000001,6.015200000037121,6.0152013421094335,6.015746318676541,6.036452852876258,5.6648000000000005,5.6648000000349565,5.664801263928301,5.665314494287616,5.684814822611622,5.84,0.0,1.5208534583906257e-14,-66.66666666666667,1.6824677228668049e-16,5.6714921458542904e-15,-1.0838243974848541e-14,,,,0.0,0.0,,-2.4817734131141433e-05,1.5879667680879716e-05,5.840016879136473,5.840000001236183,5.84,5.840000000000002,5.840000000000002,5.840000000000002,5.84,5.839999999999997,0.0,0.0,0.0,0.0,5.840000000000002,5.8400000000000025,5.839999999999999,,42893124,0.0,0.0,,,,0.0,5.84,2.5237015843002083e-16,8.423114832638094e-15,5.840000000000002,5.840000000000002,5.84,5.84,0,0,0,0,1,0,1,0,1,3.0,0,1.0,0,0,1.0,0,0,1,0,2.0
20180629,5316,000415XSHE20180629,20200210033915,1,0,5.84,0.0,000415.XSHE,5.84,1500,5.84,5.84,,,0.0,5.84,,5.840000000000002,5.8400000000000025,5.8400000129347776,5.840001972755905,5.84,5.840000035134814,5.8400547346024485,5.841109800387717,5.8400108948776195,5.842115354792438,5.8555877673092205,5.840000000029487,5.840001178921832,5.840504532995149,5.860124360268781,6.015200000000001,6.015200000030372,6.015201214289488,6.015719668985003,6.035928091076845,5.6648000000000005,5.6648000000286025,5.664801143554177,5.665289397005293,5.684320629460718,5.84,0.0,1.5208534583906257e-14,-66.66666666666667,1.1216451485778702e-16,3.818382935522122e-15,-7.300272326470882e-15,,,,0.0,0.0,,-2.2979744118634327e-05,1.4703920100056893e-05,5.840015628830067,5.840000001046,5.84,5.840000000000002,5.840000000000002,5.840000000000002,5.84,5.839999999999997,0.0,0.0,0.0,0.0,5.840000000000002,5.8400000000000025,5.839999999999999,,42893124,0.0,0.0,,,,0.0,5.84,1.6824677228668049e-16,5.6714921458542904e-15,5.840000000000002,5.840000000000002,5.84,5.84,0,1,0,0,1,0,1,0,1,4.0,0,1.0,0,0,1.0,0,0,1,0,2.0
20180702,5317,000415XSHE20180702,20200210033915,1,0,5.84,0.0,000415.XSHE,5.84,1500,5.84,5.84,,,0.0,5.84,,5.840000000000002,5.8400000000000025,5.840000011210141,5.84000179341446,5.84,5.840000030742963,5.840051203337776,5.841061548196946,5.840010056810111,5.842032399702539,5.855177562906347,5.840000000024125,5.840001066643563,5.840479921629533,5.859627462484366,6.015200000000001,6.01520000002485,6.015201098642869,6.015694319278418,6.035416286358898,5.6648000000000005,5.6648000000234005,5.664801034644254,5.665265523980646,5.683838638609835,5.84,0.0,1.5208534583906257e-14,-66.66666666666667,7.477634323852466e-17,2.57051407142759e-15,-4.916699113139605e-15,,,,0.0,0.0,,-2.127784607011145e-05,1.361518438818297e-05,5.840014471138951,5.840000000885075,5.84,5.840000000000002,5.840000000000002,5.840000000000002,5.84,5.839999999999997,0.0,0.0,0.0,0.0,5.840000000000002,5.8400000000000025,5.839999999999999,,42893124,0.0,0.0,,,,0.0,5.84,1.1216451485778702e-16,3.818382935522122e-15,5.840000000000002,5.840000000000002,5.84,5.84,0,0,0,0,1,0,1,0,1,3.0,0,1.0,0,0,1.0,0,0,1,0,2.0
20180703,5318,000415XSHE20180703,20200210033915,1,0,5.84,0.0,000415.XSHE,5.84,1500,5.84,5.84,,,0.0,5.84,,5.840000000000002,5.840000000000002,5.840000009715455,5.840001630376781,5.84,5.840000026900091,5.8400478998966285,5.8410153939275125,5.840009283209333,5.8419526977534195,5.854778153356179,5.840000000019739,5.8400009650584614,5.840456510818336,5.859142833781048,6.015200000000001,6.015200000020331,6.015200994010215,6.015670206142887,6.034917118794478,5.6648000000000005,5.664800000019146,5.6648009361067055,5.6652428154937855,5.683368548767617,5.84,0.0,1.5208534583906257e-14,-66.66666666666667,4.9850895492349777e-17,1.73029301278251e-15,-3.3110333390879694e-15,,,,0.0,0.0,,-1.9701967620839997e-05,1.260702759417168e-05,5.840013399202732,5.84000000074891,5.84,5.840000000000002,5.840000000000002,5.840000000000002,5.84,5.839999999999997,0.0,0.0,0.0,0.0,5.840000000000002,5.8400000000000025,5.839999999999999,,42893124,0.0,0.0,,,,0.0,5.84,7.477634323852466e-17,2.57051407142759e-15,5.840000000000002,5.840000000000002,5.84,5.84,0,0,0,0,1,0,1,0,1,3.0,0,1.0,0,0,1.0,0,0,1,0,2.0
20180704,5319,000415XSHE20180704,20200210033915,1,0,5.84,0.0,000415.XSHE,5.84,1500,5.84,5.84,,,0.0,5.84,,5.840000000000002,5.840000000000002,5.840000008420062,5.840001482160711,5.84,5.840000023537579,5.840044809580719,5.8409712463654495,5.840008569116307,5.841876121370933,5.854389254583647,5.8400000000161505,5.840000873148131,5.8404342419979285,5.858670171218552,6.015200000000001,6.015200000016633,6.0152008993425765,6.015647269257867,6.034430276355111,5.6648000000000005,5.664800000015665,5.664800846953687,5.665221214737993,5.6829100660819964,5.84,0.0,1.5208534583906257e-14,-66.66666666666667,3.3233930328233184e-17,1.1646066519644177e-15,-2.2295115129441357e-15,,,,0.0,0.0,,-1.824278119760702e-05,1.1673491385863804e-05,5.840012406669197,5.840000000633693,5.84,5.840000000000002,5.840000000000002,5.840000000000002,5.84,5.839999999999997,0.0,0.0,0.0,0.0,5.840000000000002,5.8400000000000025,5.839999999999999,,42893124,0.0,0.0,,,,0.0,5.84,4.9850895492349777e-17,1.73029301278251e-15,5.840000000000002,5.840000000000002,5.84,5.84,0,0,0,0,1,0,1,0,1,3.0,0,1.0,0,0,1.0,0,0,1,0,2.0
20180705,5320,000415XSHE20180705,20200210033915,1,0,5.84,0.0,000415.XSHE,5.84,1500,5.84,5.84,,,0.0,5.84,,5.840000000000002,5.840000000000002,5.840000007297387,5.840001347418827,5.84,5.840000020595381,5.840041918640026,5.840929018262602,5.840007909953513,5.841802547983838,5.854010589989341,5.840000000013213,5.840000789991168,5.8404130594614445,5.858209179336614,6.015200000000001,6.0152000000136105,6.015200813690902,6.015625451245287,6.033955454716714,5.6648000000000005,5.664800000012818,5.664800766291433,5.665200667677602,5.682462903956514,5.84,0.0,1.5208534583906257e-14,-66.66666666666667,2.2155953552155454e-17,7.837897524936635e-16,-1.5011116443308605e-15,,,,0.0,0.0,,-1.689164905065334e-05,1.0809057175629443e-05,5.840011487656664,5.840000000536201,5.84,5.840000000000002,5.840000000000002,5.840000000000002,5.84,5.839999999999997,0.0,0.0,0.0,0.0,5.840000000000002,5.8400000000000025,5.839999999999999,,42893124,0.0,0.0,,,,0.0,5.84,3.3233930328233184e-17,1.1646066519644177e-15,5.840000000000002,5.840000000000002,5.84,5.84,0,0,0,0,1,0,1,0,1,3.0,0,1.0,0,0,1.0,0,0,1,0,2.0
20180706,5321,000415XSHE20180706,20200210033915,1,0,5.84,0.0,000415.XSHE,5.84,1500,5.84,5.84,,,0.0,5.84,,5.840000000000002,5.840000000000002,5.840000006324402,5.840001224926207,5.84,5.840000018020959,5.840039214211638,5.8408886261642285,5.840007301495553,5.841731859827608,5.85364189025278,5.8400000000108125,5.840000714753914,5.840392910219423,5.857759569970278,6.015200000000001,6.015200000011137,6.015200736196531,6.015604697526006,6.0334923570693855,5.6648000000000005,5.664800000010487,5.664800693311295,5.6651811229128395,5.6820267828711675,5.84,0.0,1.5208534583906257e-14,-66.66666666666667,1.477063570143697e-17,5.274500468962546e-16,-1.0105881866881985e-15,,,,0.0,0.0,,-1.5640572325494085e-05,1.0008613801274023e-05,5.840010636719133,5.840000000453707,5.84,5.840000000000002,5.840000000000002,5.840000000000002,5.84,5.839999999999997,0.0,0.0,0.0,0.0,5.840000000000002,5.8400000000000025,5.839999999999999,,42893124,0.0,0.0,,,,0.0,5.84,2.2155953552155454e-17,7.837897524936635e-16,5.840000000000002,5.840000000000002,5.84,5.84,0,0,0,0,1,0,1,0,1,3.0,0,1.0,0,0,1.0,0,0,1,0,2.0
20180709,5322,000415XSHE20180709,20200210033915,1,0,5.84,0.0,000415.XSHE,5.84,1500,5.84,5.84,,,0.0,5.84,,5.840000000000002,5.840000000000002,5.840000005481149,5.8400011135692775,5.84,5.8400000157683385,5.840036684262499,5.8408499902440445,5.840006739842048,5.841663943755939,5.8532828931408645,5.840000000008844,5.840000646682112,5.840373743867255,5.8573210620697775,6.015200000000001,6.015200000009111,6.015200666082577,6.0155849561832735,6.033040693931871,5.6648000000000005,5.664800000008579,5.6648006272816485,5.665162531551237,5.6816014302076825,5.84,0.0,1.5208534583906257e-14,-66.66666666666667,9.847090467624648e-18,3.5491572808671124e-16,-6.802901847705486e-16,,,,0.0,0.0,,-1.4482143881614542e-05,9.267427551036338e-06,5.840009848814013,5.840000000383906,5.84,5.840000000000002,5.840000000000002,5.840000000000002,5.84,5.839999999999997,0.0,0.0,0.0,0.0,5.840000000000002,5.8400000000000025,5.839999999999999,,42893124,0.0,0.0,,,,0.0,5.84,1.477063570143697e-17,5.274500468962546e-16,5.840000000000002,5.840000000000002,5.84,5.84,0,0,0,0,1,0,1,0,0,2.0,0,1.0,0,0,1.0,0,0,1,0,2.0
20180710,5323,000415XSHE20180710,20200210033915,1,0,5.84,0.0,000415.XSHE,5.84,1500,5.84,5.84,,,0.0,5.84,,5.840000000000002,5.840000000000002,5.840000004750327,5.840001012335707,5.84,5.840000013797297,5.8400343175358875,5.8408130341464775,5.8400062213926605,5.841598691059628,5.852933343321368,5.840000000007238,5.84000058509334,5.840355512459098,5.856893381524844,6.015200000000001,6.015200000007455,6.01520060264614,6.015566177832871,6.032600182970589,5.6648000000000005,5.664800000007019,5.66480056754054,5.665144847085324,5.681186580079099,5.84,0.0,1.5208534583906257e-14,-66.66666666666667,6.564726978416432e-18,2.3879872771727964e-16,-4.5790327449931e-16,,,,0.0,0.0,,-1.3409504583308724e-05,8.581114386446547e-06,5.840009119272233,5.840000000324844,5.84,5.840000000000002,5.840000000000002,5.840000000000002,5.84,5.839999999999997,0.0,0.0,0.0,0.0,5.840000000000002,5.8400000000000025,5.839999999999999,,42893124,0.0,0.0,,,,0.0,5.84,9.847090467624648e-18,3.5491572808671124e-16,5.840000000000002,5.840000000000002,5.84,5.84,0,0,0,0,1,0,1,0,0,2.0,0,1.0,0,0,1.0,0,0,1,0,2.0
20180711,5324,000415XSHE20180711,20200210033915,1,0,5.84,0.0,000415.XSHE,5.84,1500,5.84,5.84,,,0.0,5.84,,5.840000000000002,5.840000000000002,5.84000000411695,5.840000920305189,5.84,5.840000012072637,5.840032103501312,5.8407776848357615,5.840005742823996,5.841535997292584,5.852592992181331,5.8400000000059205,5.8400005293701645,5.8403381703879225,5.856476260993366,6.015200000000001,6.0152000000060974,6.015200545251268,6.01554831549956,6.032170548823168,5.6648000000000005,5.664800000005743,5.664800513489059,5.665128025276284,5.680781973163565,5.84,0.0,1.5208534583906257e-14,-66.66666666666667,4.376484652277621e-18,1.606579800289456e-16,-3.081865061010584e-16,,,,0.0,0.0,,-1.2416302810545e-05,7.945614182109799e-06,5.840008443770588,5.840000000274867,5.84,5.840000000000002,5.840000000000002,5.840000000000002,5.84,5.839999999999997,0.0,0.0,0.0,0.0,5.840000000000002,5.8400000000000025,5.839999999999999,,42893124,0.0,0.0,,,,0.0,5.84,6.564726978416432e-18,2.3879872771727964e-16,5.840000000000002,5.840000000000002,5.84,5.84,0,0,0,0,1,0,1,0,0,2.0,0,1.0,0,0,1.0,0,0,0,0,2.0
20180712,5325,000415XSHE20180712,20200210033915,1,0,5.84,0.0,000415.XSHE,5.84,1500,5.84,5.84,,,0.0,5.84,,5.840000000000002,5.840000000000002,5.840000003568022,5.840000836641082,5.84,5.840000010563557,5.840030032307682,5.840743872451598,5.840005301068302,5.84147576210464,5.852261597650244,5.840000000004843,5.840000478953957,5.840321674271437,5.856069439734272,6.015200000000001,6.01520000000499,6.015200493322578,6.015531324499581,6.0317515229263,5.6648000000000005,5.664800000004697,5.66480046458534,5.665112024043295,5.6803873565422425,5.84,0.0,1.5208534583906257e-14,-66.66666666666667,2.917656434851748e-18,1.0807787216424767e-16,-2.074027750239401e-16,,,,0.0,0.0,,-1.1496656952461443e-05,7.357166864668483e-06,5.840007818306099,5.84000000023258,5.84,5.840000000000002,5.840000000000002,5.840000000000002,5.84,5.839999999999997,0.0,0.0,0.0,0.0,5.840000000000002,5.8400000000000025,5.839999999999999,,42893124,0.0,0.0,,,,0.0,5.84,4.376484652277621e-18,1.606579800289456e-16,5.840000000000002,5.840000000000002,5.84,5.84,0,0,0,0,1,0,1,0,0,2.0,0,1.0,0,0,1.0,0,0,0,0,2.0
20180713,5326,000415XSHE20180713,20200210033915,1,0,5.84,0.0,000415.XSHE,5.84,1500,5.84,5.84,,,0.0,5.84,,5.840000000000002,5.840000000000002,5.840000003092286,5.840000760582802,5.84,5.840000009243113,5.840028094739442,5.840711530171094,5.840004893293818,5.841417889080929,5.85193892402787,5.840000000003963,5.840000433339295,5.840305982843564,5.855672663444536,6.015200000000001,6.015200000004081,6.015200446339475,6.015515162328872,6.031342843347873,5.6648000000000005,5.664800000003844,5.664800420339117,5.6650968033582565,5.6800024835412,5.84,0.0,1.5208534583906257e-14,-66.66666666666667,1.945104289901165e-18,7.270028287279884e-17,-1.3956525287589418e-16,,,,0.0,0.0,,-1.0645120665506584e-05,6.812290295638865e-06,5.840007239172316,5.840000000196798,5.84,5.840000000000002,5.840000000000002,5.840000000000002,5.84,5.839999999999997,0.0,0.0,0.0,0.0,5.840000000000002,5.8400000000000025,5.839999999999999,,42893124,0.0,0.0,,,,0.0,5.84,2.917656434851748e-18,1.0807787216424767e-16,5.840000000000002,5.840000000000002,5.84,5.84,0,0,0,0,1,0,1,0,0,2.0,0,1.0,0,0,1.0,0,0,0,0,2.0
20180716,5327,000415XSHE20180716,20200210033915,1,0,5.84,0.0,000415.XSHE,5.84,1500,5.84,5.84,,,0.0,5.84,,5.840000000000002,5.840000000000002,5.840000002679982,5.840000691438911,5.84,5.840000008087723,5.840026282175607,5.840680594076699,5.840004516886602,5.841362285587559,5.85162474181661,5.840000000003243,5.840000392068887,5.8402910568511945,5.8552856841002265,6.015200000000001,6.0152000000033405,6.015200403830954,6.015499788556731,6.0309442546232335,5.6648000000000005,5.6648000000031455,5.6648003803068185,5.66508232514566,5.67962711357722,5.84,0.0,1.5208534583906257e-14,-66.66666666666667,1.2967361932674431e-18,4.8899100646288366e-17,-9.39079927127744e-17,,,,0.0,0.0,,-9.856650694127008e-06,6.307759771036608e-06,5.840006702937329,5.84000000016652,5.84,5.840000000000002,5.840000000000002,5.840000000000002,5.84,5.839999999999997,0.0,0.0,0.0,0.0,5.840000000000002,5.8400000000000025,5.839999999999999,,42893124,0.0,0.0,,,,0.0,5.84,1.945104289901165e-18,7.270028287279884e-17,5.840000000000002,5.840000000000002,5.84,5.84,0,0,0,0,1,0,1,0,0,2.0,0,1.0,0,0,1.0,0,0,0,0,2.0
20180717,5328,000415XSHE20180717,20200210004725,0,76509,5.26,40243736.0,000415.XSHE,5.26,1500,5.26,5.26,354787.8125,618452.125,-9.9315068493,5.84,2.0,5.646666666666667,5.695,5.7626666689893185,5.787273355853555,5.55,5.767500007076758,5.8026052317126675,5.8154336117255365,5.795388784818402,5.818563764584125,5.8360556696635415,5.734545454548107,5.784762259490898,5.811984176029185,5.8405872721471335,5.816066666666668,5.906581818184551,5.958305127275624,5.98634370131006,6.015804890311547,5.477266666666668,5.562509090911665,5.61121939170617,5.637624650748309,5.6653696539827205,5.84,-8.106219426974137,-9.75224761512593,-933.3333333332936,8.644907955116287e-19,3.2887564029362786e-17,-6.318165567219069e-17,100.0,0.0,0.0,-9.931506849315069,-9.931506849315069,0.0,-0.009262687830626816,-0.0740226494394615,5.7970432434604895,5.750769230910133,5.723999999999998,5.782,5.811000000000001,5.820666666666668,5.8255,5.830333333333331,0.0,0.0,0.0,0.0,5.840000000000002,6.092816138725361,5.587183861274641,-100.0,42969633,-0.6356164383561612,-0.3178082191780806,1.0,,-1.0,0.0,5.84,1.2967361932674431e-18,4.8899100646288366e-17,5.840000000000002,5.840000000000002,5.84,5.84,0,0,0,0,1,0,1,0,0,2.0,1,1.0,1,0,0.0,0,0,0,0,2.0
20180718,5329,000415XSHE20180718,20200210004725,0,1317887,4.97,628648960.0,000415.XSHE,4.73,1500,4.79,4.73,354787.8125,618452.125,-8.935361216699999,5.26,2.0,5.3611111111111125,5.46875,5.6329777797907425,5.6966121416850495,5.17,5.645312506192162,5.737275861924753,5.770849541650515,5.7180511859862175,5.778227930678865,5.808527888882921,5.5628099173575425,5.690022996682241,5.762131289393616,5.814646845674366,5.521944444444445,5.729694214878269,5.860723686582707,5.934995228075423,5.989086251044598,5.200277777777779,5.395925619836817,5.519322306781773,5.5892673507118085,5.640207440304135,5.84,-13.130214000725427,-17.519027447739095,-583.0429732868668,1.8018018018017912,0.6006006006005971,4.2042042042041805,94.59459459459462,0.0,0.0,-17.979452054794518,-17.979452054794518,0.0,-0.031307923794045525,-0.1763618877073497,5.7224474476486025,5.602958580000881,5.513999999999999,5.6770000000000005,5.7585000000000015,5.785666666666668,5.799249999999999,5.812833333333333,0.05999999999999961,0.17999999999999972,0.0,0.005010438413361155,5.811000000000001,6.322088055035531,5.299911944964472,-78.37837837837844,44287520,-1.669791551781186,-1.1527039950686735,35.450509090433805,inf,-0.7837837837837843,0.0,5.26,8.644907955116287e-19,3.2887564029362786e-17,5.811000000000001,5.782,5.723999999999998,5.26,0,0,0,0,1,0,1,0,0,2.0,1,1.0,0,0,1.0,0,0,0,0,2.0
20180719,5330,000415XSHE20180719,20200210004725,0,1084826,4.6,473964288.0,000415.XSHE,4.26,1500,4.27,4.6,354787.8125,618452.125,-9.7251585169,4.7299999976,2.0,4.997407407407407,5.1690625,5.4512474091519785,5.566920128804592,4.72,5.4733984429181435,5.642612903090898,5.705595213752668,5.606662633218046,5.71908173731891,5.768040312859687,5.327753568747081,5.554782711283932,5.689344397228074,5.77650741738611,5.1473296296296285,5.4875861758094935,5.721426192622451,5.860024729144916,5.949802639907694,4.847485185185184,5.167920961684668,5.3881392299454145,5.518664065311231,5.6032121948645255,5.84,-17.884615384615387,-26.07340720221607,-433.62648426164145,1.4121716653362106,0.8711242888458015,2.4942664183170287,99.36708860759495,0.0,0.0,-26.883561643835627,-26.883561643835627,0.0,-0.06844048275348916,-0.2970604716755491,5.614858747822778,5.397888029231515,5.199999999999998,5.5200000000000005,5.6800000000000015,5.7333333333333325,5.76,5.786666666666665,-0.3300000000000001,0.0,0.009999999999999787,0.012972967687365836,5.7585000000000015,6.582126128774457,4.934873871225543,-65.26946107784435,43202694,-2.9373233433532278,-2.303557447567207,1.207519407558051,0.7058823529411747,-0.6463414634146346,0.0,4.73,1.8018018018017912,0.6006006006005971,5.7585000000000015,5.6770000000000005,5.513999999999999,4.79,0,0,0,0,1,0,1,0,0,2.0,1,1.0,0,0,1.0,1,0,0,0,2.0
20180720,5331,000415XSHE20180720,20200210004725,0,683700,4.41,292709824.0,000415.XSHE,4.13,1500,4.32,4.21,354787.8125,618452.125,1.1709601874,4.27,2.0,4.771604938271605,4.956796875,5.300414421265047,5.453563753458719,4.52,5.329223637553374,5.557283038375355,5.645351943589508,5.5076885845089665,5.664215786835816,5.729933988837062,5.144525647156703,5.437184357828317,5.62254710955841,5.7405442712778125,4.914753086419752,5.2988614165714045,5.6002998885631685,5.791223522845165,5.9127605994161465,4.628456790123457,4.990189877742002,5.27406882709347,5.453870696271658,5.568327943139477,5.84,-11.764705882352937,-24.81203007518797,-292.65199097505797,4.645151480594519,2.1291333527620404,9.677187736259476,88.88888888888886,3.086419753086461,3.086419753086461,-26.02739726027397,-26.02739726027397,3.086419753086461,-0.11212922287552243,-0.3495099209762661,5.51894328502109,5.232059101657437,4.896,5.367999999999999,5.604000000000001,5.682666666666666,5.722,5.761333333333333,0.11000000000000032,0.08999999999999986,0.08000000000000007,0.01945444916884732,5.6800000000000015,6.689978217586894,4.670021782413107,-54.49735449735453,42518994,-3.6446753534895855,-3.290999348421406,1.8162914412635605,1.0476190476190466,-0.5168539325842698,16.666666666666664,4.6,1.4121716653362106,0.8711242888458015,5.6800000000000015,5.5200000000000005,5.199999999999998,4.27,0,0,0,0,1,0,1,0,0,2.0,1,1.0,0,0,1.0,0,0,0,0,2.0
20180723,5332,000415XSHE20180723,20200210004725,0,434961,4.28,183564112.0,000415.XSHE,4.17,1500,4.23,4.24,354787.8125,618452.125,-2.0833333333,4.32,2.0,4.591069958847737,4.775097656250002,5.157692498429708,5.342330684962473,4.375,5.191820682859204,5.471651874609203,5.583814902563876,5.409404847239046,5.6079720304893135,5.6904620417624034,4.9782482567645765,5.322214418987526,5.5546179822628785,5.703246881863544,4.728802057613169,5.127595704467513,5.481880851557152,5.7212565217307665,5.874344288319451,4.453337860082304,4.828900809061637,5.1625479864179,5.387979442794993,5.532149475407636,5.26,-7.520769567118482,-25.96352434627369,-215.05780030347015,5.046085392521112,3.1014506993483977,8.935354778866541,94.15204678362568,2.9239766081871745,2.9239766081871745,-27.56849315068493,-27.56849315068493,2.9239766081871745,-0.1588173466420683,-0.3735049901323669,5.423466004649159,5.077896162940908,4.574,5.206999999999999,5.5235,5.629,5.681749999999999,5.7345,-0.009999999999999787,0.040000000000000036,0.0600000000000005,0.022054921982086098,5.604000000000001,6.770435167508251,4.437564832491751,-51.86104218362283,42084033,-3.9167602106899126,-3.780717782089748,1.3092343817542729,0.9795918367346924,-0.4974093264248705,16.666666666666664,4.21,4.645151480594519,2.1291333527620404,5.604000000000001,5.367999999999999,4.896,4.32,0,0,0,0,1,0,1,0,0,2.0,1,0.0,0,0,1.0,1,0,0,0,1.0
20180724,5333,000415XSHE20180724,20200210004725,0,447237,4.34,191995552.0,000415.XSHE,4.24,1500,4.3,4.24,354787.8125,618452.125,1.6548463356999998,4.23,2.0,4.494046639231826,4.656323242187502,5.043333498639081,5.247573349965884,4.3375,5.080343097501802,5.396061431086029,5.5279968633219685,5.3240660128360435,5.556679009685812,5.653870935400236,4.854930391898289,5.224860664798238,5.493417105079326,5.6685988107064205,4.62886803840878,5.000578303655238,5.3816064847421865,5.658219618231706,5.838656775027612,4.3592252400548706,4.709282480141341,5.068114844854291,5.328614591926946,5.498540846385229,4.79,-1.871291647649472,-24.330412135290217,-152.63068367680683,6.677897084292827,4.293599494329873,11.446492264218731,90.05847953216373,10.000000000000009,6.741573033707872,-26.36986301369863,-26.36986301369863,6.741573033707872,-0.20345917139771585,-0.35713459804518033,5.340246300601073,4.9582198301807665,4.382,5.053,5.4465,5.5776666666666666,5.64325,5.708833333333333,0.05999999999999961,0.040000000000000036,0.0,0.02438050337743493,5.5235,6.794802875006582,4.252197124993419,-24.780316344464033,42531270,-3.704565107552324,-3.8106626591211183,1.5962851438809558,1.1836734693877529,-0.4427083333333337,33.33333333333333,4.24,5.046085392521112,3.1014506993483977,5.5235,5.206999999999999,4.574,4.23,0,0,0,0,1,0,1,0,0,2.0,1,0.0,0,0,0.0,0,0,0,0,0.0
20180725,5334,000415XSHE20180725,20200210004725,0,282105,4.33,120984968.0,000415.XSHE,4.26,1500,4.28,4.32,354787.8125,618452.125,-0.4651162791,4.3,2.0,4.422697759487883,4.562242431640626,4.941555698820538,5.159612136332623,4.30875,4.980300210314079,5.3240574677901575,5.473736130134057,5.243753242617887,5.506613166168722,5.617716437100228,4.7503975933713285,5.1348739348174535,5.434226026782771,5.634312420318607,4.55537869227252,4.892909521172468,5.2889201528619765,5.597252807586257,5.803341792928165,4.290016826703246,4.607885665570189,4.98082771677293,5.271199245979289,5.465283047709049,4.27,0.0,-24.266553420391435,-118.78497202238192,7.375907997715693,5.321035662125146,11.485652668896785,91.22807017543856,16.000000000000018,6.666666666666673,-18.63117870722433,-26.712328767123278,6.666666666666673,-0.2443335810678372,-0.3269952773609706,5.261709537593587,4.853878317845265,4.28,4.897,5.3685,5.525666666666666,5.60425,5.682833333333333,-0.040000000000000036,0.009999999999999787,0.020000000000000462,0.02601601739612653,5.4465,6.80040213826554,4.092597861734461,-2.96495956873323,42249165,-3.2618120812300955,-3.4831885943912098,1.3515654867696676,1.0727272727272694,-0.4183673469387757,33.33333333333333,4.24,6.677897084292827,4.293599494329873,5.4465,5.053,4.382,4.3,0,0,0,0,1,0,1,0,0,2.0,1,0.0,0,0,0.0,1,0,0,0,0.0
20180726,5335,000415XSHE20180726,20200210004725,0,381548,4.37,164826864.0,000415.XSHE,4.27,1500,4.33,4.29,354787.8125,618452.125,1.1682242991,4.28,2.0,4.391798506325255,4.50418182373047,4.860014938977797,5.0841928512114745,4.319375,4.899012684024819,5.259924727932726,5.424008472302141,5.173464531647278,5.46047147337779,5.583829162439697,4.673961667303813,5.058219274358649,5.380361342549466,5.602107175372468,4.523552461515013,4.814180517322929,5.209965852589408,5.541772182825951,5.770170390633643,4.260044551135497,4.5337428172847005,4.906472696127889,5.218950502272981,5.4340439601112935,4.32,0.8853681267474429,-22.970184302284217,-90.12689569792627,8.815907476059976,6.485992933436758,13.475736561306427,88.30409356725146,60.71428571428583,9.189189189189188,-9.603340292275574,-25.85616438356164,9.189189189189188,-0.2793493374000657,-0.2801260506578279,5.192694016290358,4.773281653561378,4.292,4.746,5.292999999999999,5.4753333333333325,5.5665,5.6576666666666675,0.040000000000000036,0.040000000000000036,0.020000000000000462,0.028325486218297436,5.3685,6.776151945617238,3.9608480543827613,71.4285714285714,42630713,-2.6525040407103133,-2.9571580609702046,1.5589120214069911,1.1754385964912242,-0.3705583756345179,50.0,4.32,7.375907997715693,5.321035662125146,5.3685,4.897,4.28,4.28,0,0,0,0,1,0,1,0,0,2.0,1,0.0,0,0,0.0,0,0,0,0,0.0
20180727,5336,000415XSHE20180727,20200210004725,0,261168,4.33,111715472.0,000415.XSHE,4.25,1500,4.26,4.31,354787.8125,618452.125,-1.6166281755,4.33,2.0,4.347865670883503,4.443136367797852,4.780012947114091,5.0092662283740665,4.2896874999999985,4.819136098521716,5.195413455162874,5.3733994082890035,5.103198029212873,5.413394160696309,5.548991552901808,4.598695909612212,4.9821983910863965,5.325709569742175,5.56896872659784,4.478301641010009,4.7366567869005785,5.131664342818987,5.4854808568344415,5.736037788395776,4.2174297007569965,4.4607350323238455,4.832732439353804,5.165938282649909,5.401899664799903,4.23,-0.4672897196261583,-23.787033061399768,-75.26367706199242,9.712079910293669,7.561355259055729,14.013529212769553,92.39766081871346,39.99999999999988,8.854166666666663,-0.234192037470721,-27.054794520547947,8.854166666666663,-0.3093375349836636,-0.2399055806687831,5.123605570639222,4.694315245321166,4.2799999999999985,4.587999999999999,5.2139999999999995,5.422666666666666,5.526999999999999,5.631333333333332,-0.049999999999999815,0.020000000000000462,0.009999999999999787,0.030203420490597908,5.292999999999999,6.7456169488203015,3.8403830511797,91.66666666666616,42369545,-2.1425832252825923,-2.3975436329964532,1.3651580950876223,1.0952380952380931,-0.35609756097560985,50.0,4.29,8.815907476059976,6.485992933436758,5.292999999999999,4.746,4.292,4.33,0,0,0,0,1,0,1,0,0,2.0,1,0.0,0,0,0.0,1,0,0,0,0.0
20180730,5337,000415XSHE20180730,20200210004725,0,194109,4.28,82274088.0,000415.XSHE,4.2,1500,4.21,4.24,354787.8125,618452.125,-1.1737089202,4.26,2.0,4.301910447255668,4.384852275848389,4.7040112208322125,4.936605662158243,4.24984375,4.742994086206501,5.1318383935394625,5.322816825319917,5.034490488504191,5.3662022328258665,5.513754933088603,4.528023926046355,4.908655687173407,5.271284712681581,5.535413943225054,4.430967760673338,4.663864643827746,5.055915357788608,5.429423254062028,5.701476361521807,4.1728531338379975,4.3921832082649646,4.761396016558203,5.113146171301134,5.369351524928302,4.3,-1.543498596819474,-24.23969767860357,-63.393891172700215,9.64932311479896,8.257344544303471,12.433280255789931,95.32163742690058,46.15384615384605,8.62944162436548,-2.5462962962963034,-27.910958904109588,8.62944162436548,-0.334695203256082,-0.20286134617934728,5.055931083925204,4.619805207579448,4.276000000000002,4.425,5.1324999999999985,5.368333333333334,5.48625,5.604166666666665,-0.03000000000000025,0.040000000000000036,0.009999999999999787,0.032103658020289125,5.2139999999999995,6.699515062192235,3.7284849378077656,126.315789473683,42175436,-1.7687580020901084,-1.9556706136863504,1.249715575361148,1.0895522388059682,-0.3364928909952606,33.33333333333333,4.31,9.712079910293669,7.561355259055729,5.2139999999999995,4.587999999999999,4.2799999999999985,4.26,0,0,0,0,1,0,1,0,0,2.0,1,0.0,0,0,0.0,1,0,0,0,0.0
20180731,5338,000415XSHE20180731,20200210004725,0,127925,4.25,54118908.0,000415.XSHE,4.2,1500,4.24,4.22,354787.8125,618452.125,0.7125890736,4.21,2.0,4.281273631503779,4.3486392068862925,4.642143058054584,4.873277874689311,4.244921875,4.680119825430689,5.074300432665948,5.275737832914703,4.9733758355423285,5.322037439381714,5.480235066428376,4.475655939492472,4.844974193156891,5.220978141331259,5.503428413762706,4.4097118404488915,4.609925617677247,4.990323418951598,5.377607485571197,5.668531266175588,4.152835422558665,4.341386261307698,4.699624967362183,5.064348797091323,5.3383255613498255,4.28,-0.5628517823639779,-23.25791855203621,-48.751141609900344,14.234300516248979,10.24966320161864,22.203575145509657,93.56725146198828,36.36363636363644,10.000000000000009,0.2364066193853377,-27.39726027397259,10.000000000000009,-0.3545797840433812,-0.1590766462983939,4.9954917443751885,4.56137363718261,4.263999999999999,4.323,5.052499999999998,5.315,5.44625,5.5775,0.020000000000000462,0.009999999999999787,0.01999999999999957,0.03328290330330798,5.1324999999999985,6.629281547187163,3.6357184528128363,67.03296703296735,42047511,-1.4031709380989696,-1.585964470094539,1.305446032072077,1.101449275362318,-0.3160377358490565,50.0,4.24,9.64932311479896,8.257344544303471,5.1324999999999985,4.425,4.276000000000002,4.21,0,0,0,0,1,0,1,0,0,2.0,1,0.0,0,0,0.0,0,0,0,0,0.0
20180801,5339,000415XSHE20180801,20200210004725,0,207506,4.26,87358696.0,000415.XSHE,4.14,1500,4.14,4.24,354787.8125,618452.125,-2.358490566,4.24,2.0,4.234182421002519,4.296479405164718,4.5751906503139725,4.806616249717557,4.1924609375,4.612604847251854,5.014022985397177,5.226357927135803,4.909270002039073,5.275683029994196,5.444965722575,4.4146275868574785,4.777833793808616,5.168247500290709,5.469763514657455,4.361207893632594,4.5470664144632025,4.921168807622874,5.323294925299432,5.633856420097178,4.107156948372444,4.282188759251754,4.634498779994357,5.013200075281988,5.3056706092177315,4.33,-2.266288951841362,-24.603897286468797,-40.18633888982439,10.680009867975484,10.393112090404252,11.253805423117935,99.41520467836258,26.666666666666625,13.157894736842113,-3.720930232558143,-29.10958904109589,9.523809523809529,-0.37077883958724106,-0.1295924443508787,4.932121985532581,4.496546923769902,4.236000000000001,4.258000000000001,4.9674999999999985,5.258333333333334,5.4037500000000005,5.549166666666666,-0.10000000000000052,0.01999999999999957,0.0,0.03117101561458452,5.052499999999998,6.553817754507684,3.551182245492313,50.877192982456286,42255017,-1.2228444166219028,-1.3130076773604362,1.1972177002987898,0.9873417721518968,-0.2927927927927929,33.33333333333333,4.22,14.234300516248979,10.24966320161864,5.052499999999998,4.323,4.263999999999999,4.24,0,0,0,0,0,0,1,0,0,1.0,1,0.0,0,0,0.0,1,0,0,0,0.0
20180802,5340,000415XSHE20180802,20200210004725,0,507290,4.13,195274992.0,000415.XSHE,3.73,1500,3.81,4.12,354787.8125,618452.125,-7.971014492799999,4.14,2.0,4.092788280668346,4.174859553873539,4.4731652302721105,4.716014772470506,4.00123046875,4.5122792413453725,4.936344083113489,5.1647771476951165,4.824710771112991,5.21820526411207,5.4019403088230264,4.304695298337935,4.685659146779224,5.101991524666774,5.4287816994807265,4.215571929088396,4.4338361572880745,4.826228921182602,5.255051270406777,5.5916451504651485,3.970004632248296,4.175554439387798,4.545089372375847,4.948931778926771,5.2659182484963045,4.26,-7.792836398838325,-30.09687362395423,-51.401642573567244,11.28667324531699,10.690965808708498,12.478088118533973,96.2085308056872,5.1724137931034875,14.492753623188415,-10.981308411214957,-27.566539923954373,8.230452674897126,-0.3882385753384129,-0.1396778860093748,4.8490018384560925,4.390924320112993,4.132,4.2120000000000015,4.8660000000000005,5.190666666666667,5.353,5.5153333333333325,-0.31000000000000005,0.009999999999999787,0.08000000000000007,0.033707174004621816,4.9674999999999985,6.493427914417977,3.4415720855820213,3.1802120141342707,42762307,-1.556872776921833,-1.3898585967718675,0.9954010225557838,0.6694915254237275,-0.25095057034220536,33.33333333333333,4.24,10.680009867975484,10.393112090404252,4.9674999999999985,4.258000000000001,4.236000000000001,4.14,0,0,0,0,0,0,1,0,0,1.0,1,0.0,0,0,0.0,1,0,0,0,0.0
20180803,5341,000415XSHE20180803,20200210004725,0,216263,3.83,81434992.0,000415.XSHE,3.7,1500,3.72,3.8,354787.8125,618452.125,-2.3622047244,3.81,2.0,3.9685255204455636,4.061144665405154,4.372743199569162,4.625467974973186,3.860615234375,4.4132443361772005,4.8578702712997135,5.101960749969242,4.739733019488916,5.159452116499832,5.357678721748735,4.198387062276494,4.593691608990726,5.0345773039513215,5.386589558752808,4.087581286058931,4.324338674144788,4.731502357260449,5.1856146230698625,5.5481872455153916,3.8494697548321968,4.072435450408197,4.455880860721004,4.883539984832781,5.224991871990223,4.21,-7.5546719681908305,-31.21301775147932,-47.974701739255416,8.519473705833219,9.967135107750073,5.6241509019995135,98.71794871794873,5.000000000000041,21.05263157894739,-14.08775981524249,-22.338204592901874,7.936507936507943,-0.406124236011284,-0.14308528538296894,4.765372072644531,4.287705193941763,4.023999999999999,4.151999999999999,4.76,5.12,5.3,5.48,-0.07999999999999963,0.03000000000000025,0.020000000000000014,0.030720316179054317,4.8660000000000005,6.401070030975785,3.330929969024214,-2.8037383177570057,42546044,-1.939061701799556,-1.7479672393606944,0.5145209188301464,0.6406249999999992,-0.23357664233576644,16.666666666666664,4.12,11.28667324531699,10.690965808708498,4.8660000000000005,4.2120000000000015,4.132,3.81,0,0,0,0,0,0,1,0,0,1.0,0,1.0,0,0,1.0,1,0,0,0,2.0
20180806,5342,000415XSHE20180806,20200210004725,0,265100,3.77,97089304.0,000415.XSHE,3.58,1500,3.62,3.72,354787.8125,618452.125,-2.6881720430000002,3.72,2.0,3.852350346963709,3.950858499053865,4.272377439626607,4.53406179543017,3.7403076171875,4.31408879415505,4.778007673151345,5.0375276738836225,4.65359971029746,5.099081445264544,5.311950334334296,4.093225778226222,4.500959074801132,4.965573533026867,5.342970063474961,3.9679208573726212,4.216022551573008,4.635987847045167,5.114540739017674,5.50325916537921,3.7367798365547977,3.9704290048794353,4.365930302557098,4.8166063270360615,5.182680961570712,4.24,-7.322068612391193,-32.50801700350514,-46.15086290478964,7.3674128503023155,9.100561021934153,3.9011165070386435,97.12230215827336,4.615384615384651,14.999999999999963,-15.023474178403747,-15.222482435597179,7.6335877862595485,-0.4240090645974995,-0.14307862868972376,4.6805296968930845,4.184981317950723,3.906,4.090999999999998,4.649,5.046,5.2445,5.443,-0.10000000000000007,0.049999999999999815,0.040000000000000036,0.03336846215034592,4.76,6.287676667361258,3.2323233326387424,4.989766402809697e-14,42811144,-2.246845100515385,-2.0929534011574704,0.6925938842356899,0.6126760563380272,-0.2048611111111112,16.666666666666664,3.8,8.519473705833219,9.967135107750073,4.76,4.151999999999999,4.023999999999999,3.72,0,0,0,0,1,0,1,0,0,2.0,1,1.0,0,0,1.0,1,0,0,0,2.0
20180807,5343,000415XSHE20180807,20200210004725,0,252936,3.71,91886720.0,000415.XSHE,3.55,1500,3.69,3.64,354787.8125,618452.125,1.9337016575,3.62,2.0,3.798233564642473,3.885643874290399,4.194727114343059,4.457328904936519,3.71515380859375,4.236077694885669,4.707813629722227,4.978939514149553,4.579476655659193,5.0438233493718165,5.269267430799181,4.019912000366909,4.423724877201024,4.903350433854825,5.302155987833603,3.912180571581748,4.1405093603779175,4.556436623517055,5.05045094687047,5.461220667468612,3.6842865577031993,3.8993146403559016,4.291013130884993,4.75624992083918,5.143091308198595,4.14,-2.7924130663856768,-30.64691952035487,-41.18908338376257,10.60266547743732,9.601262507101877,12.605471418108209,86.66666666666664,10.144927536231863,22.448979591836686,-12.351543942992876,-14.58333333333334,10.037174721189592,-0.43887260783691,-0.11890834591528444,4.607157126752856,4.108830345958304,3.796,4.0299999999999985,4.5415,4.974333333333333,5.19075,5.407166666666668,0.049999999999999815,0.020000000000000014,0.0900000000000003,0.0353789241154307,4.649,6.1281250792275825,3.1698749207724184,3.896103896103906,42558208,-2.199899759472032,-2.2233724299937085,0.510721966880332,0.6225165562913897,-0.16949152542372892,33.33333333333333,3.72,7.3674128503023155,9.100561021934153,4.649,4.090999999999998,3.906,3.62,0,0,0,0,1,0,1,0,0,2.0,0,1.0,0,0,1.0,0,0,0,0,2.0
20180808,5344,000415XSHE20180808,20200210004725,0,269911,3.77,99583664.0,000415.XSHE,3.63,1500,3.64,3.68,354787.8125,618452.125,-1.3550135500999998,3.69,2.0,3.7454890430949823,3.8242329057177993,4.1207634990973165,4.3830262772150155,3.677576904296875,4.16156798302496,4.638922427804663,4.920724752664789,4.5072092206084875,4.988771453318019,5.22639197209394,3.950837091209289,4.349084412705689,4.841723583422882,5.261115099245119,3.8578537143878324,4.069362203945568,4.479556945086858,4.986975290925568,5.4189485522224725,3.6331243718021327,3.83231197847301,4.218611880324518,4.696471875920196,5.1032816462677655,3.81,-1.5151515151515165,-31.016184664367216,-37.177705727960465,10.914597497778738,10.039040837327496,12.665710818681227,89.5348837209302,10.937499999999988,15.624999999999995,-14.150943396226413,-13.94799054373523,9.854014598540148,-0.4508607378051758,-0.0959050397461263,4.535515858104496,4.036702600426256,3.696,3.966,4.4315000000000015,4.900999999999999,5.13575,5.370500000000002,-0.040000000000000036,0.08999999999999986,0.010000000000000231,0.03758956394289295,4.5415,5.9431886244812,3.1398113755188,13.333333333333346,42828119,-2.037103373011484,-2.1185015662417577,0.548977694998575,0.6602564102564089,-0.13953488372093031,16.666666666666664,3.64,10.60266547743732,9.601262507101877,4.5415,4.0299999999999985,3.796,3.69,0,0,0,0,1,0,1,0,0,2.0,1,1.0,0,0,1.0,1,0,1,0,3.0
20180809,5345,000415XSHE20180809,20200210004725,0,323313,3.77,120552536.0,000415.XSHE,3.69,1500,3.73,3.73,354787.8125,618452.125,2.4725274725,3.64,2.0,3.740326028729988,3.8006746792883495,4.0686616992176745,4.323660252013651,3.7037884521484368,4.10762198514684,4.580282271172106,4.868954111244581,4.447423895946295,4.939407866913391,5.187013235986204,3.9106848928076,4.290123992448004,4.787493164719328,5.223309788152647,3.8525358095918882,4.028005439591828,4.418827712221446,4.931117959660908,5.380009081797227,3.6281162478680886,3.7933643460233717,4.161420272674564,4.6438683697777465,5.066610494508066,3.72,1.3586956521739204,-28.740638850680142,-31.591986212839256,15.495576414044276,11.857886029566426,22.770957182999982,78.04878048780488,39.99999999999998,23.300970873786394,-9.903381642512072,-13.255813953488367,12.720848056537099,-0.4579546766016124,-0.05675151037149305,4.475848016763423,3.989517584976064,3.68,3.906,4.3260000000000005,4.830666666666667,5.083,5.335333333333335,0.0,0.040000000000000036,0.040000000000000036,0.0374248672386845,4.4315000000000015,5.705021103083888,3.1579788969161138,59.09090909090915,43151432,-1.6350246499352714,-1.8360640114733775,0.39070744534553065,0.6687499999999987,-0.09797297297297312,33.33333333333333,3.68,10.914597497778738,10.039040837327496,4.4315000000000015,3.966,3.696,3.64,0,0,0,0,0,0,1,0,0,1.0,0,1.0,0,0,1.0,0,0,1,0,2.0
20180810,5346,000415XSHE20180810,20200210004725,0,240744,3.73,89039688.0,000415.XSHE,3.66,1500,3.71,3.71,354787.8125,618452.125,-0.5361930295,3.73,2.0,3.730217352486658,3.778006009466262,4.020840139321987,4.267872956376047,3.7068942260742186,4.0579192370034844,4.524135027870678,4.818564802060035,4.390698980873503,4.891195793701102,5.148144466618146,3.8741967304789457,4.234874088405337,4.734932522537896,5.185944114371099,3.8421238730612575,3.9904226323933134,4.361920311057498,4.876980498214034,5.341522437802234,3.6183108319120585,3.7579708285645763,4.107827865753177,4.59288454686176,5.030365790939968,3.62,0.870038064165308,-28.541161061674185,-34.17934690542388,17.842121365231407,13.852631141454749,25.82110181278471,80.48780487804878,48.48484848484845,18.999999999999996,-2.624671916010501,-13.3177570093458,12.63157894736842,-0.460884472170305,-0.023438364549541516,4.419118534040207,3.9465148795951315,3.678,3.8510000000000004,4.2195,4.759666666666666,5.02975,5.299833333333334,0.0,0.020000000000000014,0.049999999999999815,0.03743372541921422,4.3260000000000005,5.418675157583443,3.2333248424165584,88.23529411764717,42910688,-1.24609093836938,-1.4405577941523258,0.4740170252414988,0.6606060606060595,-0.09570957095709584,33.33333333333333,3.73,15.495576414044276,11.857886029566426,4.3260000000000005,3.906,3.68,3.73,0,0,0,0,0,0,1,0,0,1.0,1,1.0,0,0,1.0,0,0,1,0,2.0
20180813,5347,000415XSHE20180813,20200210004725,0,229183,3.67,83100824.0,000415.XSHE,3.59,1500,3.65,3.66,354787.8125,618452.125,-1.6172506738999999,3.71,2.0,3.7034782349911057,3.746004507099697,3.9713947874123874,4.211702687614587,3.678447113037109,4.006929332378049,4.467739219620957,4.7677576367530765,4.333722136190927,4.842521448850079,5.108719612233458,3.833433688573683,4.179171794271495,4.682008984853122,5.148019568337245,3.8145825820408388,3.948436699230893,4.30454694809964,4.822469254398716,5.3024601553873625,3.592373887941372,3.718430677916472,4.05379664044335,4.5415487153075285,4.993578981287127,3.69,-0.9229098805645986,-29.09867909867911,-39.495514350807106,16.589583257572116,14.76494851349387,20.238852745728593,87.80487804878048,55.172413793103416,19.19191919191919,-1.8817204301075343,-15.704387990762127,12.371134020618555,-0.460957494729585,-0.0005841804742396928,4.3621467907779685,3.900897205811265,3.684,3.795,4.11,4.6866666666666665,4.975,5.263333333333334,-0.010000000000000231,0.009999999999999787,0.06000000000000005,0.037725268711440815,4.2195,5.0475338157346,3.3914661842654015,82.75862068965495,42681505,-1.0162722216826292,-1.1311815800260046,0.2725071154506665,0.6395348837209289,-0.1047619047619049,33.33333333333333,3.71,17.842121365231407,13.852631141454749,4.2195,3.8510000000000004,3.678,3.71,0,0,0,0,0,0,1,0,0,1.0,1,1.0,0,0,1.0,1,0,1,0,3.0
20180814,5348,000415XSHE20180814,20200210004725,0,222261,3.72,81577448.0,000415.XSHE,3.64,1500,3.67,3.66,354787.8125,618452.125,0.5479452054999999,3.65,2.0,3.6923188233274034,3.727003380324773,3.9312088157574014,4.162456988740534,3.6742235565185535,3.9648131658307926,4.416272173193798,4.720029043850769,4.282666587253162,4.796540215561841,5.070858569806262,3.803718472469377,4.1306792424361145,4.6326426929090685,5.111525258007932,3.8030883880272257,3.9178300266434585,4.254599619709198,4.77162197369634,5.264871015748168,3.581549258627581,3.6896069182952953,4.0067588651630315,4.493663412121795,4.9581795002676925,3.64,-0.2717391304347768,-28.10406300199822,-31.619075019779878,17.956273895852675,15.828723640946805,22.211374405664415,85.36585365853655,45.83333333333333,21.875,1.3812154696132548,-13.849765258215962,12.969283276450513,-0.4578664156565423,0.024728632584342103,4.310876658127748,3.865374558763378,3.68,3.738,4.0305,4.614333333333334,4.92075,5.227166666666666,0.009999999999999787,0.05000000000000026,0.020000000000000014,0.038725859940683546,4.11,4.7692260613780375,3.4507739386219627,133.76623376623397,42459244,-0.8047939946362865,-0.910533108159458,0.40764224583279707,0.6666666666666654,-0.08227848101265829,50.0,3.66,16.589583257572116,14.76494851349387,4.11,3.795,3.684,3.65,0,0,0,0,0,0,1,0,0,1.0,0,1.0,0,0,1.0,0,0,0,0,2.0
20180815,5349,000415XSHE20180815,20200210004725,0,149590,3.67,54275960.0,000415.XSHE,3.6,1500,3.6,3.67,354787.8125,618452.125,-1.9073569482,3.67,2.0,3.6615458822182685,3.6952525352435788,3.887047640323082,4.1113245352186665,3.6371117782592775,3.9192115201019435,4.363609452342585,4.671332128900733,4.230153772849073,4.7496170698535325,5.032151765337676,3.7666787502022174,4.080138362204104,4.58226987862082,5.074203646699093,3.7713922586848168,3.8796791127082835,4.2025425130702265,4.719737974979443,5.2264297561000665,3.5516995057517207,3.653678387696151,3.9577342113379808,4.444801782262196,4.92197753729812,3.73,-1.96078431372548,-28.850942725008906,-34.79707771104704,17.92323021628276,16.526892499392122,20.715905650064038,93.58974358974356,42.3076923076923,17.999999999999982,-2.439024390243899,-14.489311163895485,12.666666666666664,-0.4530274173906442,0.03871198612718507,4.258219127896064,3.824547703569012,3.672,3.6839999999999997,3.9709999999999988,4.539666666666665,4.86475,5.1898333333333335,-0.06999999999999984,0.0,0.0,0.037771753660490286,4.0305,4.615406830187509,3.4455931698124904,60.00000000000008,42309654,-0.7394760952788225,-0.7721350449575546,0.4161748840961948,0.6408839779005513,-0.08049535603715176,33.33333333333333,3.66,17.956273895852675,15.828723640946805,4.0305,3.738,3.68,3.67,0,0,0,0,0,0,1,0,0,1.0,1,1.0,0,0,1.0,1,0,0,0,2.0
20180816,5350,000415XSHE20180816,20200210004725,0,145224,3.6,51802028.0,000415.XSHE,3.53,1500,3.56,3.57,354787.8125,618452.125,-1.1111111111,3.6,2.0,3.6276972548121793,3.661439401432685,3.8434412882800038,4.061204122926061,3.5985558891296385,3.8743100800892014,4.311763681223709,4.62301334068766,4.178603482629914,4.702965420055356,4.993410929407737,3.7291007956199964,4.030601375327523,4.5324030552734635,5.036815902336152,3.7365281724565444,3.8409738194885965,4.151519416587348,4.668375146931667,5.187920379406237,3.5188663371678137,3.6172277717513968,3.909683334067697,4.396430963615258,4.8857114252660665,3.71,-2.1440351841671093,-29.00163535559013,-38.939540355447285,16.115486810855206,16.389757269879816,15.566945892805991,95.99999999999996,9.523809523809533,19.148936170212753,-2.1978021978022,-16.037735849056606,12.499999999999998,-0.44695216103856905,0.048602050816600295,4.206499192496357,3.783848056866087,3.638,3.659,3.9355,4.4636666666666684,4.80775,5.151833333333333,-0.009999999999999787,0.03000000000000025,0.03000000000000025,0.02923935813127977,3.9709999999999988,4.56512035817669,3.376879641823308,7.246376811594173,42164430,-0.7521567969507126,-0.7458164461147676,0.3332718629124524,0.6432432432432422,-0.07878787878787884,33.33333333333333,3.67,17.92323021628276,16.526892499392122,3.9709999999999988,3.6839999999999997,3.672,3.6,0,0,0,0,0,0,1,0,0,1.0,1,1.0,0,0,1.0,1,0,0,0,2.0
20180817,5351,000415XSHE20180817,20200210004725,0,200903,3.59,70468888.0,000415.XSHE,3.38,1500,3.42,3.59,354787.8125,618452.125,-3.9325842697000004,3.56,2.0,3.5584648365414524,3.601079551074513,3.78698244984267,4.0029128390236925,3.5092779445648192,3.8175213200780505,4.254230540499599,4.5707084128316735,4.120249368581459,4.65265305064142,4.9520053786338485,3.672900650961815,3.972448863391568,4.478139491601587,4.996894522031556,3.665218781637696,3.783087670490669,4.0916223292933145,4.612483676349634,5.146801357692503,3.4517108914452086,3.5627136314329606,3.8532753974898215,4.343795306853539,4.846987686370608,3.65,-4.469273743016752,-31.128921825284962,-49.24110660185232,14.162461292706892,15.647325277488846,11.192733323142988,95.45454545454544,6.060606060606066,23.999999999999982,-8.310991957104559,-17.391304347826082,14.615384615384615,-0.44163544089472295,0.042533761150768463,4.148239993052181,3.7278714327328415,3.58,3.6289999999999996,3.8905,4.382999999999999,4.747249999999998,5.1115,-0.16999999999999993,0.0,0.040000000000000036,0.03188508535255878,3.9355,4.542508237176398,3.3284917628236013,11.475409836065511,42365333,-0.9736490515833252,-0.8629029242670189,0.33424321643086435,0.5776699029126205,-0.0660919540229886,16.666666666666664,3.57,16.115486810855206,16.389757269879816,3.9355,3.659,3.638,3.56,0,0,0,0,0,0,1,0,0,1.0,0,1.0,0,0,1.0,1,0,1,0,3.0
20180820,5352,000415XSHE20180820,20200210004725,0,182714,3.47,62734620.0,000415.XSHE,3.4,1500,3.46,3.42,354787.8125,618452.125,1.1695906433,3.42,2.0,3.5256432243609686,3.5658096633058856,3.743384789863647,3.953557126385175,3.4846389722824096,3.7728311550682943,4.202989860467366,4.522416742708557,4.069460955613655,4.605882342773128,4.912742079196117,3.6341914416960313,3.9236442097352278,4.428474150547849,4.958946509141888,3.631412521091797,3.743217184946912,4.041353536027285,4.561328375064286,5.107714904416143,3.4198739276301384,3.5251656984451496,3.805934883443171,4.295619926031415,4.810178113867631,3.67,-2.3150762281197146,-29.649058598674326,-45.0162175648703,16.279247699411435,15.857966084796374,17.121810928641562,90.90909090909088,19.354838709677434,31.42857142857141,-6.738544474393531,-9.186351706036747,19.354838709677416,-0.43542811466467,0.04965860984042414,4.097259252826094,3.686660443081636,3.5420000000000003,3.613,3.852,4.3036666666666665,4.6877499999999985,5.071833333333333,0.040000000000000036,0.010000000000000231,0.020000000000000014,0.02865958795531164,3.8905,4.504131811430927,3.2768681885690736,25.7861635220127,42182619,-1.0370884483636942,-1.0053687499735098,0.5346025272970548,0.5961538461538455,-0.05142857142857146,33.33333333333333,3.59,14.162461292706892,15.647325277488846,3.8905,3.6289999999999996,3.58,3.42,0,0,0,0,0,0,1,0,0,1.0,0,1.0,0,0,1.0,0,0,1,0,2.0
20180821,5353,000415XSHE20180821,20200210004725,0,165044,3.54,57731504.0,000415.XSHE,3.44,1500,3.52,3.46,354787.8125,618452.125,1.7341040462000001,3.46,3.0,3.5237621495739786,3.5543572474794143,3.7136001512151613,3.914142842168341,3.5023194861412046,3.7412272606847568,4.15892599850173,4.478833406069055,4.027194728258759,4.563298721487908,4.876090971848852,3.613429361387661,3.8852019040461587,4.384158338326003,4.923416965706286,3.629475014061199,3.7218322422292913,4.001757961167544,4.515683088475783,5.071119474677475,3.4180492850867594,3.5050264805460314,3.768645846924774,4.252633588176223,4.7757144567350975,3.6,0.2277904328018352,-27.74744447637424,-27.24824452705501,22.818643765419594,18.17819197833745,32.09954733958389,81.33333333333331,28.57142857142859,42.424242424242415,-3.561643835616436,-5.3763440860215095,28.0701754385965,-0.4270382783831518,0.06711869025214612,4.054499308172309,3.66102037491523,3.512,3.596,3.813,4.226333333333333,4.62975,5.0331666666666655,0.06000000000000005,0.020000000000000014,0.020000000000000014,0.02716445368578712,3.852,4.445602560641377,3.2583974393586224,28.395061728394953,42017575,-0.874390928308364,-0.9557396883360292,0.7166192318181096,0.6285714285714279,-0.028409090909090925,50.0,3.42,16.279247699411435,15.857966084796374,3.852,3.613,3.5420000000000003,3.46,0,0,0,0,0,0,1,0,0,1.0,0,1.0,0,0,1.0,0,0,1,0,2.0
20180822,5354,000415XSHE20180822,20200210004725,0,142094,3.54,49985244.0,000415.XSHE,3.49,1500,3.5,3.53,354787.8125,618452.125,-0.5681818182,3.52,4.0,3.5158414330493195,3.5407679356095607,3.6851201310531394,3.8764934928803103,3.5011597430706023,3.7110738530991623,4.116414643759684,4.436275431892139,3.9866412876234696,4.521600732409951,4.839878051537039,3.592805841135359,3.848516008422716,4.3410286632857105,4.888270867787612,3.621316676040799,3.70059001636942,3.963971488675397,4.471259523184281,5.0349189938212415,3.41036619005784,3.4850216659012982,3.7330605281700335,4.2107978033871385,4.741622741753983,3.56,0.22909507445589936,-27.46113989637306,-22.223444230592836,26.641000605517824,20.999128187397574,37.924745441758354,73.33333333333331,33.33333333333333,34.42622950819672,-4.632152588555856,-3.3149171270718263,25.59523809523807,-0.4170660778667363,0.07977760413132362,4.013425285344732,3.636248009543656,3.492,3.582,3.774,4.1483333333333325,4.57125,4.994166666666667,-0.029999999999999805,0.010000000000000231,0.009999999999999787,0.024746871268204698,3.813,4.380675963908988,3.2453240360910107,44.9275362318841,41875481,-0.6981371920790715,-0.7862640601937178,0.7787422736865399,0.6214953271028033,0.1683501683501683,33.33333333333333,3.46,22.818643765419594,18.17819197833745,3.813,3.596,3.512,3.52,0,0,0,0,0,0,1,0,0,1.0,0,1.0,0,0,1.0,1,0,1,0,3.0
20180823,5355,000415XSHE20180823,20200210004725,0,108123,3.56,38170892.0,000415.XSHE,3.5,1500,3.52,3.5,354787.8125,618452.125,0.5714285714,3.5,4.0,3.5172276220328795,3.5355759517071705,3.6631041135793874,3.8440849935275554,3.510579871535301,3.687189621461768,4.077936279646156,4.396437369635959,3.9507458039601255,4.482322272315443,4.805144418601853,3.5795684154743843,3.8172287695253138,4.300978484588845,4.854486401916314,3.622744450693866,3.686955467938616,3.931745632611073,4.43000783912651,5.000120993973803,3.4117107933718933,3.472181363010153,3.7027119064395535,4.17194913005118,4.708851809858824,3.42,1.0332950631457976,-26.338258067216355,-17.162618293263563,31.48615726642365,24.49480454707293,45.46886270512511,64.1025641025641,42.857142857142854,39.65517241379309,-2.222222222222224,-4.6070460704607035,27.95031055900619,-0.4053551750583873,0.09368722246679227,3.976875264208085,3.618363700383093,3.4840000000000004,3.5610000000000013,3.7335,4.071000000000001,4.513249999999998,4.955499999999999,0.020000000000000014,0.040000000000000036,0.0,0.024306644604787684,3.774,4.290498789930818,3.257501210069181,84.9056603773588,41767358,-0.5001897781068837,-0.5991634850929777,0.6766846367359711,0.5373831775700934,0.34836065573770475,50.0,3.53,26.641000605517824,20.999128187397574,3.774,3.582,3.492,3.5,0,0,0,0,0,0,1,0,0,1.0,0,1.0,0,0,1.0,0,0,1,0,2.0
20180824,5356,000415XSHE20180824,20200210004725,0,128067,3.57,45367816.0,000415.XSHE,3.51,1500,3.55,3.52,354787.8125,618452.125,0.8522727273,3.52,4.0,3.52815174802192,3.5391819637803783,3.648023565102136,3.817349994115959,3.5302899357676507,3.6700409187790464,4.043875874507695,4.359635744869178,3.9199192036555006,4.445760614577583,4.7721143023228585,3.5741923399335875,3.791778410522903,4.264345387779634,4.822276861128255,3.633996300462577,3.6814181101315953,3.9055317628385895,4.392275749413022,4.966945166962104,3.4223071955812623,3.4669665697355803,3.678025058207216,4.136415026146244,4.67760855529441,3.46,1.139601139601128,-24.99154834347534,-12.80548806631404,37.65743817761575,28.8823490905872,55.20761635167282,56.41025641025645,88.23529411764704,32.69230769230768,-0.2808988764045009,-2.4725274725274806,26.11464968152865,-0.39176587329676615,0.10871441409296922,3.945254874266745,3.607846208016464,3.51,3.5449999999999995,3.698,3.9946666666666655,4.456,4.917333333333334,0.029999999999999805,0.020000000000000014,0.010000000000000231,0.02410999299702792,3.7335,4.19504523071959,3.2719547692804087,248.7179487179501,41895425,-0.28050545934725635,-0.39034761872707,0.9470985119960662,0.6629834254143643,0.5677083333333331,66.66666666666666,3.5,31.48615726642365,24.49480454707293,3.7335,3.5610000000000013,3.4840000000000004,3.52,0,0,0,0,0,0,0,0,0,0.0,0,1.0,0,0,1.0,0,0,0,0,2.0
20180827,5357,000415XSHE20180827,20200210004725,0,150904,3.61,53933968.0,000415.XSHE,3.54,1500,3.59,3.57,354787.8125,618452.125,1.1267605634,3.55,4.0,3.548767832014613,3.5518864728352835,3.640287089755184,3.7966818128326905,3.5601449678838253,3.6600358039316654,4.014593560023327,4.326173321179214,3.8945408033743085,4.412201374790227,4.741006031209099,3.5770664599456623,3.772561419044532,4.2314504908147725,4.791850271964597,3.6552308669750513,3.684378453744032,3.885738261615868,4.358394005539217,4.9356057801235345,3.4423047970541747,3.4697544661472923,3.659384576473196,4.104506976090328,4.648094763805658,3.52,1.5271493212669631,-23.41823456632111,-1.317610585174195,49.242889819559906,35.669196000244774,76.3902774581902,46.153846153846175,88.23529411764704,38.888888888888886,4.970760233918127,-3.75335120643432,28.301886792452823,-0.3761805108059613,0.1246828999264391,3.9189396983951337,3.605100637552392,3.536,3.5389999999999997,3.667,3.9196666666666657,4.39975,4.879833333333333,0.020000000000000014,0.020000000000000014,0.029999999999999805,0.02386807289934409,3.698,4.096853356510887,3.2991466434891143,580.0000000000022,42046329,-0.042603635958459236,-0.1615545476528578,1.0912721321171683,0.5909090909090906,0.5642458100558654,83.33333333333334,3.52,37.65743817761575,28.8823490905872,3.698,3.5449999999999995,3.51,3.55,0,0,0,1,0,0,0,0,0,0.0,0,1.0,0,0,1.0,0,0,0,0,2.0
20180828,5358,000415XSHE20180828,20200210004725,0,118167,3.61,42352624.0,000415.XSHE,3.56,1500,3.58,3.59,354787.8125,618452.125,-0.278551532,3.59,4.0,3.5591785546764085,3.5589148546264626,3.6322488111211606,3.776983466211537,3.5700724839419133,3.6500313284402073,3.986555265828273,4.293731002867074,3.8703453569609008,4.379566026759237,4.710453240914123,3.5775998308646333,3.7542222362783857,4.1996724180921,4.7619280430272,3.6659539113167012,3.684927825790573,3.8668489033667375,4.325662590634863,4.904785884318015,3.4524031980361163,3.4702718359386937,3.6415955691900335,4.073682245549337,4.619070201736383,3.5,0.901916572717012,-22.888036875888535,2.3373787966354964,61.81410045941679,44.38416415330211,96.67397307164616,48.71794871794869,75.0000000000001,42.85714285714287,3.4682080924855523,-3.504043126684633,25.806451612903228,-0.35946321925750874,0.13373833238762034,3.893833054069568,3.6012390010058697,3.5480000000000005,3.53,3.634,3.863666666666666,4.3432499999999985,4.8421666666666665,-0.009999999999999787,0.020000000000000014,0.020000000000000014,0.023084884431775247,3.667,3.9679584688956266,3.366041531104373,346.153846153852,41928162,0.10018234419202267,0.028789354116781726,0.9715295266458984,0.5930232558139533,0.6407185628742511,66.66666666666666,3.57,49.242889819559906,35.669196000244774,3.667,3.5389999999999997,3.536,3.59,0,0,1,1,0,0,0,0,0,1.0,0,1.0,0,0,1.0,1,0,0,0,2.0
20180829,5359,000415XSHE20180829,20200210004725,0,118217,3.59,42254816.0,000415.XSHE,3.55,1500,3.56,3.57,354787.8125,618452.125,-0.5586592179,3.58,4.0,3.5594523697842724,3.5591861409698478,3.622615636305005,3.7572576965559437,3.5650362419709563,3.6387774123851813,3.959035571258708,4.261829654916332,3.8464726371946782,4.347426182572601,4.6801781556269075,3.5743998616165182,3.7357248804423486,4.168468885502242,4.7322508073968965,3.666235940877801,3.681631857465014,3.84779662685562,4.293522952067311,4.8742183316188035,3.4526687986907443,3.4671678657680225,3.6236531340290794,4.043414818937174,4.590283283174991,3.52,0.0,-22.55819012399393,0.5116959064325559,67.29635682801701,52.0215617115404,97.84594706097023,48.571428571428534,75.0000000000001,38.77551020408164,1.1363636363636374,-2.4657534246575303,26.66666666666667,-0.3424126034822841,0.1364049262017969,3.8691046796940447,3.594894539312659,3.56,3.5260000000000007,3.605,3.822666666666666,4.28625,4.804166666666666,-0.009999999999999787,0.020000000000000014,0.010000000000000231,0.022264035492948784,3.634,3.826613602842583,3.441386397157418,239.39393939394088,42046379,0.1292647354254954,0.11472353980875905,1.0948506912073392,0.5402298850574713,0.5672514619883039,50.0,3.59,61.81410045941679,44.38416415330211,3.634,3.53,3.5480000000000005,3.58,0,0,1,1,0,0,0,0,0,1.0,0,1.0,0,0,0.0,1,0,0,0,1.0
20180830,5360,000415XSHE20180830,20200210004725,0,126942,3.58,44945488.0,000415.XSHE,3.52,1500,3.54,3.57,354787.8125,618452.125,-0.5617977528,3.56,1.0,3.5529682465228483,3.5543896057273847,3.611600218131005,3.73750699686904,3.552518120985478,3.6264302358370335,3.9320010182742746,4.230445756876492,3.822897818948933,4.315762410707009,4.650173467320936,3.5681453413226056,3.7170844156383165,4.137811866697255,4.702812515856233,3.659557293918534,3.6751897015622834,3.8285969481074655,4.261946222698172,4.84389689133192,3.4463791991271626,3.4611009810829274,3.605571883169167,4.013677510696336,4.561728140380546,3.55,-0.673400673400674,-22.21489782465394,-3.8849646821393287,67.08646010756692,57.043194510215905,87.17299130226894,52.941176470588246,58.33333333333336,43.18181818181818,1.1428571428571441,-3.5422343324250662,27.210884353741488,-0.32558554872583,0.1346164380516328,3.844726555272264,3.5864492255722498,3.5639999999999996,3.5239999999999996,3.5915000000000012,3.7983333333333333,4.22875,4.765833333333333,-0.029999999999999805,0.010000000000000231,0.020000000000000014,0.021992658612354603,3.605,3.774738033451551,3.435261966548448,133.33333333333294,42173321,0.07914467607166985,0.10420470574858262,0.7340174221909689,0.5433526011560699,0.5614035087719296,50.0,3.57,67.29635682801701,52.0215617115404,3.605,3.5260000000000007,3.56,3.56,0,0,1,1,0,0,0,0,0,1.0,0,1.0,0,0,0.0,1,0,0,0,1.0
20180831,5361,000415XSHE20180831,20200210004725,0,162990,3.57,57764760.0,000415.XSHE,3.51,1500,3.55,3.55,354787.8125,618452.125,0.2824858757,3.54,2.0,3.5519788310152323,3.5532922042955386,3.603386855713537,3.720460906244581,3.5512590604927388,3.616876456357404,3.9073557912888375,4.200861158751426,3.801905679029785,4.285732512247911,4.621221533970387,3.5648461883548594,3.701171614148953,4.109138117102266,4.674348009291882,3.6585381959456895,3.6717915740055047,3.8122067625734215,4.232412260615335,4.814578449570639,3.4454194660847746,3.4579008027042137,3.5901364657244836,3.9858639735891983,4.534117569013126,3.59,-0.3928170594837327,-21.2021663855101,-2.6654642016136103,66.29293418935832,60.126441069930046,78.62592042821484,50.000000000000064,50.0,48.78048780487803,0.8522727272727216,-1.3888888888888962,26.206896551724114,-0.308879100216292,0.13365158807630395,3.8228949585854286,3.580841652407289,3.5639999999999996,3.537,3.583,3.772666666666667,4.1715,4.727666666666666,0.0,0.020000000000000014,0.040000000000000036,0.01754244858023204,3.5915000000000012,3.751387460421386,3.4316125395786155,99.9999999999997,42336311,0.04263937576598214,0.06089202591882599,0.8749306033383277,0.5028571428571434,0.5202312138728322,50.0,3.57,67.08646010756692,57.043194510215905,3.5915000000000012,3.5239999999999996,3.5639999999999996,3.54,0,0,1,1,0,0,0,0,0,1.0,0,1.0,0,0,0.0,0,0,0,0,1.0
20180903,5362,000415XSHE20180903,20200210004725,0,121880,3.55,42880516.0,000415.XSHE,3.49,1500,3.53,3.54,354787.8125,618452.125,-0.5633802817,3.55,2.0,3.5446525540101548,3.5474691532216536,3.5936019416183997,3.703146278404165,3.540629530246369,3.6060168993127286,3.883010256366977,4.171693282283973,3.780989857565955,4.256095943140149,4.592505177813272,3.558510517744885,3.684869555658576,4.0808874772436186,4.646092502889614,3.6509921306304594,3.665265833277232,3.795415642328333,4.203314101560928,4.7854752779763015,3.43831297738985,3.4517552022125386,3.5743234689888186,3.958460852926311,4.5067097278029244,3.58,-0.6193693693693886,-20.834267773043315,-9.223300970873929,55.30640057068325,58.51976090351445,48.87967990502082,48.27586206896555,12.499999999999792,68.96551724137932,-0.5633802816901414,-0.8426966292134901,27.737226277372248,-0.2927391153726344,0.12911987874926067,3.8011990357272487,3.5730198597292446,3.5520000000000005,3.544,3.5785000000000005,3.749333333333333,4.1137500000000005,4.689166666666666,-0.010000000000000231,0.009999999999999787,0.039999999999999584,0.01721904390682981,3.583,3.743533485603472,3.4224665143965285,42.10526315789455,42214431,-0.016856099565255057,0.01289163810036354,0.8973824280145719,0.5000000000000001,0.5263157894736842,33.33333333333333,3.55,66.29293418935832,60.126441069930046,3.583,3.537,3.5639999999999996,3.55,0,0,1,1,0,0,0,0,0,1.0,0,0.0,0,0,1.0,1,0,0,0,1.0
20180904,5363,000415XSHE20180904,20200210004725,0,366543,3.75,134719264.0,000415.XSHE,3.52,1500,3.7,3.54,354787.8125,618452.125,4.8158640227,3.53,3.0,3.59643503600677,3.5856018649162404,3.607788349402613,3.702860253094696,3.620314765123185,3.6177647868986376,3.8712031430529783,4.15118487870641,3.7747598685224197,4.234288259095439,4.569018199449764,3.584235878154906,3.686310550357759,4.062307600304907,4.6227321941762884,3.7043280870869735,3.6917629544995534,3.796899866868492,4.184176828314054,4.7614141600015785,3.488541984926566,3.4767088018102585,3.5757212338470263,3.94043837229576,4.484050228351,3.56,3.4675615212528124,-16.217562610389034,106.53700702323036,63.79401063686578,60.277844147964885,70.82634361466755,13.51351351351346,75.0,78.5714285714286,3.064066852367697,8.187134502923984,45.45454545454546,-0.2744208012848713,0.14654651270210514,3.793702810858564,3.5925552659247453,3.576,3.5620000000000003,3.579,3.729333333333334,4.06025,4.653499999999998,0.16000000000000014,0.049999999999999815,0.020000000000000014,0.02059435103213693,3.5785000000000005,3.740475306760013,3.4165246932399884,160.86956521739066,42580974,0.24719662480412025,0.1151702626194326,1.6688746393527043,0.6046511627906977,0.6626506024096382,33.33333333333333,3.54,55.30640057068325,58.51976090351445,3.5785000000000005,3.544,3.5520000000000005,3.53,0,0,1,1,0,0,0,0,0,1.0,0,1.0,0,0,1.0,0,0,0,0,2.0
20180905,5364,000415XSHE20180905,20200210004725,0,224715,3.76,83261872.0,000415.XSHE,3.66,1500,3.68,3.71,354787.8125,618452.125,-0.5405405405,3.7,4.0,3.6242900240045137,3.60920139868718,3.617416569482264,3.7007820482679046,3.650157382561592,3.625544188536308,3.8588674564043988,4.130698579632218,3.76747064786685,4.212551464621108,4.545622983674771,3.6016475366721963,3.6857095455617817,4.043658449070522,4.599454856048481,3.733018724724649,3.7096969627723615,3.796280831928636,4.164968202542637,4.737438501729933,3.5155613232843783,3.4935981105720297,3.575138259194929,3.922348695598405,4.4614712103670255,3.54,2.222222222222224,-15.84724445460784,219.81178801386642,65.98613054803401,62.18060628132126,73.59717908145953,21.052631578947274,75.0,71.05263157894737,2.7932960893854775,6.358381502890179,48.24561403508772,-0.2553910567255517,0.15223795647455673,3.785280380424596,3.6060083019363223,3.6,3.5800000000000005,3.5810000000000004,3.709333333333334,4.00625,4.6175000000000015,-0.029999999999999805,0.049999999999999815,0.020000000000000014,0.021883170907913325,3.579,3.744879474317952,3.4131205256820483,245.76271186440644,42356259,0.4352341290718012,0.3412153769379607,1.0714143394286082,0.6057142857142855,0.6627218934911236,33.33333333333333,3.54,63.79401063686578,60.277844147964885,3.579,3.5620000000000003,3.576,3.7,0,0,1,1,0,0,0,0,0,1.0,0,1.0,1,0,1.0,1,1,0,0,3.0
20180906,5365,000415XSHE20180906,20200210004725,0,160134,3.71,58506016.0,000415.XSHE,3.62,1500,3.63,3.67,354787.8125,618452.125,-1.3586956522,3.68,1.0,3.6261933493363423,3.6144010490153855,3.6190943602179617,3.6943473166071863,3.6400786912807965,3.6261011649692683,3.8441018140557284,4.108929076169948,3.756895982646322,4.1897063091457705,4.52152764199912,3.606802530004523,3.6804038745558976,4.023479988140251,4.575517699109012,3.7349791498164326,3.7150066059046583,3.7908159907925754,4.144184387784459,4.712783230082282,3.517407548856252,3.498598454104388,3.569991758319221,3.902775588496044,4.43825216813574,3.55,0.3316749585406305,-16.143041951580138,315.2482269503536,61.27470431597328,61.87863895953861,60.06683502884263,36.11111111111109,66.6666666666666,65.85365853658534,1.966292134831456,3.1249999999999964,50.45871559633026,-0.23712860490346474,0.14609961457669546,3.7737781300227744,3.6096993324076574,3.6180000000000003,3.591,3.5760000000000005,3.686,3.951000000000001,4.580666666666665,-0.040000000000000036,0.040000000000000036,0.009999999999999787,0.022657964296343067,3.5810000000000004,3.7341535177526137,3.4278464822473866,204.22535211267598,42196125,0.4217134483852693,0.4284737887285353,0.7636232631459597,0.6352941176470591,0.6848484848484846,33.33333333333333,3.71,65.98613054803401,62.18060628132126,3.5810000000000004,3.5800000000000005,3.6,3.68,0,0,1,1,0,0,0,0,0,1.0,0,1.0,1,0,0.0,1,1,0,0,2.0
20180907,5366,000415XSHE20180907,20200210004725,0,174955,3.71,64281292.0,000415.XSHE,3.63,1500,3.67,3.63,354787.8125,618452.125,1.1019283747,3.63,2.0,3.6407955662242286,3.6283007867615393,3.625881778855567,3.692133924188352,3.6550393456403976,3.63158851934811,3.8328694389553593,4.0898452032929935,3.750211676288913,4.1693256695714265,4.499119019841248,3.6182929790946097,3.679413029360098,4.0062370618895065,4.553159237402616,3.750019433210956,3.7268417684674486,3.789795420240901,4.1264241737461935,4.689754014524693,3.5315716992375017,3.509744189721772,3.569030638479295,3.886049950032822,4.416564460280537,3.53,0.7688083470620422,-14.360386428338082,-1249.8834498834642,63.07202509953775,62.27643433953832,64.6632066195366,28.124999999999968,69.99999999999997,67.44186046511626,3.672316384180788,4.857142857142856,49.0566037735849,-0.2191257845109927,0.1440225631397764,3.766090861132199,3.6189763581910936,3.642,3.603,3.5740000000000003,3.6663333333333337,3.89675,4.5445,0.040000000000000036,0.040000000000000036,0.0,0.023147659963534233,3.5760000000000005,3.723023807595913,3.428976192404088,250.0000000000001,42371080,0.4139834930549179,0.4178484707200936,1.0615175240397248,0.8778625954198481,0.9838709677419348,50.0,3.67,61.27470431597328,61.87863895953861,3.5760000000000005,3.591,3.6180000000000003,3.63,0,0,1,1,0,0,0,0,0,1.0,0,1.0,1,0,1.0,0,1,1,0,3.0
20180910,5367,000415XSHE20180910,20200210004725,0,121419,3.68,44384440.0,000415.XSHE,3.62,1500,3.66,3.68,354787.8125,618452.125,-0.272479564,3.67,2.0,3.6471970441494865,3.636225590071154,3.630430875008158,3.689212658353047,3.6575196728201993,3.635139954429597,3.8217165719259807,4.0711562814106905,3.7432723165743815,4.149352113901959,4.477036940371741,3.625876073804682,3.6775641694210415,3.9893474491144088,4.531105922898847,3.7566129554739702,3.7346523560188216,3.7878910945036735,4.109027872587841,4.6670391005858125,3.537781132825001,3.5170997915905406,3.56723724433841,3.8696670256409758,4.395172745211882,3.7,-0.21810250817885635,-13.715875335942295,-218.2136602451846,63.035671054012845,62.529513244363145,64.04798667331221,37.03703703703696,72.4137931034483,63.4146341463415,3.098591549295784,3.97727272727273,50.98039215686275,-0.20188954583398486,0.13788990941606316,3.7582322788261098,3.625287687700157,3.6680000000000006,3.6100000000000008,3.5745,3.648000000000001,3.84225,4.508166666666667,-0.020000000000000014,0.0,0.040000000000000036,0.02283714350159533,3.5740000000000003,3.722118196046266,3.4258818039537347,261.2903225806453,42249661,0.3654973417209948,0.3897404173879563,0.8406244728412471,0.881889763779528,1.0254237288135588,33.33333333333333,3.63,63.07202509953775,62.27643433953832,3.5740000000000003,3.603,3.642,3.67,0,0,1,1,0,0,0,0,0,1.0,0,1.0,1,0,1.0,1,1,1,0,4.0
20180911,5368,000415XSHE20180911,20200210004725,0,132335,3.66,47869240.0,000415.XSHE,3.59,1500,3.61,3.64,354787.8125,618452.125,-1.3661202186,3.66,2.0,3.634798029432991,3.6296691925533664,3.6277067583404032,3.682011507593679,3.6337598364101,3.6319974601258966,3.808057438253337,4.051106008305878,3.7330205999148136,4.128201050611685,4.454220178783012,3.622989514931103,3.6711294866190376,3.970842695499072,4.508362566777889,3.7438419703159806,3.731679200379036,3.781263371217608,4.089967976364044,4.643613443781224,3.5257540885500007,3.51429982948317,3.5609956020204665,3.8517174146340993,4.373111689774552,3.68,-1.0958904109589052,-13.99027923377491,-52.566407030156014,56.83859551749003,60.63254066873878,49.25070521499251,55.55555555555562,23.529411764705852,52.38095238095239,2.266288951841362,1.690140845070424,43.877551020408156,-0.18637491152276572,0.12411707448975262,3.747252110024176,3.622935735746286,3.65,3.613,3.5714999999999995,3.6270000000000007,3.801,4.471000000000001,-0.03000000000000025,0.020000000000000014,0.020000000000000014,0.02337955362864776,3.5745,3.717086815659793,3.431913184340206,86.04651162790667,42381996,0.21339731625626912,0.289447328988632,0.6420761899072766,0.9237288135593223,1.0450450450450444,33.33333333333333,3.68,63.035671054012845,62.529513244363145,3.5745,3.6100000000000008,3.6680000000000006,3.66,0,0,1,1,0,0,0,0,0,1.0,0,1.0,1,0,1.0,1,1,1,0,4.0
20180912,5369,000415XSHE20180912,20200210004725,0,188405,3.71,69104320.0,000415.XSHE,3.59,1500,3.69,3.6,354787.8125,618452.125,2.216066482,3.61,3.0,3.6531986862886607,3.644751894415025,3.636012523895016,3.682737734176072,3.6618799182050497,3.63924777761016,3.800440829333767,4.035405747075187,3.7297113229982894,4.111016695685737,4.4341091214466175,3.635173239489085,3.672926678369605,3.95714305181619,4.488156083647572,3.762794646877321,3.744228436673757,3.7831144787206936,4.075857343370676,4.622800766156998,3.543602725700002,3.5261180423044123,3.5627388780185165,3.8384287602617038,4.353511401138143,3.63,1.0405257393209149,-11.174233306051716,-99.69696969696994,62.583755036351384,61.28294545794297,65.1853741931682,25.92592592592591,52.17391304347822,61.22448979591834,-0.2702702702702765,2.7855153203342646,49.03846153846153,-0.17105150884283365,0.12258722143945665,3.743011212985348,3.6332533148622415,3.6519999999999997,3.6260000000000003,3.576,3.612,3.7735,4.4351666666666665,0.08999999999999986,0.020000000000000014,0.010000000000000231,0.025507990643354992,3.5714999999999995,3.7228142425550215,3.420185757444977,78.72340425531907,42570401,0.2206231304756399,0.2170102233659545,0.6731895023993947,1.027272727272728,1.1037735849056602,33.33333333333333,3.64,56.83859551749003,60.63254066873878,3.5714999999999995,3.613,3.65,3.61,0,0,1,1,0,0,0,0,0,1.0,0,1.0,1,0,1.0,0,1,1,0,3.0
20180913,5370,000415XSHE20180913,20200210004725,0,146078,3.73,53683408.0,000415.XSHE,3.64,1500,3.67,3.71,354787.8125,618452.125,-0.5420054201,3.69,4.0,3.65879912419244,3.651063920811268,3.640544187375681,3.6815797583418832,3.6659399591025252,3.6430918054088903,3.792025291957395,4.0195185406806155,3.7251181443061134,4.093721923305903,4.414000986671706,3.641505377763796,3.672647947096309,3.943136073678815,4.467954698866149,3.768563097918213,3.7507505390967104,3.782827385509199,4.0614301558891786,4.601993339832133,3.5490351504666666,3.5322602164308816,3.56246850868342,3.8248419914684506,4.333916057900163,3.67,0.2732240437158655,-10.722973630436904,-92.77108433735037,63.94472557978981,62.170205498558595,67.49376574225225,33.33333333333333,60.0,61.22448979591834,-0.2717391304347889,2.5139664804469235,51.0,-0.1565804718640972,0.11576829582989162,3.737602974986433,3.638906651037282,3.6599999999999993,3.639,3.5815,3.6073333333333335,3.7584999999999993,4.399,-0.040000000000000036,0.020000000000000014,0.029999999999999805,0.026265391465411972,3.576,3.73249600633882,3.41950399366118,121.05263157894764,42424323,0.20986035217920115,0.21524174132742047,0.6579533982314519,0.9464285714285724,1.0761904761904764,33.33333333333333,3.6,62.583755036351384,61.28294545794297,3.576,3.6260000000000003,3.6519999999999997,3.69,0,0,1,1,0,0,0,0,0,1.0,0,1.0,1,0,1.0,1,1,1,0,4.0
20180914,5371,000415XSHE20180914,20200210004725,0,129149,3.68,46911660.0,000415.XSHE,3.61,1500,3.61,3.67,354787.8125,618452.125,-1.6348773842,3.67,1.0,3.642532749461626,3.640797940608451,3.636471629058923,3.6750725075835295,3.6379699795512623,3.6389553297327786,3.7802817247343365,4.001713386737978,3.7162629024364118,4.0747524361174365,4.392843065969819,3.635777127261288,3.66668147594428,3.92688553349936,4.446770632227478,3.7518087319454754,3.744850441079127,3.776681920222608,4.044692099504341,4.580173751194303,3.533256766977778,3.5267038134434485,3.556681031665951,3.8090789674943792,4.313367513260654,3.66,-1.0416666666666616,-11.219320249864747,-17.810397553516587,55.129817053193186,59.82340935010346,45.74263245937267,55.55555555555562,36.36363636363637,56.603773584905646,-0.5509641873278243,1.404494382022467,47.115384615384606,-0.14400266325339628,0.10062246888560744,3.728150902765216,3.634459473954623,3.648,3.645000000000001,3.591,3.603666666666667,3.74075,4.361833333333334,-0.06000000000000005,0.010000000000000231,0.0,0.02651430879208671,3.5815,3.719615893364956,3.4433841066350435,70.83333333333343,42295174,0.08002274531918012,0.14494154874919066,0.6521721307851885,0.9035087719298258,0.8706896551724143,33.33333333333333,3.71,63.94472557978981,62.170205498558595,3.5815,3.639,3.6599999999999993,3.67,0,0,1,1,0,0,0,0,0,1.0,0,0.0,1,0,1.0,1,1,1,0,3.0
20180917,5372,000415XSHE20180917,20200210004725,0,151936,3.65,54823764.0,000415.XSHE,3.57,1500,3.57,3.61,354787.8125,618452.125,-1.108033241,3.61,2.0,3.6183551663077513,3.6230984554563386,3.6276087451844,3.665520461439573,3.6039849897756313,3.6303359135161815,3.7667151618482513,3.9829432394885016,3.705011909941304,4.054958222936361,4.371189301075876,3.6238176495774166,3.6574737163305384,3.909476483084757,4.4251219746416135,3.726905821296984,3.732532179064739,3.767197927820455,4.0267607775773,4.5578756338808635,3.509804511318518,3.515103120090094,3.5477495048406227,3.7921921885922143,4.292368315402366,3.61,-1.6528925619834725,-11.211699164345417,38.154004370742406,36.75321136879546,52.133343356334116,5.99294739371814,70.37037037037047,31.999999999999968,51.785714285714285,-2.724795640326978,0.8474576271186385,48.5148514851485,-0.1335808084569461,0.08337483837160152,3.716436021078904,3.624542631807758,3.63,3.6489999999999996,3.5965,3.6019999999999994,3.72425,4.324,-0.040000000000000036,0.040000000000000036,0.0,0.02705548843674912,3.591,3.715943987450377,3.466056012549623,73.73737373737363,42447110,-0.10492121355779133,-0.012449234119305591,0.6393284906877961,0.92920353982301,0.9292035398230092,16.666666666666664,3.67,55.129817053193186,59.82340935010346,3.591,3.645000000000001,3.648,3.61,0,0,1,0,0,0,0,0,0,1.0,0,1.0,1,0,1.0,1,1,1,0,4.0
20180918,5373,000415XSHE20180918,20200210004725,0,166947,3.65,60012704.0,000415.XSHE,3.53,1500,3.64,3.55,354787.8125,618452.125,1.9607843137,3.57,2.0,3.625570110871834,3.627323841592254,3.6292609124931463,3.6632004194905208,3.621992494887816,3.631543924326659,3.7585399901161063,3.968032663858567,3.700010993791973,4.0386853514486605,4.351947477363352,3.6267598951087963,3.655809552870488,3.8963312887879393,4.405736246872684,3.7343372141979887,3.7355626919620604,3.7654838394566026,4.013221227451576,4.537908334278866,3.5168030075456786,3.517957098255532,3.546135266284373,3.7794413501243014,4.2735641594665035,3.69,0.11001100110011013,-8.469120901227102,28.237791932058673,42.83547424586368,49.03405365284398,30.438315431903074,44.444444444444386,55.55555555555559,59.016393442622956,-0.5464480874316944,2.5352112676056424,53.846153846153854,-0.12363532779332866,0.07956384530893956,3.7107740935915774,3.6269206884527194,3.636,3.6430000000000002,3.6025,3.600333333333333,3.70775,4.287333333333334,0.0900000000000003,0.009999999999999787,0.020000000000000014,0.02413597551723621,3.5965,3.717640414395857,3.4753595856041426,97.93814432989694,42614057,-0.10716277349855344,-0.10604199352817237,0.7551492616486731,1.0555555555555574,1.1142857142857148,33.33333333333333,3.61,36.75321136879546,52.133343356334116,3.5965,3.6489999999999996,3.63,3.57,0,0,1,1,0,0,0,0,0,1.0,0,1.0,0,0,1.0,0,0,1,0,2.0
20180919,5374,000415XSHE20180919,20200210004725,0,220064,3.73,81328048.0,000415.XSHE,3.63,1500,3.69,3.65,354787.8125,618452.125,1.3736263736,3.64,3.0,3.647046740581223,3.6429928811941914,3.637359457494061,3.6656367449913816,3.6559962474439085,3.6388509337858266,3.7541180552699047,3.955944287169064,3.699240917346436,4.025011416097732,4.334527806906421,3.638258095998107,3.6590657859304416,3.8862663478714543,4.3880637469499035,3.7564581427986594,3.747405838878049,3.7688377595083535,4.002854338307598,4.5197056593584,3.5376353383637857,3.5291103531181625,3.5492938123525284,3.769678357435311,4.256421834541404,3.67,1.4851485148514805,-6.197569779856613,-69.57575757575884,55.22364949724246,51.09725226764347,63.47644395644042,25.92592592592591,50.0,48.97959183673468,2.2160664819944618,4.532577903682724,64.21052631578947,-0.11343027701916722,0.08164040619329144,3.709235271844053,3.636625197921532,3.636,3.644,3.612,3.6019999999999994,3.6929999999999987,4.251499999999999,0.040000000000000036,0.040000000000000036,0.020000000000000014,0.024128611313159395,3.6025,3.719734807118023,3.485265192881977,130.0,42834121,0.02578188335396707,-0.040690445072293184,1.047991773053372,1.0740740740740755,1.133333333333333,50.0,3.55,42.83547424586368,49.03405365284398,3.6025,3.6430000000000002,3.636,3.64,0,0,1,1,0,0,0,0,0,1.0,0,0.0,1,0,1.0,0,1,1,0,2.0
20180920,5375,000415XSHE20180920,20200210004725,0,284799,3.81,106818232.0,000415.XSHE,3.68,1500,3.75,3.69,354787.8125,618452.125,1.6260162602000001,3.69,4.0,3.681364493720815,3.6697446608956423,3.652378196494853,3.673306131810348,3.7029981237219536,3.6527445670625984,3.75385237428475,3.946990187726931,3.7031454621659416,4.014226654682135,4.319145496198357,3.658574805816632,3.667726187270399,3.879619208950895,4.372309086531387,3.79180542853244,3.7683320499911312,3.7777579728885113,3.996007785219422,4.503478359127329,3.5709235589091906,3.548817561642134,3.5576944016522867,3.763230632682368,4.241139813935445,3.61,2.6834611171960656,-3.6485097636176635,-120.3732830030407,63.00624252197116,55.066915685752704,78.88489619440806,18.750000000000025,64.28571428571429,56.603773584905646,1.6260162601626031,1.3513513513513469,64.94845360824742,-0.10238170284987648,0.08838859335432603,3.7122548813370866,3.6540674751643727,3.652,3.656,3.6235,3.6026666666666665,3.6785,4.216666666666666,0.06000000000000005,0.06000000000000005,0.009999999999999787,0.025115939136850857,3.612,3.7358184154316314,3.4881815845683684,185.71428571428623,43118920,0.2451151186766417,0.1354485010153044,0.9712920096906824,1.254901960784316,1.3232323232323229,50.0,3.65,55.22364949724246,51.09725226764347,3.612,3.644,3.636,3.69,0,0,1,1,0,0,0,0,0,1.0,0,0.0,1,0,1.0,0,1,0,0,2.0
20180921,5376,000415XSHE20180921,20200210004725,0,231990,3.81,87525264.0,000415.XSHE,3.72,1500,3.81,3.78,354787.8125,618452.125,1.6,3.75,4.0,3.724242995813877,3.704808495671733,3.673394436962205,3.685732847100317,3.7564990618609766,3.6724014961797735,3.75747480175025,3.9410340926083687,3.71136504199933,4.006217766263228,4.305746930508927,3.686106659304517,3.681276074197027,3.876223149977681,4.358424911555304,3.835970285688293,3.796689859083653,3.791714356422938,3.992509844477012,4.489177658901963,3.61251570593946,3.5755234595253813,3.5708377919711163,3.7599364554783503,4.227672164208643,3.57,3.1960996749729107,-1.0749337903100027,-119.02579311584441,75.33749501464743,61.82377546205095,102.36493411984041,0.0,85.71428571428571,66.66666666666666,3.8147138964577687,3.5326086956521707,64.94845360824742,-0.0901929955053908,0.09750965875588538,3.7194952604973017,3.6780570943698536,3.6919999999999997,3.67,3.6365,3.606,3.66725,4.182833333333333,0.03000000000000025,0.0,0.05999999999999961,0.025298307348998718,3.6235,3.7667864264332116,3.4802135735667887,285.1851851851871,42886930,0.4945865008060193,0.3698508097413305,1.5066387175094018,1.2307692307692335,1.4421052631578952,66.66666666666666,3.69,63.00624252197116,55.066915685752704,3.6235,3.656,3.652,3.75,0,0,1,1,0,0,0,0,0,1.0,0,0.0,1,0,0.0,0,1,0,0,1.0
20180925,5377,000415XSHE20180925,20200210004725,0,165668,3.8,62358112.0,000415.XSHE,3.74,1500,3.77,3.78,354787.8125,618452.125,-1.0498687664,3.81,4.0,3.7394953305425847,3.7211063717537987,3.6862751787005776,3.693393497363925,3.763249530930489,3.6846013091573018,3.7582828790566856,3.933597827712352,3.7158754233839977,3.996954324448984,4.291648327074482,3.701359993976423,3.689725971892549,3.871041532905599,4.343895901393444,3.8516801904588633,3.812400793795716,3.800417751049325,3.987172778892767,4.474212778435248,3.6273104706263064,3.5903191941571304,3.5790341927357723,3.754910286918431,4.213579024351642,3.64,1.018220793140402,-1.0498687664041888,-102.55558630870024,78.7964252478602,67.48132539065404,101.42662496227251,14.285714285714285,85.71428571428571,59.25925925925925,4.432132963988924,3.856749311294769,63.63636363636362,-0.07836123551187757,0.0946540799481059,3.7232363523123166,3.6922021567744916,3.7319999999999998,3.681,3.6455,3.61,3.65625,4.148333333333333,-0.009999999999999787,0.020000000000000014,0.029999999999999805,0.025250475023043145,3.6365,3.789271070559842,3.4837289294401588,300.0000000000025,42721262,0.5587445804586546,0.5266655406323371,1.496790044709037,1.4942528735632226,1.5833333333333346,66.66666666666666,3.78,75.33749501464743,61.82377546205095,3.6365,3.67,3.6919999999999997,3.81,0,0,1,1,0,0,0,0,0,1.0,0,0.0,1,1,0.0,1,1,0,0,2.0
20180926,5378,000415XSHE20180926,20200210004725,0,464134,4.07,182630528.0,000415.XSHE,3.79,1500,3.95,3.79,354787.8125,618452.125,4.774535809,3.77,4.0,3.809663553695057,3.778329778815349,3.7214384882071667,3.716721361239933,3.8566247654652432,3.7177761455126386,3.7706517255691576,3.9343109656379034,3.733885006200613,3.995112978392161,4.282657581625154,3.746567267798892,3.714513974569449,3.874893165446789,4.3341700766676805,3.9239534603059085,3.8589642858328586,3.825949393806532,3.9911399604101927,4.464195178967711,3.6953736470842053,3.634170249764925,3.603078555332365,3.7586463704833846,4.20414497436765,3.69,4.111755403268334,4.392409746815405,-239.10112359550453,78.45687609116607,71.13984229082472,93.09094369184878,22.222222222222218,89.74358974358972,70.42253521126757,10.644257703081244,7.629427792915537,68.69565217391303,-0.06432304763427632,0.1123055030208098,3.7400336595484416,3.73186336342457,3.794,3.7150000000000007,3.6639999999999997,3.619333333333333,3.649,4.116833333333333,0.16000000000000014,0.1200000000000001,0.0,0.030400024446234707,3.6455,3.844638143006306,3.4463618569936934,1366.6666666666974,43185396,0.836551727095553,0.6976481537771038,1.8383729926705528,1.8000000000000047,1.9750000000000016,83.33333333333334,3.78,78.7964252478602,67.48132539065404,3.6455,3.681,3.7319999999999998,3.77,0,0,1,1,0,0,0,0,0,1.0,0,0.0,1,1,0.0,0,1,0,0,2.0
20180927,5379,000415XSHE20180927,20200210004725,0,282271,3.96,110508232.0,000415.XSHE,3.88,1500,3.89,3.94,354787.8125,618452.125,-1.5189873418000002,3.95,4.0,3.836442369130038,3.8062473341115117,3.743913356446212,3.7324739647635754,3.873312382732622,3.73930412732356,3.778351614242115,3.9323844019145153,3.7458938518774896,3.9909909008081543,4.272324487371859,3.772645946380912,3.731226929372359,3.875630084205482,4.323202914280824,3.951535640203939,3.8858253247723393,3.8431637372535294,3.991898986731647,4.452899001709248,3.721349098056137,3.659466567989484,3.619290121491188,3.7593611816793167,4.193506826852399,3.75,1.4606155451225769,3.2981039885283607,-175.11768661735024,74.52680628299959,72.26883028821635,79.04275827256613,33.33333333333333,75.0,69.44444444444444,6.868131868131868,6.2841530054644785,64.40677966101694,-0.05044847823058128,0.1109965552295604,3.751142277359668,3.7561920767438672,3.834000000000001,3.735,3.6805,3.629,3.64275,4.0843333333333325,-0.049999999999999815,0.020000000000000014,0.010000000000000231,0.029204547195832375,3.6639999999999997,3.8799143348645484,3.4480856651354523,433.33333333333456,42903125,0.8996542637682379,0.8681029954318955,1.5448499509150448,1.6516853932584312,1.7764705882352947,66.66666666666666,3.79,78.45687609116607,71.13984229082472,3.6639999999999997,3.7150000000000007,3.794,3.95,0,0,1,1,0,0,0,0,0,1.0,0,0.0,1,1,0.0,1,1,0,0,2.0
20180928,5380,000415XSHE20180928,20200210004725,0,185608,3.97,72931888.0,000415.XSHE,3.88,1500,3.91,3.91,354787.8125,618452.125,0.5141388175,3.89,4.0,3.8609615794200267,3.8321855005836336,3.766058242253384,3.7486126952396135,3.8916561913663115,3.7606411114081135,3.78684505848456,3.931411167048666,3.758517401733068,3.9878147870509713,4.26278963244102,3.7976194106752907,3.7482529360988006,3.8773066654637516,4.313000373187471,3.976790426802627,3.91154799299555,3.8607005241817647,3.9936258654276635,4.442390384383094,3.7451327320374252,3.683690828355033,3.635805348015837,3.7609874654998383,4.183610361991846,3.81,1.1381272633212516,4.028095567498567,-153.7074969274894,73.14132764545653,72.55966274062975,74.30465745511009,29.629629629629626,72.2222222222222,66.66666666666666,5.9620596205962135,8.310249307479232,63.793103448275865,-0.036969718965641,0.10783007411952228,3.7629095160737673,3.779854834167888,3.866000000000001,3.759,3.699,3.6406666666666663,3.64525,4.0521666666666665,0.0,0.06000000000000005,0.03000000000000025,0.029054021400868033,3.6805,3.9081752072580582,3.452824792741941,328.5714285714269,42717517,0.8690582099436892,0.8843562368559635,1.7038255781036589,1.7272727272727302,1.8915662650602405,66.66666666666666,3.94,74.52680628299959,72.26883028821635,3.6805,3.735,3.834000000000001,3.89,0,0,1,1,0,0,0,0,0,1.0,0,0.0,1,1,0.0,0,1,0,0,2.0
20181008,5381,000415XSHE20181008,20200210004725,0,241708,4.01,94889200.0,000415.XSHE,3.85,1500,3.9,3.88,354787.8125,618452.125,-0.2557544757,3.91,4.0,3.873974386280017,3.8491391254377256,3.7839171432862657,3.762375177490557,3.895828095683156,3.7780609724821,3.7941453772920073,3.9300454641335074,3.7694006785228313,3.9843710699117194,4.2532425368504665,3.8162340632797833,3.762705037422725,3.8784136573923487,4.3028028331087675,3.9901936178684174,3.9307210851781766,3.8755861885454066,3.99476606711412,4.4318869181020295,3.757755154691616,3.7017470413813895,3.6498238863000423,3.7620612476705784,4.173718748115504,3.77,0.4119464469618838,3.994453629139802,-126.5655241306115,71.6003912698105,72.23990558369,70.3213626420515,31.48148148148152,64.51612903225802,67.69230769230768,3.999999999999997,5.691056910569105,63.79310344827584,-0.024520907352633483,0.09959049290406012,3.773064366734969,3.7983387058343663,3.884,3.788,3.7165,3.6566666666666663,3.64975,4.019833333333334,0.020000000000000014,0.10999999999999988,0.029999999999999805,0.031217527331686968,3.699,3.9319184406611036,3.4660815593388965,272.22222222222,42959225,0.7553009421279275,0.8121795760358084,1.7588960084966931,1.7472527472527504,1.8089887640449431,50.0,3.91,73.14132764545653,72.55966274062975,3.699,3.759,3.866000000000001,3.91,0,0,1,1,0,0,0,0,0,1.0,0,1.0,1,1,0.0,0,1,0,0,3.0
20181009,5382,000415XSHE20181009,20200210004725,0,165477,3.97,64760792.0,000415.XSHE,3.86,1500,3.91,3.89,354787.8125,618452.125,0.2564102564,3.9,4.0,3.8859829241866777,3.8643543440782944,3.8007281908480968,3.775795615900506,3.9029140478415782,3.794553350921837,3.80161986907962,3.929173922214659,3.780216010944152,3.9814545573661615,4.2442098385122975,3.833282415410732,3.776733129096751,3.879954454592722,4.293103997723366,4.002562411912279,3.9482808878730538,3.890035122969653,3.9963530882305034,4.4218971176550665,3.7694034364610767,3.7182839429484096,3.663431135223848,3.76355582095494,4.164310877791664,3.95,-0.05112474437628384,4.439339708317774,-96.95312944928493,68.94571539199488,71.1418421864583,64.55346180306805,29.629629629629626,74.99999999999996,74.99999999999997,2.624671916010501,6.539509536784746,65.2173913043478,-0.013154801982424774,0.09092884296166964,3.783207746976823,3.8155173664752327,3.912,3.822,3.7355,3.6716666666666655,3.657,3.9876666666666662,0.020000000000000014,0.06000000000000005,0.03000000000000025,0.031789930205880126,3.7165,3.9474523760432008,3.485547623956799,283.9999999999985,42793748,0.6321320036286965,0.6937164728783121,2.2728880008955645,1.7419354838709709,1.7717391304347827,50.0,3.88,71.6003912698105,72.23990558369,3.7165,3.788,3.884,3.9,0,0,1,1,0,0,0,0,0,1.0,0,0.0,1,1,0.0,0,1,0,0,2.0
20181010,5383,000415XSHE20181010,20200210004725,0,159908,3.93,61560136.0,000415.XSHE,3.81,1500,3.82,3.91,354787.8125,618452.125,-2.3017902812999997,3.91,1.0,3.863988616124452,3.8532657580587215,3.803297765401685,3.779814196273188,3.8614570239207886,3.797734182056608,3.802805683977709,3.924427229944456,3.783276317794602,3.9751230060968994,4.233046421709342,3.830867430790599,3.780853783468489,3.8770298470516127,4.2814224175326645,3.9799082746081855,3.945793453714317,3.894279396972544,3.9933407424631615,4.409865090058644,3.7480689576407182,3.7159414078668807,3.667428169964434,3.760718951640064,4.152979745006683,3.89,-1.6984045290787515,2.297680895506421,-47.16354008224888,57.929622227141856,66.73776886668614,40.31332894805325,46.296296296296326,15.789473684210586,69.23076923076921,1.3262599469495973,5.8171745152354575,61.47540983606554,-0.004469060916038425,0.06948592853109077,3.7859330990526137,3.8162070024021206,3.886,3.84,3.7415,3.681666666666666,3.66025,3.9539999999999997,-0.0900000000000003,0.020000000000000014,0.009999999999999787,0.03163458816572134,3.7355,3.9686758992691993,3.5023241007308,80.64516129032219,42633840,0.359451548629356,0.4957917761290263,2.190888437191747,1.6000000000000023,1.5742574257425737,50.0,3.89,68.94571539199488,71.1418421864583,3.7355,3.822,3.912,3.91,0,0,1,1,0,0,0,0,0,1.0,0,1.0,1,0,1.0,1,1,0,0,3.0
20181011,5384,000415XSHE20181011,20200210004725,0,271303,3.74,98555016.0,000415.XSHE,3.53,1500,3.53,3.66,354787.8125,618452.125,-7.5916230366,3.82,2.0,3.7526590774163013,3.77244931854404,3.7668580633481263,3.7571038147938065,3.695728511960394,3.7642674092995314,3.785205317269469,3.9072782199468707,3.7637935241180944,3.957667201936237,4.2145452000854124,3.7761642615559445,3.7569629469476813,3.860101561829583,4.262868777593586,3.8652388497387897,3.8894491894026233,3.8696718353561113,3.9759046086844703,4.390754840921393,3.640079305093812,3.662879333709266,3.6442540585392496,3.744298514974695,4.134982714265778,3.91,-7.446250655479817,-5.0871155087115305,140.7980456026064,38.619748151427906,57.365095294933404,1.1290538644169177,100.0,7.1428571428571885,43.67816091954021,-10.632911392405072,-1.1204481792717098,49.33333333333334,-0.002535235900163837,0.01547060012699671,3.7669750917153833,3.7721751558787178,3.8139999999999996,3.824,3.734,3.6826666666666665,3.6575,3.9155,-0.13000000000000034,0.08000000000000007,0.0,0.03487356956403391,3.7415,3.9911717845492363,3.491828215450764,22.123893805309702,42905143,-0.3533914190379153,0.003030064795720322,1.9218224319257908,1.5090909090909106,1.1732283464566926,33.33333333333333,3.91,57.929622227141856,66.73776886668614,3.7415,3.84,3.886,3.82,0,0,1,0,0,0,0,0,0,1.0,0,1.0,1,0,0.0,1,0,0,0,2.0
20181012,5385,000415XSHE20181012,20200210004725,0,179978,3.61,63612872.0,000415.XSHE,3.44,1500,3.6,3.56,354787.8125,618452.125,1.9830028329,3.53,2.0,3.7017727182775335,3.7293369889080297,3.7446103215683766,3.742821649812552,3.647864255980197,3.7437339831370906,3.773256587123052,3.893918297340485,3.751194022262856,3.9436410371544235,4.198372957977901,3.744134395818501,3.7420140948574256,3.847413680764725,4.246501647282633,3.8128258998258597,3.856458427693056,3.854274517703149,3.9628360911876674,4.373896696701112,3.590719536729208,3.6318103639439454,3.629753672011703,3.731991270341783,4.119106597864154,3.9,-4.05117270788913,-2.8235167089564097,219.69157769869537,34.21210723322707,49.647432607697965,3.3414564842853025,74.6031746031746,17.02127659574475,44.94382022471911,-7.455012853470437,-1.0989010989011,52.25806451612904,-0.003812167928974592,-0.010215456230486041,3.7546065664031327,3.745686670358915,3.752,3.8089999999999997,3.7325,3.6853333333333333,3.65425,3.8781666666666665,0.040000000000000036,0.009999999999999787,0.1200000000000001,0.03612912511958947,3.734,3.986497524740343,3.4815024752596564,12.820512820512796,42725165,-0.7740113455833113,-0.5637013823106133,1.9352294450148877,1.4083333333333343,1.172932330827068,50.0,3.66,38.619748151427906,57.365095294933404,3.734,3.824,3.8139999999999996,3.53,0,0,1,0,0,0,0,0,0,1.0,0,1.0,0,0,1.0,0,0,0,0,2.0
20181015,5386,000415XSHE20181015,20200210004725,0,201076,3.75,74162176.0,000415.XSHE,3.65,1500,3.66,3.66,354787.8125,618452.125,1.6666666666999999,3.6,3.0,3.687848478851689,3.7120027416810224,3.73332894535926,3.7352924089205017,3.6539321279900983,3.7332672352449534,3.7659497105344686,3.883747936586551,3.744179097473406,3.932517859226799,4.18420524855743,3.728837232942409,3.7342032286805287,3.8382715499957136,4.232020125127506,3.79848393321724,3.8407023499306816,3.846229325540945,3.953419696495585,4.358980728881331,3.5772130244861384,3.616972115954137,3.6221771318201132,3.723123403495842,4.105059521373682,3.91,-1.187904967602581,-0.8828467746303168,96.62205226258766,34.4482831290297,44.58104944814187,14.182750490805333,65.07936507936508,26.923076923076984,44.94382022471911,-6.3938618925831205,-0.8130081300812955,48.61111111111111,-0.0060686477246158135,-0.018051838365129767,3.7475986725954935,3.7325041056883133,3.704,3.794,3.7319999999999993,3.689,3.653,3.841833333333333,0.0,0.08999999999999986,0.010000000000000231,0.036499160832338486,3.7325,3.985529642532253,3.4794703574677457,34.59715639810435,42926241,-0.8388921223741534,-0.8064517339787324,1.6423693603308929,1.5258620689655171,1.3629032258064515,50.0,3.56,34.21210723322707,49.647432607697965,3.7325,3.8089999999999997,3.752,3.6,0,0,1,0,0,0,0,0,0,1.0,0,1.0,0,0,1.0,0,0,1,0,2.0
20181016,5387,000415XSHE20181016,20200210004725,0,174910,3.69,63240388.0,000415.XSHE,3.53,1500,3.56,3.65,354787.8125,618452.125,-2.7322404372,3.66,1.0,3.6452323192344593,3.674002056260767,3.7102184193113583,3.7193567353822745,3.606966063995049,3.711608830839335,3.7526626324354715,3.8696719393436574,3.7300114745908366,3.9179093157277087,4.167778794648024,3.698139554225607,3.7176124449966688,3.824697328044704,4.215427035618185,3.754589288811493,3.809083740852375,3.829140818346569,3.939438247886045,4.3418898466867315,3.5358753496574256,3.587195367598839,3.6060840716467686,3.709956408203362,4.088964224549638,3.82,-2.036323610346709,-3.2503532992716524,241.03254769921472,29.983065945668926,39.71505494731755,10.519087942371655,80.95238095238095,21.311475409836095,36.559139784946254,-8.717948717948714,-5.0666666666666655,46.05263157894736,-0.010402410603685044,-0.03467010303255386,3.733702474625457,3.7059650125054953,3.634,3.773000000000001,3.727,3.688,3.6507500000000013,3.803833333333333,-0.08999999999999986,0.040000000000000036,0.03000000000000025,0.0394020309184709,3.7319999999999993,3.9943051657897715,3.4696948342102267,22.088353413654545,42751331,-0.9207253757183173,-0.8798087490462354,1.1837635341293344,1.4435483870967742,1.2611940298507462,50.0,3.66,34.4482831290297,44.58104944814187,3.7319999999999993,3.794,3.704,3.66,0,0,0,0,0,0,0,0,0,0.0,0,1.0,0,0,1.0,1,0,1,0,3.0
20181017,5388,000415XSHE20181017,20200210004725,0,152125,3.65,54978308.0,000415.XSHE,3.56,1500,3.63,3.62,354787.8125,618452.125,1.9662921348,3.56,2.0,3.6401548794896392,3.663001542195575,3.6995226300698434,3.711233395802068,3.618483031997525,3.7014077269844177,3.7447489142138277,3.859251420241759,3.7223182842376947,3.906618754326622,4.153626721104654,3.685750544366405,3.7092684026160336,3.8151998974083763,4.200972047084401,3.7493595258743286,3.796323060697397,3.8205464546945147,3.9296558943306272,4.327001208496935,3.5309502331049503,3.5751780280354133,3.5979903505375535,3.700743900486125,4.07494288567187,3.53,0.9454949944382594,-1.0197960407918505,293.80250435885483,31.099821741557054,36.843310545397394,19.612844133876393,69.84126984126988,33.89830508474578,42.708333333333336,-7.1611253196931015,-4.724409448818903,50.0,-0.014670472949695387,-0.034144498768082746,3.726020809838386,3.6942780875046495,3.596,3.741000000000001,3.728,3.6896666666666658,3.64975,3.7766666666666664,0.009999999999999787,0.020000000000000014,0.06000000000000005,0.03479276216650938,3.727,3.9876606989939214,3.466339301006077,33.944954128440244,42599206,-0.8021694607840509,-0.8614474182511842,1.11973846442446,1.4480000000000002,1.3906249999999991,50.0,3.65,29.983065945668926,39.71505494731755,3.727,3.773000000000001,3.634,3.56,0,0,0,0,0,0,1,0,0,1.0,0,1.0,0,0,1.0,0,0,1,0,2.0
20181018,5389,000415XSHE20181018,20200210004725,0,161984,3.61,57616676.0,000415.XSHE,3.52,1500,3.53,3.61,354787.8125,618452.125,-2.7548209366000003,3.63,2.0,3.6034365863264264,3.6297511566466816,3.676919612727198,3.694757632547335,3.5742415159987617,3.6799817611113657,3.730894145554872,3.844936141100813,3.707524570065565,3.891849391411853,4.137215491601902,3.6574322635725136,3.692195221414507,3.8012877072908937,4.184404836045282,3.711539683916219,3.767155231479689,3.8029610780569434,3.915326338509621,4.30993698112664,3.495333488736633,3.547709295665338,3.581429364772072,3.6872490760721672,4.0588726909639234,3.6,-1.8353726362625216,-3.425257167870431,954.5201115093739,25.99637238910821,33.227664493300985,11.533788180722636,85.71428571428574,50.0,26.13636363636365,-7.591623036649215,-6.366047745358096,45.625,-0.02023562121365636,-0.04452118611168775,3.711500749850358,3.6690045355808576,3.596,3.705000000000001,3.72,3.6886666666666663,3.648000000000001,3.755666666666667,-0.08000000000000007,0.0,0.009999999999999787,0.035285781967408024,3.728,4.002299106815899,3.453700893184101,86.25954198473245,42761190,-0.8023972135309004,-0.8022833371574758,1.123055226345522,1.2121212121212122,1.1159420289855069,50.0,3.62,31.099821741557054,36.843310545397394,3.728,3.741000000000001,3.596,3.63,0,0,0,0,0,0,0,0,0,0.0,0,1.0,0,0,1.0,1,0,1,0,3.0
20181019,5390,000415XSHE20181019,20200210004725,0,151526,3.62,53890368.0,000415.XSHE,3.46,1500,3.61,3.5,354787.8125,618452.125,2.2662889518,3.53,2.0,3.605624390884284,3.6248133674850114,3.6679969976969047,3.6870523932248505,3.5921207579993815,3.671234040972445,3.723094523261009,3.8347215262703434,3.700022680060522,3.880796474101584,4.12334139971764,3.6488082156502384,3.6843671050893163,3.791956599618168,4.170222000587374,3.713793122610813,3.7582724621197454,3.794898118241996,3.905715297606712,4.295328660604995,3.4974556591577546,3.539343969180732,3.573836091936636,3.6781979016296233,4.045115340569752,3.66,0.3335186214563526,-1.1283961437335523,-1815.7575757575241,28.022738825443195,31.49268927068173,21.08283793496613,73.01587301587305,51.21951219512193,34.44444444444445,2.266288951841362,-8.607594936708868,48.50299401197604,-0.02499954918394596,-0.03811142376231683,3.7039821757873685,3.659926914722264,3.5980000000000003,3.675,3.717,3.691,3.64925,3.744666666666667,0.10999999999999988,0.010000000000000231,0.040000000000000036,0.037416124650067016,3.72,3.9977120811199978,3.442287918880002,120.1834862385318,42609664,-0.6403461799904784,-0.7213716967606894,0.8717056438839029,1.2748091603053435,1.1134751773049647,66.66666666666666,3.61,25.99637238910821,33.227664493300985,3.72,3.705000000000001,3.596,3.53,0,0,0,0,0,0,1,0,1,2.0,0,1.0,0,0,1.0,0,0,1,0,2.0
20181022,5391,000415XSHE20181022,20200210004725,0,517697,3.97,199749408.0,000415.XSHE,3.62,1500,3.89,3.62,354787.8125,618452.125,7.756232687000001,3.61,3.0,3.7004162605895226,3.6911100256137583,3.697597398003984,3.705502175658955,3.7410603789996895,3.6985797858508898,3.733862618534492,3.837124938171632,3.7146363200558654,3.8811573966858353,4.117200836567176,3.692661267350195,3.7039511903189046,3.796739204514842,4.163302938844475,3.811428748407209,3.803441105370701,3.815069726028472,3.9106413806502873,4.2882020270098105,3.5894037727718366,3.581881429329689,3.592832654609338,3.6828370283793967,4.03840385067914,3.56,6.750823271130638,6.441197395063776,717.948717948698,46.983712676081616,36.65636373914836,67.63841054994816,28.57142857142858,68.25396825396824,49.13793103448275,8.055555555555555,0.0,57.368421052631575,-0.024487339323442988,0.004097678884023785,3.7177612738771932,3.6953227739957617,3.644,3.674,3.731,3.702333333333333,3.661,3.7375,0.27,0.08000000000000007,0.0,0.04231098985341552,3.717,3.99990634492708,3.43409365507292,169.84126984126954,43127361,0.03238177405133145,-0.30398220296957346,1.6660855980620877,1.5714285714285712,1.4179104477611946,66.66666666666666,3.5,28.022738825443195,31.49268927068173,3.717,3.675,3.5980000000000003,3.61,0,0,0,1,0,0,1,0,0,1.0,0,1.0,0,0,1.0,0,0,1,0,2.0
20181023,5392,000415XSHE20181023,20200210004725,0,358615,3.95,138931104.0,000415.XSHE,3.81,1500,3.84,3.9,354787.8125,618452.125,-1.2853470437,3.89,4.0,3.7469441737263485,3.728332519210319,3.716584411603453,3.7177292505990502,3.7905301894998455,3.7162573126195286,3.7407101915322674,3.837249940859822,3.724279680051569,3.8795433811295283,4.1099060777101455,3.7194501278319776,3.716908219812343,3.798849487221436,4.155320150231031,3.8593524989381383,3.8310336316669367,3.828415466406713,3.9128149718380785,4.279979754737962,3.634535848514557,3.6078666239970185,3.605400973217973,3.6848840026047927,4.0306605457241,3.63,3.783783783783775,4.946706750478287,525.8075967341102,56.47970782179025,43.26414510002899,82.91083326531276,29.824561403508767,74.13793103448272,47.5,4.918032786885238,-1.7902813299232812,54.01069518716577,-0.02143690857177236,0.024403446013365037,3.7268159943307344,3.717580808765645,3.7,3.667,3.7445,3.7126666666666654,3.6705,3.731,-0.06000000000000005,0.05000000000000026,0.029999999999999805,0.04314352395401228,3.731,4.0075845259590634,3.4544154740409363,320.2531645569616,42768746,0.4907380685178029,0.2615599212845672,1.2296102368043231,1.4444444444444446,1.3239436619718314,50.0,3.62,46.983712676081616,36.65636373914836,3.731,3.674,3.644,3.89,0,0,1,1,0,0,0,0,0,1.0,0,1.0,1,0,1.0,1,1,1,0,4.0
20181024,5393,000415XSHE20181024,20200210004725,0,426474,3.97,165516544.0,000415.XSHE,3.76,1500,3.9,3.82,354787.8125,618452.125,1.5625,3.84,4.0,3.797962782484232,3.771249389407739,3.741039823389659,3.7342993187264097,3.8452650947499225,3.7392251485420873,3.750986953368895,3.8399782043007002,3.737796627739909,3.88034560147739,4.104382233559878,3.752277377317073,3.734345532211168,3.8037836585764886,4.149015948990758,3.9119016659587587,3.864845698636585,3.846375898177503,3.9178971683337833,4.273486427460481,3.684023899009705,3.63970905599756,3.622315166244832,3.6896701488191934,4.024545470521035,3.53,3.88918486947256,6.464293513867661,453.7796373779607,66.58395615792304,51.03741545266034,97.67703756844843,19.29824561403507,73.68421052631577,49.59999999999999,9.550561797752804,0.0,56.02094240837695,-0.015949354751487534,0.0439004305622786,3.739644439195123,3.7456452997247762,3.7539999999999996,3.675,3.7575,3.7193333333333336,3.68,3.7243333333333335,0.08000000000000007,0.07000000000000027,0.06000000000000005,0.04538677808208317,3.7445,4.024633896556629,3.4643661034433717,248.62385321100882,43195220,0.8102864084888384,0.6505122385033206,1.3801621175009655,1.5555555555555558,1.3793103448275863,66.66666666666666,3.9,56.47970782179025,43.26414510002899,3.7445,3.667,3.7,3.84,0,0,1,1,0,0,0,0,0,1.0,0,1.0,1,0,1.0,0,1,1,0,3.0
20181025,5394,000415XSHE20181025,20200210004725,0,326575,3.92,124219040.0,000415.XSHE,3.67,1500,3.91,3.73,354787.8125,618452.125,0.2564102564,3.9,4.0,3.835308521656154,3.805937042055804,3.763567846937705,3.7502721079331,3.8776325473749615,3.7605720049743274,3.76124585960316,3.843022630200669,3.7510430409906856,3.881508519066512,4.099266911624092,3.7809542178048776,3.7510745291434375,3.8089649435239767,4.143114320620616,3.950367777305839,3.894382844339024,3.8636067650177406,3.9232338918296965,4.267407750239235,3.72024926600647,3.667525591270732,3.6385422932691354,3.6946959952182574,4.018820891001997,3.61,2.088772845953016,6.580166821130692,252.0118593816161,73.80106881116438,58.625299905495034,104.15260662250309,17.54385964912275,89.5833333333333,53.84615384615386,7.713498622589538,0.0,58.06451612903225,-0.009026030080481659,0.055386597368047005,3.752263369625114,3.770930638228657,3.83,3.713,3.7685,3.727,3.69025,3.718166666666667,0.18000000000000016,0.009999999999999787,0.06000000000000005,0.04583163147608271,3.7575,4.043386341051825,3.471613658948176,186.45161290322585,42868645,0.9478085971399656,0.8790475028144019,1.5114287297373494,1.669117647058824,1.2546583850931683,66.66666666666666,3.82,66.58395615792304,51.03741545266034,3.7575,3.675,3.7539999999999996,3.9,0,0,1,1,0,0,0,0,0,1.0,0,1.0,1,0,1.0,0,0,0,0,3.0
20181026,5395,000415XSHE20181026,20200210004725,0,273237,3.95,106019736.0,000415.XSHE,3.83,1500,3.85,3.95,354787.8125,618452.125,-1.5345268542,3.91,4.0,3.840205681104104,3.816952781541853,3.7750921340126777,3.7593382799391817,3.8638162736874806,3.771750504352536,3.7669719331771487,3.8433259941049887,3.758655114760633,3.880272890867825,4.0927072560550375,3.7935079963858085,3.760496002558349,3.810966653595978,4.135876929988008,3.9554118515372263,3.9073132362773833,3.873310882635099,3.9252956532038574,4.259953237887649,3.72499951067098,3.6797027564942346,3.647681122481598,3.6966376539880974,4.011800622088368,3.89,-0.7220216606498201,4.876055570689219,344.8549860945556,74.69090861920762,63.980502810065886,96.11172023749113,22.641509433962273,76.0869565217391,67.02127659574468,9.065155807365448,0.7853403141361323,57.446808510638284,-0.002502416984186621,0.0521889047703603,3.7595031200232554,3.783095155424248,3.878,3.738,3.7735,3.734333333333333,3.6985,3.710166666666667,-0.10000000000000007,0.0,0.020000000000000014,0.0442262923707436,3.7685,4.056407971407531,3.4805920285924685,231.7829457364341,42595408,0.8310343331051011,0.8894214651225333,1.3836573083283663,1.4693877551020416,1.173652694610779,66.66666666666666,3.73,73.80106881116438,58.625299905495034,3.7685,3.713,3.83,3.91,0,0,1,1,0,0,0,0,0,1.0,0,1.0,1,1,1.0,1,1,0,0,4.0
20181029,5396,000415XSHE20181029,20200210004725,0,177243,3.89,68224384.0,000415.XSHE,3.82,1500,3.85,3.83,354787.8125,618452.125,0.0,3.85,4.0,3.8434704540694025,3.8252145861563895,3.785079849477654,3.7675802544901655,3.856908136843741,3.7815316913084684,3.7723285826495916,3.8436161682743366,3.765681644394431,3.87908571867693,4.086320223000956,3.803779269770208,3.769020192790887,3.812870719274223,4.128818240358674,3.958774567691485,3.9178926478633143,3.882090798574613,3.927256840852449,4.2526827875694355,3.72816634044732,3.689665891677101,3.6559495870071603,3.6984845976959964,4.004953693147914,3.84,-0.5167958656330753,4.796123904404176,288.6597938144325,75.28413515790312,67.74838025934497,90.35564495501944,22.641509433962273,38.88888888888891,64.36781609195401,6.648199445983384,9.065155807365448,55.801104972375676,0.0034343895770062413,0.047494452489542906,3.766206592614125,3.7933882084359034,3.87,3.7569999999999997,3.7755,3.740333333333333,3.706,3.703333333333333,0.020000000000000014,0.040000000000000036,0.010000000000000231,0.04331223375176695,3.7735,4.062946022601797,3.4840539773982027,89.22155688622757,42418165,0.6484357774412889,0.7397350552731949,1.9004829399860093,1.5602836879432629,1.1878787878787882,50.0,3.95,74.69090861920762,63.980502810065886,3.7735,3.738,3.878,3.85,0,0,1,1,0,0,0,0,0,1.0,0,1.0,1,1,1.0,0,1,0,0,4.0
20181030,5397,000415XSHE20181030,20200210004725,0,383509,3.97,149382000.0,000415.XSHE,3.78,1500,3.96,3.83,354787.8125,618452.125,2.8571428571,3.85,4.0,3.882313636046269,3.858910939617292,3.8084025362139666,3.785072958627424,3.9084540684218703,3.8038402298949103,3.7844364160270367,3.848676334871104,3.7806292102102437,3.8822588277484233,4.082996006606193,3.8321830389028975,3.7872087458584214,3.8200477573584064,4.124649888744878,3.9987830451276567,3.9471485300699847,3.9008250082341736,3.9346491900791594,4.248389385407226,3.7658442269648797,3.71721754773581,3.673592483482668,3.7054463246376543,4.000910392082533,3.9,1.6949152542372954,7.608695652173933,523.6641221374031,82.86916200069356,72.7886408397945,103.0302043224917,1.8867924528302316,75.0,66.30434782608693,1.7994858611825153,9.999999999999996,57.219251336898395,0.010439338046717579,0.05603958775769072,3.780561659827893,3.819020791753456,3.894,3.797,3.7849999999999993,3.7503333333333333,3.71525,3.6991666666666654,0.1299999999999999,0.010000000000000231,0.05000000000000026,0.04361583152727485,3.7755,4.075866442866043,3.4751335571339563,83.60655737704927,42801674,0.6606982310987739,0.6545670042700313,2.0908261977173512,1.6642857142857144,1.2469879518072289,50.0,3.83,75.28413515790312,67.74838025934497,3.7755,3.7569999999999997,3.87,3.85,0,0,1,1,0,0,0,0,0,1.0,0,1.0,1,1,1.0,0,1,0,0,4.0
20181031,5398,000415XSHE20181031,20200210004725,0,426332,4.1,171615536.0,000415.XSHE,3.96,1500,3.98,4.07,354787.8125,618452.125,0.5050505050999999,3.96,4.0,3.914875757364179,3.889183204712969,3.831282198052105,3.802793598752203,3.944227034210935,3.825860201158047,3.7970534214446467,3.8543860594419264,3.795965424809456,3.886091814895543,4.080285585379715,3.8590588500114618,3.805569817681428,3.8278503057799482,4.121078286553647,4.032322030085104,3.974830615511806,3.9197369122118713,3.942685814953346,4.244710635150256,3.797429484643253,3.7432870845111177,3.6914027231509845,3.713014796606549,3.9974459379570377,3.91,1.7902813299232694,7.970267484130013,-1987.037037037056,82.32944133379574,75.96890767112824,95.05050865913073,18.181818181818137,70.0,74.99999999999997,3.6458333333333366,8.7431693989071,56.284153005464475,0.018041861153448916,0.06082018485385065,3.795334870211012,3.8437868237913864,3.91,3.832,3.7864999999999993,3.7626666666666666,3.72525,3.694833333333333,-0.0900000000000003,0.029999999999999364,0.020000000000000014,0.04465408062399813,3.7849999999999993,4.088925977830129,3.4810740221698704,144.44444444444431,43228006,0.6994558361962794,0.6800770336475266,1.5304871842291254,1.578231292517006,1.339506172839506,66.66666666666666,3.83,82.86916200069356,72.7886408397945,3.7849999999999993,3.797,3.894,3.96,0,0,1,1,0,0,0,0,0,1.0,0,1.0,1,1,1.0,1,1,0,0,4.0
20181101,5399,000415XSHE20181101,20200210004725,0,425751,4.11,172066640.0,000415.XSHE,3.95,1500,4.02,3.99,354787.8125,618452.125,1.0050251256,3.98,4.0,3.9499171715761183,3.9218874035347273,3.8564445716451576,3.8225396352292744,3.9821135171054673,3.8501276760132903,3.8114370716740247,3.8615866655531454,3.813198853670268,3.891343116272188,4.078699122606565,3.888320877282105,3.8259917398070074,3.8372234615955603,4.118582526391829,4.068414686723403,4.0049705036005685,3.940771492001217,3.952340165443427,4.242140002183584,3.831419656428836,3.771671250963642,3.7112119876127965,3.7221067577476927,3.995025050600074,3.85,2.238046795523897,8.807448708926534,-380.9050772626945,82.09717857627193,78.01166463950945,90.2682064497969,13.846153846153953,73.91304347826079,74.07407407407403,3.076923076923068,12.921348314606727,55.80110497237567,0.026217451229005696,0.06540472060445426,3.811976731676863,3.870896543208096,3.932,3.881,3.793,3.7736666666666654,3.7367499999999993,3.692833333333333,0.029999999999999364,0.09000000000000075,0.040000000000000036,0.04608460505566418,3.7864999999999993,4.10424832808372,3.4687516719162783,331.74603174603163,42802255,0.7501902997467089,0.7248230679714942,2.0988093442870164,1.5704697986577174,1.3788819875776397,66.66666666666666,4.07,82.32944133379574,75.96890767112824,3.7864999999999993,3.832,3.91,3.98,0,0,1,1,0,0,0,0,0,1.0,0,1.0,1,1,1.0,0,1,0,0,4.0
20181102,5400,000415XSHE20181102,20200210004725,0,389603,4.11,158575136.0,000415.XSHE,4.03,1500,4.08,4.1,354787.8125,618452.125,1.4925373134,4.02,4.0,3.9932781143840783,3.9614155526510446,3.8862519620924703,3.845945122935704,4.031056758552734,3.878861716511629,3.8287637122111833,3.871082897485618,3.8337220187725545,3.8987414254379837,4.078733356222182,3.923171626867177,3.8501830026825297,3.8490662195665086,4.117629871419191,4.113076457815602,4.0408667756731935,3.9656884927630056,3.964538206153504,4.2411587675617675,3.873479770952557,3.8054764780611623,3.7346775126020537,3.7335942329795127,3.994100975276615,3.85,2.5641025641025603,10.121457489878543,-257.687991021326,85.79205844478734,80.60512924126877,96.16591685182449,4.615384615384651,100.0,85.71428571428571,4.34782608695652,12.396694214876039,58.46994535519124,0.035221160719856336,0.07202967592680516,3.831830307108206,3.903066305791465,3.978,3.928,3.8015,3.787333333333332,3.75025,3.697333333333334,-0.01999999999999957,0.010000000000000677,0.049999999999999815,0.04361325640540074,3.793,4.131246951205772,3.454753048794228,392.30769230769477,42412652,0.8345692082788214,0.7923797540127652,1.4963463747328036,1.4740259740259745,1.3962264150943406,66.66666666666666,3.99,82.09717857627193,78.01166463950945,3.793,3.881,3.932,4.02,1,0,1,1,0,0,0,0,0,2.0,0,1.0,1,1,0.0,1,1,0,0,3.0
20181105,5401,000415XSHE20181105,20200210004725,0,313232,4.12,127846328.0,000415.XSHE,4.03,1500,4.11,4.06,354787.8125,618452.125,0.7352941176000001,4.08,4.0,4.032185409589386,3.998561664488284,3.9160850338134736,3.869950111759731,4.070528379276367,3.907754001947676,3.84690798884272,3.881470597594939,3.8549741711746655,3.907026075420808,4.079556162637388,3.957140421982236,3.874927478617527,3.8617946966608248,4.117441479532299,4.153150971877067,4.075854634641703,3.9911753029760533,3.9776485375606496,4.240964723918267,3.911219847301704,3.838426209322769,3.7586796542590015,3.745940855761,3.993918235146329,3.96,1.9851116625310417,10.519522426589221,-162.27537784124772,89.78729822245083,83.66585223499611,102.03019019736028,1.5151515151514825,100.0,84.7222222222222,6.753246753246759,16.430594900849876,54.76190476190475,0.04467028641628283,0.07559300557141194,3.852435469544635,3.934902258746624,4.0299999999999985,3.95,3.812,3.804,3.76425,3.7038333333333338,0.05000000000000071,0.009999999999999787,0.029999999999999364,0.03680560812138596,3.8015,4.1635276232554626,3.4394723767445354,428.000000000004,42099420,0.8891074568177053,0.8618383325482634,1.880115652371516,1.4166666666666676,1.3128834355828234,83.33333333333334,4.1,85.79205844478734,80.60512924126877,3.8015,3.928,3.978,4.08,1,0,1,1,0,0,0,0,0,2.0,0,1.0,1,1,0.0,0,1,0,0,3.0
20181106,5402,000415XSHE20181106,20200210004725,0,232559,4.11,94162824.0,000415.XSHE,4.02,1500,4.05,4.09,354787.8125,618452.125,-1.4598540146,4.11,4.0,4.038123606392924,4.0114212483662115,3.933940362638345,3.8863182834179373,4.060264189638184,3.9255347517042165,3.860010699239964,3.888797962916898,3.8699761580073835,3.9126328959925414,4.078778368883773,3.9740239816218295,3.8916010520825246,3.870975443165175,4.115776257815451,4.159267314584711,4.0932447010704855,4.008349083645,3.9871047064601295,4.239249545549915,3.9169798982011352,3.8548032621731743,3.774853020520049,3.7548461798702193,3.992302970080988,3.98,0.04940711462450048,8.561625475794777,-97.17772692601051,88.00634696311535,85.11268381103584,93.79367326727436,10.606060606060646,71.4285714285713,65.99999999999993,5.1948051948051885,12.188365650969526,54.761904761904745,0.05284417400239437,0.06539110068889234,3.867069879207996,3.9526096035548366,4.048,3.971,3.819,3.82,3.77725,3.7110000000000007,-0.040000000000000036,0.020000000000000462,0.03000000000000025,0.03538199701027486,3.812,4.186534377594366,3.4374656224056332,348.000000000002,41866861,0.7609568985456232,0.8250321776816643,1.5297331620987582,1.401273885350319,1.2307692307692313,83.33333333333334,4.06,89.78729822245083,83.66585223499611,3.812,3.95,4.0299999999999985,4.11,0,0,1,1,0,0,0,0,0,1.0,0,1.0,1,1,0.0,1,1,0,0,3.0
20181107,5403,000415XSHE20181107,20200210004725,0,325253,4.07,129839632.0,000415.XSHE,3.92,1500,3.93,4.07,354787.8125,618452.125,-2.9629629630000003,4.05,1.0,4.002082404261948,3.991065936274659,3.933414980953232,3.8902893485617613,3.9951320948190916,3.926092907741189,3.864526137998676,3.8905893558335554,3.8745933766222,3.9133139588947943,4.07486314864999,3.966019621326952,3.895258094741332,3.8738546898400448,4.111189189721244,4.1221448763898065,4.0850002099667595,4.012115837583572,3.9900703305352474,4.2345248654128795,3.8820199321340905,3.847039032687143,3.778400351899092,3.757639049144844,3.987853514029605,4.02,-2.6745913818722165,5.113940301701075,-27.471349657844424,73.37678032835144,81.20071598347438,57.72890901810553,28.78787878787877,41.93548387096778,57.89473684210528,-0.7575757575757527,1.0282776349614406,50.56179775280899,0.05775530587609649,0.03928905498961692,3.8717313696370335,3.9491312030079384,4.038,3.9739999999999998,3.824500000000001,3.8296666666666663,3.783,3.715000000000001,-0.14000000000000012,0.0,0.010000000000000231,0.03381417551878925,3.819,4.196649308221265,3.441350691778735,86.8852459016399,42192114,0.3972588499676599,0.5791078742566416,1.0235266371792169,1.2976190476190477,1.2057142857142866,66.66666666666666,4.09,88.00634696311535,85.11268381103584,3.819,3.971,4.048,4.05,0,0,1,1,0,0,0,0,0,1.0,0,1.0,1,1,0.0,1,1,0,0,3.0
20181108,5404,000415XSHE20181108,20200210004725,0,293032,4.05,117419352.0,000415.XSHE,3.97,1500,3.98,3.98,354787.8125,618452.125,1.2722646309999999,3.93,2.0,3.9947216028412993,3.9882994522059954,3.9396263168261343,3.898444862328873,3.9875660474095462,3.932831294273541,3.8719760645794064,3.89447677514514,3.882701578420492,3.9159290977616656,4.072366750001305,3.9685615083584147,3.9033287523850135,3.8790325098478484,4.107949950468867,4.114563250926539,4.087618353609168,4.020428614956565,3.9954034851432834,4.231188448982933,3.874879954756061,3.849504663107663,3.7862288898134633,3.7626615345524126,3.9847114519548006,4.08,-1.2406947890818925,6.178636218119726,-22.57565716810267,68.52569668948921,76.97570955214599,51.625670964175605,28.000000000000025,43.75000000000008,57.14285714285714,0.0,3.6458333333333366,52.19780219780221,0.0610300408041945,0.02619787942478413,3.8797512681824378,3.953880248699024,4.03,3.981,3.847,3.839333333333333,3.7905,3.7206666666666672,0.0,0.06999999999999984,0.009999999999999787,0.029430363877462395,3.824500000000001,4.1823882507152215,3.4666117492847808,102.06185567010358,41899082,0.16826886044901668,0.28276385520833824,1.2262614998606078,1.165680473372781,1.1156069364161856,66.66666666666666,4.07,73.37678032835144,81.20071598347438,3.824500000000001,3.9739999999999998,4.038,3.93,0,0,1,1,0,0,0,0,0,1.0,0,0.0,1,1,0.0,0,1,0,0,2.0
20181109,5405,000415XSHE20181109,20200210004725,0,186373,4.02,73910120.0,000415.XSHE,3.94,1500,3.97,3.97,354787.8125,618452.125,-0.2512562814,3.98,2.0,3.986481068560866,3.983724589154496,3.9436761412493166,3.9049498748444313,3.978783023704773,3.937477382489348,3.8783001894452513,3.8977603936170895,3.889416841618916,3.918049525300424,4.0696728881591655,3.968823052293248,3.909678395015012,3.883469948391856,4.104543778852352,4.106075500617693,4.087887743862047,4.026968746865463,3.9999740468436116,4.2276800922179225,3.8668866365040397,3.8497583607244503,3.7923880431645616,3.7669658499401004,3.9814074654867815,4.11,-0.9481037924151648,5.658167882046099,-8.069776260902284,64.31124877338497,72.75422262589231,47.42530106837029,33.3333333333333,29.62962962962965,55.35714285714286,-1.2437810945273478,1.7948717948718025,51.64835164835166,0.06280880284524608,0.014230096328412684,3.886436359428183,3.9563602104376354,4.008,3.9930000000000003,3.8655000000000013,3.8466666666666662,3.799,3.724666666666667,0.0,0.04999999999999938,0.03000000000000025,0.028328594110705207,3.847,4.189839612647081,3.50416038735292,61.983471074379885,41712709,0.021932598731982528,0.0951007295904996,0.9890421646627566,1.2048192771084332,1.1529411764705888,50.0,3.98,68.52569668948921,76.97570955214599,3.847,3.981,4.03,3.98,0,0,1,1,0,0,0,0,0,1.0,0,1.0,1,0,0.0,0,1,0,0,2.0
20181112,5406,000415XSHE20181112,20200210004725,0,305790,4.09,123738816.0,000415.XSHE,3.96,1500,4.08,3.98,354787.8125,618452.125,2.7707808564,3.97,3.0,4.017654045707244,4.007793441865872,3.961852655749408,3.9208635225858464,4.029391511852387,3.9552927096781794,3.891313080448784,3.9056838547641735,3.9040770845713055,3.92440052430825,4.06994465426024,3.9890370427853847,3.9258995002516777,3.8930567801776186,4.10393775962143,4.1381836670784615,4.108708154068947,4.043676485259228,4.009848483582947,4.227055892410073,3.897124424336026,3.869365931501824,3.808122515244128,3.77626507677229,3.9808196268327873,4.05,1.9490254872563568,8.280254777070049,-33.021952358710486,69.54083251558998,71.68309258912487,65.25631236852021,8.888888888888893,45.71428571428567,68.85245901639344,0.0,4.34782608695652,57.06521739130434,0.06516850420543813,0.018877610881536392,3.9007744068779466,3.9753817165241534,4.002000000000002,4.016,3.8865,3.855666666666667,3.80925,3.730833333333333,0.10000000000000007,0.009999999999999787,0.020000000000000014,0.0296966868023273,3.8655000000000013,4.206866372098952,3.5241336279010484,94.49541284403618,42018499,0.11963248682574545,0.07078254277886398,0.9780254960217292,1.242424242424242,1.1764705882352944,50.0,3.97,64.31124877338497,72.75422262589231,3.8655000000000013,3.9930000000000003,4.008,3.97,0,0,1,1,0,0,0,0,0,1.0,0,0.0,1,0,0.0,0,1,0,0,1.0
20181113,5407,000415XSHE20181113,20200210004725,0,576651,4.23,239732112.0,000415.XSHE,4.02,1500,4.21,4.03,354787.8125,618452.125,3.1862745098,4.08,4.0,4.0817693638048285,4.058345081399405,3.994938968316154,3.947148656896224,4.119695755926194,3.9871311209684066,3.9118735268714433,3.9189149915135566,3.92760961652736,3.9356005037471418,4.073630321253392,4.029212125915317,3.952956690703899,3.908517425047003,4.106556580371518,4.204222444718973,4.150088489692775,4.071545391425016,4.025772947798413,4.229753277782664,3.959316282890684,3.9083357621378565,3.834367989982782,3.791261902295593,3.983359882960373,3.93,4.362915220624672,11.363876838429787,-73.46028082323521,77.543350709318,73.63651196252258,85.35702820290884,3.571428571428651,69.04761904761911,74.32432432432431,2.4330900243308915,9.350649350649347,70.23809523809523,0.06969416950243654,0.03620532237598734,3.923680006368469,4.0114768370589,4.034000000000002,4.041,3.919,3.870333333333333,3.823,3.740166666666667,0.17999999999999972,0.020000000000000462,0.010000000000000677,0.029886830519786942,3.8865,4.221038488069759,3.5519615119302417,179.56989247311745,42595150,0.4356979041319912,0.2776651954788683,1.5010562772494584,1.3006134969325145,1.2058823529411768,50.0,3.98,69.54083251558998,71.68309258912487,3.8865,4.016,4.002000000000002,4.08,0,0,1,1,0,0,0,0,0,1.0,0,0.0,1,0,1.0,0,1,0,0,2.0
20181114,5408,000415XSHE20181114,20200210004725,0,434621,4.24,181563888.0,000415.XSHE,4.13,1500,4.16,4.19,354787.8125,618452.125,-1.1876484561,4.21,4.0,4.107846242536552,4.083758811049553,4.016947105874,3.9664987789965664,4.1398478779630965,4.008739730847356,3.927881686428124,3.9293969484042712,3.945485799871409,3.944400483992352,4.0759032075361965,4.052991739385258,3.972675101113052,3.9207848677276367,4.107876170979629,4.231081629812649,4.1745814915668165,4.091855354146444,4.038408413759466,4.2311124561090185,3.9846108552604553,3.9314019872037007,3.85349484807966,3.803161321695808,3.98463988585024,3.98,1.9607843137254921,9.704641350210967,-70.86090239617207,76.69556713954535,74.65619702153019,80.77430737557569,17.391304347826086,82.85714285714293,64.70588235294119,2.716049382716057,8.051948051948052,66.86746987951807,0.07438360827245674,0.03751551016016158,3.941185191081917,4.034326554434454,4.08,4.059,3.9454999999999987,3.877333333333333,3.83675,3.7483333333333335,-0.03000000000000025,0.049999999999999815,0.03000000000000025,0.029013473349319238,3.919,4.24151976683608,3.5964802331639185,360.3773584905622,42160529,0.5774083833309828,0.5065531437314871,1.095975700055247,1.2590361445783118,1.155172413793104,50.0,4.03,77.543350709318,73.63651196252258,3.919,4.041,4.034000000000002,4.21,0,0,1,1,0,0,0,0,0,1.0,0,0.0,1,1,1.0,1,1,0,0,3.0
20181115,5409,000415XSHE20181115,20200210004725,0,323621,4.22,135250016.0,000415.XSHE,4.14,1500,4.21,4.16,354787.8125,618452.125,1.2019230769,4.16,4.0,4.1418974950243665,4.115319108287165,4.042687491757467,3.9886352536332415,4.174923938981548,4.0338972644914355,3.94608286794889,3.9415970810823464,3.9658330460351463,3.9548161512867694,4.079432070495772,4.081538695860666,3.9952774724356175,3.9348929229604352,4.110397747004823,4.2661544198750985,4.203984856736486,4.115135796608687,4.052939710649248,4.233709679414969,4.017640570173636,3.9590925349848463,3.8754191482625497,3.816846135271622,3.9870858145946784,3.97,2.035870092098876,10.643889618922437,-66.74127126230968,81.33871142636355,76.88370182314131,90.24873063280802,6.521739130434831,82.85714285714293,66.19718309859157,7.124681933842234,6.313131313131312,66.66666666666666,0.0795580544615038,0.041395569512376384,3.9610973991499234,4.061353238367615,4.126,4.0779999999999985,3.9795,3.888,3.84975,3.7585,0.049999999999999815,0.009999999999999787,0.020000000000000462,0.026933611376522882,3.9454999999999987,4.226318446687534,3.6646815533124637,253.62318840579326,41836908,0.6723055014692864,0.6248569424001346,1.0667345191486328,1.348101265822783,1.2349397590361444,66.66666666666666,4.19,76.69556713954535,74.65619702153019,3.9454999999999987,4.059,4.08,4.16,0,0,1,1,0,0,0,0,0,1.0,0,0.0,1,1,0.0,0,1,0,0,2.0
20181116,5410,000415XSHE20181116,20200210004725,0,496880,4.32,212101776.0,000415.XSHE,4.19,1500,4.3,4.21,354787.8125,618452.125,2.1377672209,4.21,4.0,4.1945983300162455,4.161489331215373,4.076995826189806,4.016941139666584,4.237461969490774,4.067160106430007,3.9689162313070265,3.9571798166874608,3.9915381963401346,3.968352772804936,4.085236489693251,4.121258932976908,4.024298665536986,3.952703024279438,4.115079284115815,4.3204362799167315,4.244896700966216,4.145027625503096,4.071284115007821,4.238531662639288,4.068760380115757,3.997621164987601,3.903569705570877,3.8341219335510552,3.99162690559234,4.08,2.576335877862587,12.559551855923722,-85.8028697094241,85.89247428424233,79.88662597684164,97.90417089904369,3.7037037037037863,88.37209302325584,68.42105263157897,8.040201005025121,8.040201005025121,72.56097560975608,0.08601980942188495,0.051694039683049135,3.986201295509188,4.098068124772597,4.192,4.1,4.0139999999999985,3.900999999999999,3.8655,3.770833333333334,0.08999999999999986,0.020000000000000462,0.01999999999999957,0.027996082876750882,3.9795,4.2389918110461275,3.7200081889538703,438.7755102040744,42333788,0.8203555394301507,0.7463305204497186,1.6535511119702715,1.4693877551020391,1.6115107913669064,66.66666666666666,4.16,81.33871142636355,76.88370182314131,3.9795,4.0779999999999985,4.126,4.21,0,0,1,1,0,0,0,0,0,1.0,0,0.0,1,1,0.0,0,1,0,0,2.0
20181119,5411,000415XSHE20181119,20200210004725,0,395248,4.33,168348544.0,000415.XSHE,4.22,1500,4.26,4.29,354787.8125,618452.125,-0.9302325581,4.3,4.0,4.216398886677497,4.18611699841153,4.10139638269783,4.039037399696895,4.248730984745387,4.091265093126257,3.9876958292872176,3.9703459116140936,4.01218910431397,3.9797899189694483,4.089835529438165,4.146484581526561,4.046746411676321,3.967693120656052,4.118657573396907,4.342890853277821,4.270879118972358,4.168148804026612,4.086723914275733,4.242217300598813,4.089906920077172,4.022090044080763,3.925344019326032,3.84866232703637,3.9950978461949984,4.21,0.7568590350047311,11.09952013352803,-74.65859546715656,84.90392594559242,81.55905929975856,91.59365923726013,17.07317073170738,75.0,62.162162162162154,7.30478589420654,5.97014925373135,69.56521739130434,0.09211545552438864,0.0487651688200294,4.006482681027025,4.122980720961428,4.228,4.115,4.0325,3.913,3.88175,3.784833333333333,-0.03000000000000025,0.040000000000000036,0.040000000000000036,0.028388461479266224,4.0139999999999985,4.2878521498911395,3.7401478501088574,287.87878787878446,41938540,0.8089938796084354,0.814674709519293,1.1184390673908824,1.5140845070422515,1.5869565217391304,66.66666666666666,4.21,85.89247428424233,79.88662597684164,4.0139999999999985,4.1,4.192,4.3,0,0,1,1,0,0,0,0,0,1.0,0,0.0,1,1,0.0,1,1,0,0,2.0
20181120,5412,000415XSHE20181120,20200210004725,0,392600,4.25,162632736.0,000415.XSHE,4.04,1500,4.06,4.23,354787.8125,618452.125,-4.6948356808,4.26,1.0,4.164265924451665,4.1545877488086465,4.0958768650047865,4.040943090633541,4.154365492372693,4.087356956485474,3.9923606144944954,3.974243915456959,4.0158668655205885,3.982935412343195,4.089050383926635,4.130760112158097,4.048008658183338,3.9721958952581953,4.117209238251303,4.289193902185215,4.254682915522839,4.16944891792884,4.091361772115942,4.240725515398841,4.039337946718115,4.006837308793353,3.9265683984378392,3.8530300184004487,3.9936929611037635,4.16,-3.2872796569795124,5.591677503250935,-7.359780015365929,66.85902755347183,76.65904871766298,47.25898522508953,65.85365853658547,32.558139534883665,47.25274725274721,-0.4901960784313838,-0.4901960784313838,65.4970760233918,0.09426125489914698,0.017166394998066853,4.010446926876875,4.113291379275055,4.198,4.1160000000000005,4.0435,3.918,3.894,3.794833333333334,-0.17000000000000082,0.01999999999999957,0.01999999999999957,0.031338653050147436,4.0325,4.291827977665348,3.7731720223346494,77.77777777777733,41545940,0.40504983282942,0.6070218562189277,1.1167796667646048,1.2999999999999985,1.2303030303030311,50.0,4.29,84.90392594559242,81.55905929975856,4.0325,4.115,4.228,4.26,0,0,1,1,0,0,0,0,0,1.0,0,0.0,1,1,0.0,1,1,0,0,2.0
20181121,5413,000415XSHE20181121,20200210004725,0,239503,4.11,97660752.0,000415.XSHE,4.0,1500,4.1,4.01,354787.8125,618452.125,0.9852216748999999,4.06,2.0,4.142843949634443,4.1409408116064865,4.096426616337482,4.0463119005759465,4.127182746186347,4.08893733692479,3.9993050909787216,3.979711571306656,4.022338645095926,3.9875261804865985,4.089338531718038,4.125167364492987,4.0529602145468315,3.9784302418309663,4.116784318788308,4.267129268123477,4.248922385427776,4.1745490209832345,4.097783149085895,4.240287848351957,4.0185586311454085,4.001412343558197,3.9313714081104254,3.8590773345760367,3.9932807892246585,4.21,-2.0544672718585835,6.4105891513106394,18.894981020666663,58.24789871086154,70.52199871539584,33.69969870179293,56.097560975609845,42.8571428571428,52.80898876404493,-2.6128266033254235,-0.24330900243310646,64.67065868263471,0.09424221668838134,-0.0001523056861251204,4.017080487848959,4.111246551694277,4.186,4.133000000000001,4.0535,3.927333333333333,3.9055,3.8045,0.08999999999999986,0.010000000000000677,0.009999999999999787,0.030204785986285957,4.0435,4.295235972796896,3.7917640272031035,50.588235294117524,41306437,0.09826575146495113,0.2516577921471856,1.0802798636721538,1.4362416107382538,1.2974683544303816,50.0,4.23,66.85902755347183,76.65904871766298,4.0435,4.1160000000000005,4.198,4.06,0,0,1,1,0,0,0,0,0,1.0,0,0.0,1,0,0.0,0,0,0,0,1.0
20181122,5414,000415XSHE20181122,20200210004725,0,191920,4.15,78904528.0,000415.XSHE,4.07,1500,4.12,4.09,354787.8125,618452.125,0.487804878,4.1,2.0,4.135229299756296,4.135705608704864,4.09956973415915,4.053010818705406,4.1235913730931735,4.092820169809191,4.007091859302674,3.9858110682063668,4.0298510570116255,3.992721232232223,4.090145412462301,4.12422784367608,4.0593449560185615,3.985336083692871,4.116863718324399,4.259286178748985,4.247954678986363,4.181125304699117,4.104896166203657,4.240369629874131,4.011172420763607,4.000501008365799,3.937564607338004,3.865776001182085,3.9933578067746662,4.3,-1.1516314779270642,6.686001346522322,-3.9958285306550403,53.246346888322115,64.76344810637127,30.212144452223807,51.21951219512193,38.46153846153849,62.0253164556962,-0.9615384615384625,1.7283950617284023,58.15602836879432,0.09297158947736536,-0.010165017688127777,4.0247041554157015,4.112593236049004,4.168,4.147,4.064000000000001,3.947000000000001,3.9162499999999993,3.814833333333333,0.03000000000000025,0.03000000000000025,0.01999999999999957,0.030136483307845213,4.0535,4.297827648865207,3.809172351134793,60.00000000000036,41114517,-0.0552745514647709,0.02149560000009011,1.3282057507883551,1.4965517241379307,1.2484472049689468,66.66666666666666,4.01,58.24789871086154,70.52199871539584,4.0535,4.133000000000001,4.186,4.1,0,0,1,1,0,0,0,0,0,1.0,0,0.0,1,0,1.0,0,1,0,0,2.0
20181123,5415,000415XSHE20181123,20200210004725,0,309554,4.12,123859856.0,000415.XSHE,3.92,1500,3.92,4.12,354787.8125,618452.125,-4.854368932,4.12,2.0,4.063486199837532,4.0817792065286485,4.07562710293793,4.040918926095824,4.021795686546587,4.071217648583042,4.001473029670244,3.9829497174147854,4.021400975703038,3.9898694192035085,4.08566790160803,4.087095508462247,4.046074007826316,3.9821489576590716,4.112002885773179,4.185390785832657,4.209708373716115,4.1674562280611065,4.1016134263888455,4.2353629723463735,3.9415816138424047,3.96448264320838,3.9246917875915273,3.8626844889292995,3.988642799199983,4.26,-4.203323558162282,1.3548453821491249,96.0992140745552,35.497564592214744,55.00815360165243,-3.523613426660632,100.0,12.000000000000078,46.80851063829786,-6.888361045130643,-0.2544529262086573,52.564102564102576,0.08758031465679313,-0.04313019856457792,4.016948292051576,4.08296350742608,4.0920000000000005,4.142,4.067500000000001,3.957666666666667,3.9205,3.8215,-0.20000000000000015,0.0,0.0,0.033223410774045815,4.064000000000001,4.297741309998897,3.830258690001105,20.338983050847627,41424071,-0.4268054931289601,-0.2410400222968655,1.3399747872906949,1.3910256410256403,1.194117647058826,50.0,4.09,53.246346888322115,64.76344810637127,4.064000000000001,4.147,4.168,4.12,0,0,1,0,0,0,0,0,0,1.0,0,1.0,1,0,0.0,1,1,0,0,2.0
20181126,5416,000415XSHE20181126,20200210004725,0,198684,3.96,77365512.0,000415.XSHE,3.83,1500,3.85,3.93,354787.8125,618452.125,-1.7857142857,3.92,2.0,3.99232413322502,4.023834404896486,4.045543489212873,4.023562660087111,3.9358978432732936,4.043565442510162,3.991700576143132,3.9771692949184914,4.008216285264343,3.9843843439406252,4.0794661147236075,4.0439872341963845,4.027400292795239,3.975702667041556,4.105533678717051,4.112093857221772,4.165306851222276,4.148222301579096,4.094973747052803,4.228699689078563,3.8725544092282695,3.922667617170493,3.9065782840113816,3.856431587030309,3.9823676683555393,4.06,-3.9900249376558734,-0.5476338086381568,268.4297520661156,24.998376394809828,45.004894532704895,-15.014659880980306,96.0,11.320754716981213,43.99999999999999,-10.46511627906976,-3.2663316582914548,48.40764331210192,0.07857249490992656,-0.07206255797493252,4.004581751899607,4.047122967822069,4.010000000000002,4.1190000000000015,4.0675,3.964,3.9215,3.8265,-0.08000000000000007,0.029999999999999805,0.020000000000000014,0.03341375964086527,4.067500000000001,4.301241309998897,3.8337586900011047,8.550185873606031,41225387,-0.7986088997753651,-0.6127071964521625,1.2213166503417003,1.28395061728395,1.151162790697677,33.33333333333333,4.12,35.497564592214744,55.00815360165243,4.067500000000001,4.142,4.0920000000000005,3.92,0,0,1,0,0,0,0,0,0,1.0,0,0.0,0,0,0.0,1,0,0,0,0.0
20181127,5417,000415XSHE20181127,20200210004725,0,159105,3.93,61831404.0,000415.XSHE,3.85,1500,3.88,3.91,354787.8125,618452.125,0.7792207792,3.85,2.0,3.9548827554833466,3.9878758036723636,4.02347102398449,4.010511509170102,3.907948921636647,4.023119762196392,3.9844940873597037,3.9729445429655135,3.9983534940901633,3.980290840256679,4.074217006441408,4.014171373433404,4.013362169671884,3.971034244259041,4.099964945909223,4.073529238147846,4.1345965146364065,4.1337630347620395,4.090165271586812,4.2229638942865,3.836236272818846,3.8937462322304035,3.8929613045817266,3.8519032169312695,3.976965997531946,4.1,-2.365374937091078,0.11353080813293323,386.4028411973632,19.99891759653988,36.66956888731656,-13.342384985013487,90.00000000000004,25.000000000000057,39.13043478260869,-8.920187793427226,-2.2670025188916947,49.0566037735849,0.06806964953237518,-0.08402276302041095,3.995353473981118,4.021411742003289,3.9739999999999993,4.086,4.0635,3.9746666666666655,3.92425,3.831333333333333,-0.03000000000000025,0.020000000000000014,0.029999999999999805,0.03048749179552892,4.0675,4.310997433251359,3.824002566748641,28.34224598930498,41066282,-0.9476963019382688,-0.8731526008568169,1.1294059938237242,1.0416666666666663,0.9826589595375742,50.0,3.93,24.998376394809828,45.004894532704895,4.0675,4.1190000000000015,4.010000000000002,3.85,0,0,0,0,0,0,1,0,0,1.0,0,0.0,0,0,1.0,1,0,1,0,2.0
20181128,5418,000415XSHE20181128,20200210004725,0,295645,3.94,115267040.0,000415.XSHE,3.84,1500,3.92,3.89,354787.8125,618452.125,1.0309278351,3.88,2.0,3.9432551703222316,3.970906852754273,4.009674887453225,4.002283190154638,3.913974460818324,4.0102297919218435,3.9803331784977884,3.970642606314839,3.992326302237074,3.9779264935799454,4.070158664166634,3.9970493055364233,4.004470534465038,3.968544768929332,4.095521366997883,4.061552825431899,4.116960784702516,4.1246046504989895,4.087601111997212,4.21838700800782,3.8249575152125637,3.8771378263703298,3.8843364184310873,3.8494884258614515,3.9726557259879463,4.12,-0.4570848146267089,0.9840795507238972,666.6666666666796,19.332611731026574,30.890583168553228,-3.783331144026739,82.00000000000003,25.000000000000057,32.53012048192771,-3.4482758620689578,-3.9215686274509842,52.229299363057315,0.057663359700608326,-0.0832503186541349,3.989771735167702,4.005809935541243,3.938,4.0619999999999985,4.060499999999998,3.984333333333333,3.9235,3.836999999999999,0.029999999999999805,0.020000000000000014,0.05000000000000026,0.030394281434461407,4.0635,4.312455819373638,3.81454418062636,43.90243902439042,41361927,-0.8756232436033745,-0.9116597727708216,1.1240377349704629,1.0670731707317065,1.0059171597633156,66.66666666666666,3.91,19.99891759653988,36.66956888731656,4.0635,4.086,3.9739999999999993,3.88,0,0,0,0,0,0,1,0,0,1.0,0,1.0,0,0,1.0,0,0,1,0,2.0
20181129,5419,000415XSHE20181129,20200210004725,0,304339,3.99,118820240.0,000415.XSHE,3.79,1500,3.81,3.94,354787.8125,618452.125,-2.8061224489999996,3.92,2.0,3.898836780214821,3.930680139565705,3.983051569126128,3.984802900140581,3.861987230409162,3.9852010679316114,3.9693439411753504,3.9636581451707147,3.978301202064991,3.971341140890537,4.063312383530669,3.9630403408934374,3.9859495311826536,3.960810877762047,4.0884714567016385,4.015801883621266,4.08193155112024,4.105528017118133,4.079635204094909,4.2111256004026885,3.781871676808376,3.8441491306666338,3.866371045247174,3.841986551429185,3.9658173130005903,3.92,-1.7027863777089742,-1.9103032799546729,8263.88888889008,14.122975721918953,25.301380686341805,-8.233834206926751,96.29629629629628,15.555555555555527,30.337078651685392,-7.073170731707307,-9.501187648456057,48.80952380952381,0.04597669170706542,-0.0934933439483432,3.9764553103404654,3.9756853300733592,3.8760000000000003,4.022,4.049999999999999,3.993666666666667,3.9215,3.841166666666666,-0.1299999999999999,0.05000000000000026,0.020000000000000014,0.0337433877367912,4.060499999999998,4.332087923148286,3.788912076851712,37.198067632850304,41666266,-0.8995369138652131,-0.8875800787342938,0.7053156323334173,0.9537572254335251,0.942528735632186,50.0,3.89,19.332611731026574,30.890583168553228,4.060499999999998,4.0619999999999985,3.938,3.92,0,0,0,0,0,0,1,0,0,1.0,0,1.0,0,0,1.0,1,0,1,0,3.0
20181130,5420,000415XSHE20181130,20200210004725,0,177756,3.85,67680800.0,000415.XSHE,3.76,1500,3.83,3.8,354787.8125,618452.125,0.5249343832,3.81,2.0,3.8758911868098807,3.905510104674279,3.962644693242644,3.9707299092187096,3.845993615204581,3.965800934440161,3.9603540094866174,3.957846921467641,3.9668934172907613,3.9657983510516917,4.057172583964073,3.9388511880037216,3.971097194879544,3.954429859334629,4.082089445425056,3.992167922414177,4.057016723643834,4.090230110725931,4.07306275511467,4.204552128787808,3.759614451205584,3.8206856523636095,3.8519642790331567,3.835796963554591,3.9596267620623036,3.85,-0.7257646448937165,-1.476565313577184,-772.0645520311571,14.177221909850747,21.59332776084479,-0.6549897921373287,87.71929824561397,33.33333333333333,27.906976744186068,-7.038834951456312,-7.9326923076923075,45.911949685534594,0.03431444007285265,-0.09329801307370217,3.9656067688337635,3.9532722023697655,3.858,3.975,4.0375,4.001,3.9195,3.846,0.03000000000000025,0.020000000000000014,0.040000000000000036,0.03307000137453485,4.049999999999999,4.337463041102677,3.7625369588973214,45.45454545454571,41488510,-0.8494817219377528,-0.8745093179014829,0.9805601495854006,0.8830409356725142,1.0641025641025659,50.0,3.94,14.122975721918953,25.301380686341805,4.049999999999999,4.022,3.8760000000000003,3.81,0,0,0,0,0,0,1,0,0,1.0,0,1.0,0,0,1.0,0,0,1,0,2.0
20181203,5421,000415XSHE20181203,20200210004725,0,244314,3.99,96596928.0,000415.XSHE,3.91,1500,3.96,3.98,354787.8125,618452.125,3.3942558747000002,3.83,3.0,3.903927457873254,3.919132578505709,3.9622920674769584,3.9697544629260997,3.9029968076022903,3.9650758176351406,3.960331170164901,3.957940533577744,3.9663631544222406,3.9655709647359387,4.054615410701861,3.9426964265485003,3.97004031917673,3.954701573513427,4.079074891217029,4.021045281609451,4.060977319344955,4.089141528752032,4.07334262071883,4.201447137953541,3.786809634137056,3.824415533752045,3.8509391096014287,3.836060526308025,3.9567026444805187,3.88,2.061855670103095,1.6844700082169122,-144.00959664117676,26.545498367250925,23.244051296313497,33.14839250912576,64.91228070175438,66.66666666666666,31.111111111111132,1.020408163265307,-5.938242280285037,49.411764705882355,0.02527471116531748,-0.07231783126028134,3.965191452623856,3.954307248159033,3.88,3.945,4.0299999999999985,4.003333333333333,3.921,3.8528333333333338,-0.020000000000000014,0.010000000000000231,0.049999999999999815,0.03250804377032372,4.0375,4.324832559937087,3.750167440062912,205.55555555555716,41732824,-0.5373678607175093,-0.693424791327631,0.6995075464956354,0.9156626506024094,1.271428571428574,66.66666666666666,3.8,14.177221909850747,21.59332776084479,4.0375,3.975,3.858,3.83,0,0,0,0,0,0,1,0,0,1.0,0,1.0,0,0,1.0,1,0,1,0,3.0
20181204,5422,000415XSHE20181204,20200210004725,0,193572,3.97,76454120.0,000415.XSHE,3.92,1500,3.97,3.96,354787.8125,618452.125,0.2525252525,3.96,4.0,3.925951638582169,3.931849433879282,3.963319791813364,3.969776784478273,3.9364984038011457,3.9656913404307477,3.9609549656381335,3.958464858204798,3.966642911774376,3.9657446523933535,4.052388689367601,3.9476607126305914,3.970036479255136,3.955447838220089,4.076381684026487,4.0437301877396346,4.0660905340095095,4.08913757363279,4.074111273366692,4.19867313454728,3.8081730894247037,3.8292308912516733,3.850935384877482,3.8367844030734863,3.954090233505691,3.92,1.8471010774756416,1.7322673226732292,-81.10831234256905,35.64571686021857,27.377939817615186,52.18127094542535,63.15789473684206,64.5161290322581,33.333333333333364,3.11688311688312,-7.674418604651155,48.50299401197607,0.01845454420318248,-0.05456133569707998,3.965547641318385,3.956721517673027,3.898,3.9360000000000004,4.026,4.007666666666666,3.9225000000000008,3.8601666666666667,0.010000000000000231,0.0,0.040000000000000036,0.028595075821048987,4.0299999999999985,4.3183331406550405,3.7416668593449582,170.12987012987136,41539252,-0.22473816551545747,-0.3810530131164834,0.5481444663357028,0.8698224852071006,1.2411347517730524,83.33333333333334,3.98,26.545498367250925,23.244051296313497,4.0299999999999985,3.945,3.88,3.96,0,0,0,0,0,0,1,0,0,1.0,0,0.0,0,0,0.0,0,0,0,0,0.0
20181205,5423,000415XSHE20181205,20200210004725,0,173105,3.94,67696232.0,000415.XSHE,3.89,1500,3.92,3.92,354787.8125,618452.125,-1.2594458438,3.97,4.0,3.9239677590547792,3.928887075409461,3.9575438195715815,3.965251622252976,3.9282492019005733,3.959979922876904,3.958312709790512,3.9567924730654593,3.9630549954840397,3.9639507444563593,4.048904776489507,3.9426314921523016,3.9652711002784566,3.9537186753800846,4.072520407877684,4.041686791826423,4.060910436916871,4.084229233286811,4.0723302356414885,4.194696020114014,3.806248726283136,3.824352547387732,3.8463129672701033,3.835107115118682,3.950344795641353,3.81,0.5643919958953142,0.30706243602867084,-78.02065817919738,38.57862605496053,31.1115018967303,53.512874371421006,71.92982456140348,50.0,40.277777777777814,1.0309278350515474,-7.9812206572769915,45.180722891566255,0.012543297653380131,-0.0472899723984188,3.9621737419614673,3.951072053415638,3.898000000000001,3.918,4.025499999999999,4.008333333333334,3.925,3.863833333333333,0.0,0.020000000000000014,0.029999999999999805,0.027187659195862312,4.026,4.31503114019081,3.736968859809189,118.6046511627916,41366147,-0.0886047392848491,-0.1566714524001533,0.6990234188922092,0.8083832335329344,1.1267605633802844,66.66666666666666,3.96,35.64571686021857,27.377939817615186,4.026,3.9360000000000004,3.898,3.97,0,0,0,0,0,0,0,0,0,0.0,0,0.0,0,0,0.0,0,0,0,0,0.0
20181206,5424,000415XSHE20181206,20200210004725,0,254521,3.91,97514928.0,000415.XSHE,3.77,1500,3.78,3.91,354787.8125,618452.125,-3.5714285714,3.92,1.0,3.8759785060365193,3.8916653065570963,3.9338713102953706,3.948410565684523,3.8541246009502874,3.937482432517292,3.9468086639975763,3.949105843801744,3.948973841985268,3.956736989771796,4.04182833500294,3.913062129942793,3.947626233585271,3.9452445936542273,4.065297681757247,3.992257861217615,4.030453993841077,4.066055020592828,4.063601931463854,4.187256612209965,3.759699150855424,3.795670266044509,3.829197446577712,3.8268872558446003,3.94333875130453,3.83,-2.8776978417266323,-3.3198629085886733,-102.58049242424246,28.617634761278033,30.280212851579538,25.292478580675024,96.49122807017544,45.71428571428569,30.48780487804881,-3.5714285714285747,-6.896551724137927,40.6779661016949,0.005249415175107236,-0.05835105982618315,3.948679390705063,3.9247532759670793,3.892,3.884,4.0154999999999985,4.004,3.93125,3.8655,-0.13000000000000034,0.0,0.009999999999999787,0.028949615326750486,4.025499999999999,4.3333619820633915,3.717638017936608,65.65656565656616,41620668,-0.26159798675296897,-0.17510136301890905,0.7610119522603198,0.7764705882352948,0.9235668789808944,50.0,3.92,38.57862605496053,31.1115018967303,4.025499999999999,3.918,3.898000000000001,3.92,0,0,0,0,0,0,0,0,0,0.0,0,1.0,0,0,1.0,1,0,0,0,2.0
20181207,5425,000415XSHE20181207,20200210004725,0,118456,3.83,45090156.0,000415.XSHE,3.78,1500,3.82,3.78,354787.8125,618452.125,1.0582010581999999,3.78,2.0,3.8573190040243466,3.873748979917822,3.918688468922655,3.9367368778950214,3.8370623004751434,3.92279712845263,3.9386274598687,3.9434925462451456,3.9390527772171713,3.951374754878784,4.035990747239706,3.896141742680467,3.935471354196198,3.9391351012808498,4.059240948874352,3.9730385741450767,4.0130259949608815,4.053535494822084,4.0573091543192765,4.181018177340582,3.741599433903616,3.7792574904000533,3.8174072135703123,3.820961048242424,3.9374637204081213,3.96,-1.7994858611825153,-2.3317651871548195,-70.79526226734346,27.774075348098393,29.44483368375249,24.432558676790194,87.75510204081633,48.64864864864862,32.142857142857125,0.26246719160104426,-6.829268292682923,43.42857142857143,-0.0019025071857964129,-0.0572153788872292,3.93914758398617,3.9086373873567584,3.89,3.8739999999999997,4.007999999999999,4.002999999999999,3.93675,3.8686666666666665,0.040000000000000036,0.010000000000000231,0.0,0.025156475033984167,4.0154999999999985,4.334536048119957,3.6964639518800415,97.3333333333341,41502212,-0.35948257200888445,-0.3105402793809268,0.6832716844045819,0.753012048192772,0.8896103896103922,66.66666666666666,3.91,28.617634761278033,30.280212851579538,4.0154999999999985,3.884,3.892,3.78,0,0,0,0,0,0,1,0,0,1.0,0,0.0,0,0,0.0,0,0,0,0,0.0
20181210,5426,000415XSHE20181210,20200210004725,0,163335,3.83,62205232.0,000415.XSHE,3.78,1500,3.82,3.8,354787.8125,618452.125,0.0,3.82,2.0,3.844879336016231,3.8603117349383664,3.9055300063996334,3.9261244344500184,3.828531150237572,3.9099474873960514,3.930974075361042,3.938123305104052,3.929894871277389,3.9462228037070672,4.030306780207081,3.8822977894658366,3.924474082367989,3.9333236329256858,4.053333764951528,3.960225716096717,3.9987667231498123,4.042208304839028,4.051323341913457,4.1749337779000735,3.729532955935744,3.765828855781861,3.8067398598969486,3.8153239239379153,3.931733752002982,3.97,-1.0875194199896379,-2.3367592166487405,-54.426554818924096,27.211702405978627,28.700456591161213,24.234194035613484,84.61538461538463,20.83333333333339,42.18749999999999,-0.2610966057441313,-7.281553398058258,46.62576687116564,-0.008586199908493415,-0.05346954178157602,3.9303218370242314,3.8950008662249496,3.862,3.8710000000000004,3.995,4.001999999999999,3.94075,3.8711666666666655,0.020000000000000014,0.010000000000000231,0.020000000000000014,0.023088752180921008,4.007999999999999,4.335322470967087,3.680677529032912,8.800000000000392,41665547,-0.38438943512302615,-0.3719360035659553,0.6649134800983514,0.7888198757763978,0.8113207547169828,50.0,3.78,27.774075348098393,29.44483368375249,4.007999999999999,3.8739999999999997,3.89,3.82,0,0,0,0,0,0,1,0,0,1.0,0,1.0,0,0,1.0,0,0,0,0,2.0
20181211,5427,000415XSHE20181211,20200210004725,0,148595,3.89,57027152.0,000415.XSHE,3.81,1500,3.85,3.83,354787.8125,618452.125,0.7853403140999999,3.82,3.0,3.846586224010821,3.8577338012037754,3.89812600554635,3.9192040313181984,3.8392655751187856,3.902454051471545,3.9257499414667816,3.934291857056049,3.9237491119483594,3.942449360424437,4.0255618649384735,3.8764254641084124,3.917381312618656,3.929259065465896,4.048313178162601,3.9619838107311454,3.9927182280316633,4.034902751997216,4.047136837429872,4.169762573507478,3.7311886372904963,3.76013270018516,3.799859873240096,3.811381293501919,3.926863782817723,3.92,0.31266284523189186,-1.610017889087616,-24.699982088482923,31.18461319818867,29.52850879350369,34.49682200755863,76.92307692307688,26.92307692307696,50.0,-2.7777777777777746,-1.7857142857142818,45.962732919254655,-0.014127842983242015,-0.044333144597988816,3.924372071318732,3.8880776560364962,3.838,3.8680000000000003,3.976999999999999,3.9983333333333326,3.948,3.874333333333333,0.020000000000000014,0.040000000000000036,0.020000000000000014,0.023104818588739997,3.995,4.312496456673141,3.6775035433268575,32.14285714285785,41516952,-0.3110680869132165,-0.3477287610181213,0.9490154631345262,0.7937499999999997,0.8516129032258085,50.0,3.8,27.211702405978627,28.700456591161213,3.995,3.8710000000000004,3.862,3.82,0,0,0,0,0,0,1,0,0,1.0,0,1.0,0,0,1.0,0,0,0,0,2.0
20181212,5428,000415XSHE20181212,20200210004725,0,203581,3.94,79081544.0,000415.XSHE,3.83,1500,3.9,3.85,354787.8125,618452.125,1.2987012987,3.85,4.0,3.8643908160072136,3.868300350902831,3.8983758714735033,3.917458210289272,3.869632787559393,3.9021472950376017,3.9240886549205367,3.932800906749264,3.9219222571831,3.9407846796234787,4.02225760533483,3.880711743361428,3.915725949512117,3.927831793979754,4.044651124380809,3.98032254048743,3.9971330956622713,4.03319772799748,4.045666747799147,4.165990658112233,3.748459091526997,3.7642903910605847,3.798254171026753,3.8099968401603617,3.923311590649385,3.78,1.7214397496087712,-0.306748466257635,4.772156440617223,41.07959720458953,33.378871597198966,56.48104841937065,61.111111111111114,46.153846153846146,51.612903225806456,-1.7632241813602083,1.2987012987012938,47.87878787878787,-0.017833248367077226,-0.02964324307068167,3.9225667327025295,3.889911862800112,3.834,3.866,3.964,3.995666666666666,3.95475,3.879166666666667,0.049999999999999815,0.040000000000000036,0.020000000000000014,0.023374311001089547,3.976999999999999,4.284597139128437,3.669402860871561,84.94623655914081,41720533,-0.13945205396248184,-0.2252600704378492,1.3228936201858923,0.8645161290322574,0.9527027027027052,50.0,3.83,31.18461319818867,29.52850879350369,3.976999999999999,3.8680000000000003,3.838,3.85,0,0,0,1,0,0,0,0,0,0.0,0,1.0,0,0,1.0,0,0,0,0,2.0
20181213,5429,000415XSHE20181213,20200210004725,0,151283,3.95,59399704.0,000415.XSHE,3.88,1500,3.93,3.9,354787.8125,618452.125,0.7692307692,3.9,4.0,3.886260544004809,3.883725263177123,3.9025924219437034,3.9185983729902474,3.899816393779696,3.9056288831579016,3.924470032022438,3.9326791281949487,3.922543622015169,3.940361751010794,4.019829773615492,3.8896732445684408,3.917085382891916,3.9279375601270834,4.041820232420789,4.002848360324954,4.006363441905494,4.034597944378674,4.045775686930897,4.1630748393934125,3.7696727276846653,3.7729830472313868,3.799572821405158,3.810099433323271,3.920565625448165,3.82,1.708074534161498,0.4395829073809349,25.35932270131909,51.62882237881727,39.46218852440507,75.96209008764167,26.08695652173911,100.0,50.81967213114756,0.2551020408163324,1.28865979381444,45.22292993630574,-0.01967421400801452,-0.014727725127498384,3.9231173450949353,3.8960792685231715,3.864,3.878,3.95,3.9926666666666666,3.96475,3.883166666666667,0.03000000000000025,0.020000000000000014,0.020000000000000014,0.019906137652529108,3.964,4.250286569716429,3.6777134302835695,269.23076923077286,41569250,0.05204090926254296,-0.043705572349969454,1.7294927148960946,0.9788732394366192,1.0510948905109514,66.66666666666666,3.85,41.07959720458953,33.378871597198966,3.964,3.866,3.834,3.9,0,0,0,1,0,0,0,0,0,0.0,0,1.0,0,0,1.0,0,0,0,0,2.0
20181214,5430,000415XSHE20181214,20200210004725,0,162119,3.96,63554196.0,000415.XSHE,3.88,1500,3.88,3.91,354787.8125,618452.125,-1.2722646309999999,3.93,4.0,3.884173696003206,3.882793947382842,3.899580099017876,3.915089429991134,3.889908196889848,3.902425272763164,3.9216009976984103,3.9303887313169072,3.91927103570631,3.9379946235201744,4.016150042730874,3.8879144728287236,3.9135534416641145,3.925599142559909,4.037824671126448,4.000698906883303,4.004551907013586,4.030960044914038,4.0433671168367065,4.158959411260242,3.7676484851231096,3.7712770386438623,3.796146838414191,3.807831168283112,3.9166899309926544,3.82,0.10319917440660484,-0.8230663054035868,19.370460048425727,52.75254825254481,43.89230843378499,70.47302789006444,47.826086956521785,68.74999999999993,56.36363636363634,2.645502645502648,-1.020408163265307,38.92617449664429,-0.02100295776166636,-0.010629950029214684,3.919923467680496,3.893605534904222,3.8760000000000003,3.883000000000001,3.929,3.9859999999999993,3.9715,3.8866666666666654,-0.03000000000000025,0.049999999999999815,0.0,0.01961812387093507,3.95,4.1880672173987845,3.7119327826012163,254.54545454545547,41731369,0.09418529468355703,0.07311310197304999,1.1818565559295542,0.9513888888888882,0.9246575342465776,66.66666666666666,3.9,51.62882237881727,39.46218852440507,3.95,3.878,3.864,3.93,0,0,1,1,0,0,0,0,0,1.0,0,1.0,1,0,1.0,1,0,0,0,3.0
20181217,5431,000415XSHE20181217,20200210004725,0,106192,3.89,41043232.0,000415.XSHE,3.83,1500,3.88,3.87,354787.8125,618452.125,0.0,3.88,4.0,3.8827824640021364,3.882095460537132,3.896969419148825,3.9118994818101216,3.884954098444924,3.8996221136677685,3.918917062363029,3.9281979169118237,3.916250186805825,3.935720324558599,4.012567146869536,3.886475477768956,3.9103578757913415,3.923374794142352,4.033927765666536,3.999265937922201,4.003069742102024,4.027668612065082,4.041076037966623,4.154945598636532,3.7662989900820727,3.7698812134358866,3.7930471395176015,3.8056735503180814,3.91290993269654,3.85,-0.2057613168724168,-0.812924996165427,-7.827476038339155,54.46661111573161,47.41707599443386,68.5656813583271,47.826086956521785,68.74999999999993,54.71698113207545,1.5706806282722523,1.8372703412073448,40.27777777777778,-0.02189312582734304,-0.007121344525413464,3.916966173778237,3.8915123756881873,3.888,3.8750000000000013,3.91,3.978333333333333,3.97125,3.8911666666666656,0.009999999999999787,0.010000000000000231,0.040000000000000036,0.01914431360331037,3.929,4.112847763108502,3.7451522368914976,171.18644067796725,41625177,0.08313226574829981,0.08865878021592842,1.805098015870096,0.9241379310344826,0.8979591836734722,50.0,3.91,52.75254825254481,43.89230843378499,3.929,3.883000000000001,3.8760000000000003,3.88,0,0,1,1,0,0,0,0,0,1.0,0,1.0,0,0,0.0,0,0,0,0,1.0
20181218,5432,000415XSHE20181218,20200210004725,0,159983,3.88,61019584.0,000415.XSHE,3.77,1500,3.82,3.87,354787.8125,618452.125,-1.5463917526,3.88,1.0,3.8618549760014247,3.866571595402849,3.8867068299289818,3.9035449834637466,3.852477049222462,3.889669349459297,3.912535316404123,3.9234936596547882,3.9088463262823,3.931182272615124,4.007499590372968,3.874389027265509,3.901752363811215,3.9183321212573587,4.028645598613041,3.977710625281468,3.9906206980834753,4.018804934725552,4.03588208489508,4.149504966571432,3.7459993267213814,3.758157356447544,3.784699792896878,3.8007821576196386,3.90778623065465,3.9,-1.5971148892323614,-2.3017902813298976,-41.88434918508632,45.083003901715784,46.63905196352784,41.97090777809167,73.9130434782609,42.10526315789469,34.7826086956522,0.0,-0.2610966057441313,36.551724137931046,-0.02336910516246436,-0.011807834680970505,3.909783494239108,3.880510471736159,3.8819999999999997,3.86,3.897999999999999,3.9706666666666663,3.97075,3.895333333333333,-0.05000000000000026,0.009999999999999787,0.049999999999999815,0.020764448911314102,3.91,4.084195292703334,3.735804707296667,75.51020408163264,41785160,-0.0398997242928891,0.021616270727705358,1.2909973063049214,0.8104575163398692,0.7643312101910857,50.0,3.87,54.46661111573161,47.41707599443386,3.91,3.8750000000000013,3.888,3.88,0,0,1,1,0,0,0,0,0,1.0,0,1.0,0,0,1.0,1,0,1,0,3.0
20181219,5433,000415XSHE20181219,20200210004725,0,90764,3.84,34531776.0,000415.XSHE,3.78,1500,3.81,3.84,354787.8125,618452.125,-0.26178010469999996,3.82,2.0,3.8445699840009504,3.8524286965521366,3.8764792526051175,3.8950408940579515,3.8312385246112317,3.8797106807768844,3.905920134700632,3.918559152713275,3.901242762722123,3.926430026630217,4.002302232731576,3.8626819313990532,3.893014043448242,3.9130476275374884,4.023246941857163,3.9599070835209775,3.978562389341025,4.0098044647516895,4.030439056363613,4.143944350112879,3.7292328844809215,3.746801473457081,3.7762236221447942,3.795656198711363,3.902549533601448,3.93,-1.397515527950306,-2.5525602332599826,-58.12230835486594,37.07287979412632,43.45032790706067,24.317983568257628,78.26086956521732,20.00000000000012,32.60869565217393,-1.0389610389610398,-3.7878787878787863,32.11678832116791,-0.025241167618331218,-0.01497649964693494,3.902392124295471,3.869662706853672,3.864,3.8489999999999998,3.8834999999999993,3.966666666666667,3.9685,3.8981666666666666,-0.029999999999999805,0.0,0.03000000000000025,0.02106374185683878,3.897999999999999,4.049297719744878,3.74670228025512,42.05607476635523,41694396,-0.15779750561992892,-0.098848614956409,1.5539264092145324,0.6582278481012661,0.6903225806451643,33.33333333333333,3.87,45.083003901715784,46.63905196352784,3.897999999999999,3.86,3.8819999999999997,3.82,0,0,1,0,0,0,0,0,0,1.0,0,1.0,0,0,1.0,1,0,1,0,3.0
20181220,5434,000415XSHE20181220,20200210004725,0,114862,3.82,43582780.0,000415.XSHE,3.76,1500,3.79,3.81,354787.8125,618452.125,-0.5249343832,3.81,2.0,3.8263799893339674,3.836821522414103,3.8649486855911017,3.885491721870865,3.810619262305616,3.8684968456797737,3.8984414163328487,3.912969624334437,3.8926856271281136,3.921079829507464,3.9967153318702167,3.849467034781043,3.8832031821674566,3.907045304242976,4.017487758107603,3.9411713890139857,3.9649510458244746,3.99969927763248,4.024256663370266,4.138012390850832,3.7115885896539473,3.733983023737612,3.766707086702433,3.7898339451156873,3.8969631253643753,3.88,-1.199165797705939,-3.1928480204341936,-92.83703472004996,29.71525319608425,38.87196967006853,11.401820248115698,86.95652173913034,0.0,34.88372093023259,-2.8205128205128176,-4.5340050377833805,32.592592592592624,-0.027524909285825974,-0.018269933339958043,3.8940667817550665,3.8574069057992615,3.8360000000000003,3.85,3.867,3.9603333333333333,3.9655,3.899833333333333,-0.020000000000000014,0.009999999999999787,0.03000000000000025,0.018943151609599453,3.8834999999999993,3.994693524991341,3.772306475008658,21.311475409836035,41809258,-0.25642514583230996,-0.20711132572611946,1.1256823336515878,0.6369426751592361,0.6907894736842132,16.666666666666664,3.84,37.07287979412632,43.45032790706067,3.8834999999999993,3.8489999999999998,3.864,3.81,0,0,0,0,0,0,0,0,0,0.0,0,1.0,0,0,1.0,1,0,1,0,3.0
20181221,5435,000415XSHE20181221,20200210004725,0,143630,3.82,54416032.0,000415.XSHE,3.76,1500,3.79,3.79,354787.8125,618452.125,0.0,3.79,2.0,3.814253326222644,3.825116141810577,3.854955527512288,3.8768106562462408,3.800309631152808,3.858684739969802,3.8914451959242786,3.9076231189285933,3.884786732733644,3.9159394440365833,3.991275454715737,3.8386548466390353,3.874326688627699,3.9013357772067336,4.011870776425934,3.9286809260093234,3.953814492038207,3.9905564892865297,4.0183758505229346,4.132226899718712,3.699825726435965,3.7234952012398637,3.758096887968868,3.7842957038905314,3.8915146531331564,3.88,-0.7333682556312212,-3.2867204246197486,-80.39278471555131,24.810168797389537,34.184702712508866,6.061100967150877,85.71428571428562,0.0,51.72413793103453,-3.562340966921122,-3.3163265306122423,38.260869565217426,-0.02988423115972402,-0.018874574991184348,3.88635813125469,3.8470366125993753,3.818,3.847,3.860500000000001,3.954333333333333,3.964,3.9005,0.0,0.029999999999999805,0.03000000000000025,0.01921736454250362,3.867,3.9802210227828736,3.7537789772171264,19.65811965811969,41952888,-0.3002800112655016,-0.2783525785489058,1.1278510743925514,0.613924050632912,0.6666666666666695,0.0,3.81,29.71525319608425,38.87196967006853,3.867,3.85,3.8360000000000003,3.79,0,0,0,0,0,0,1,0,0,1.0,0,1.0,0,0,1.0,0,0,1,0,2.0
20181224,5436,000415XSHE20181224,20200210004725,0,78653,3.8,29768564.0,000415.XSHE,3.76,1500,3.8,3.79,354787.8125,618452.125,0.2638522427,3.79,2.0,3.8095022174817634,3.818837106357933,3.847628123843983,3.8698278693147636,3.800154815576404,3.851349147473577,3.885545505864647,3.9029438528882183,3.878264676369517,3.9113927991724022,3.9862418901179546,3.8316266927046656,3.8672479563774416,3.896392568562503,4.006639399230233,3.9237872840062167,3.9465754934858057,3.983265395068765,4.013284345619378,4.12683858120714,3.69521715095731,3.7166778919235255,3.751230517686118,3.779500791505628,3.886440217253325,3.82,-0.052603892688076484,-3.100775193798437,-70.60606060606028,23.206779198259692,30.525394874425807,8.569547845927453,80.0,9.999999999999822,46.153846153846146,-2.061855670103095,0.5291005291005296,36.60714285714288,-0.031939589324223736,-0.016442865315997732,3.879961232643232,3.839800210661009,3.802000000000001,3.845,3.858000000000001,3.945,3.96275,3.9003333333333337,0.009999999999999787,0.0,0.03000000000000025,0.01896109559789077,3.860500000000001,3.976706712370672,3.7442932876293287,30.69306930693029,41874235,-0.2813335648907061,-0.29080678807810384,1.7378403217117038,0.5471698113207548,0.5974025974025995,16.666666666666664,3.79,24.810168797389537,34.184702712508866,3.860500000000001,3.847,3.818,3.79,0,0,0,0,0,0,1,0,0,1.0,0,1.0,0,0,1.0,0,0,1,0,2.0
20181225,5437,000415XSHE20181225,20200210004725,0,150540,3.77,55318128.0,000415.XSHE,3.59,1500,3.69,3.77,354787.8125,618452.125,-2.8947368421,3.8,2.0,3.769668144987842,3.786627829768449,3.8266110406647855,3.85347988119524,3.7450774077882016,3.83118050403938,3.872929666776605,3.893685424501775,3.8637827781872462,3.902710728616622,3.978446050904324,3.8058763849401815,3.8503671986272088,3.886324638388722,3.998821142459116,3.882758189337477,3.9200526764883863,3.965878214586025,4.002914377540384,4.1187857767328895,3.656578100638207,3.691700093391976,3.7348561826683926,3.76973489923706,3.878856508185342,3.81,-2.277542372881375,-5.968095407981223,-167.3775908681281,24.480195141182147,28.510328296677923,16.41992883019059,72.97297297297295,6.666666666666548,32.43243243243245,-4.896907216494844,-3.4031413612565418,32.23140495867769,-0.03537887262332798,-0.027514266392833983,3.8658900302252137,3.8167540244054687,3.7760000000000007,3.829,3.848500000000001,3.927666666666666,3.956,3.8989999999999996,-0.08000000000000007,0.0,0.10000000000000007,0.021761222300456497,3.858000000000001,3.9947150320923055,3.721284967907696,13.475177304964484,42024775,-0.4210430418955552,-0.3511883033931307,1.2311357543098564,0.4882352941176472,0.5149700598802415,16.666666666666664,3.79,23.206779198259692,30.525394874425807,3.858000000000001,3.845,3.802000000000001,3.8,0,0,0,0,0,0,1,0,0,1.0,0,1.0,0,0,1.0,1,0,1,0,3.0
20181226,5438,000415XSHE20181226,20200210004725,0,112665,3.69,41141824.0,000415.XSHE,3.61,1500,3.62,3.68,354787.8125,618452.125,-1.8970189702000002,3.69,2.0,3.719778763325228,3.7449708723263373,3.7990629019094815,3.8322544374502177,3.682538703894101,3.804782941034458,3.85661162375876,3.881786058219089,3.845030256788226,3.8916240333767553,3.9690132600910526,3.772080678587421,3.828427465424617,3.8733331926136634,3.989467534003335,3.831372126224985,3.8852430989450437,3.943280289387356,3.989533188392072,4.109151560023435,3.608185400425471,3.6589182582297983,3.713574641461879,3.7571331968352526,3.869783507983235,3.79,-3.1567683253076364,-7.747196738022391,-196.99175157690348,19.022832796824147,25.347829796726664,6.372838797019128,91.89189189189185,4.761904761904671,21.951219512195106,-5.23560209424083,-5.23560209424083,36.111111111111114,-0.04054145398172227,-0.041300650867154266,3.8476759539122347,3.786484174496936,3.738,3.801,3.8335,3.909666666666667,3.947,3.8935,-0.06000000000000005,0.009999999999999787,0.010000000000000231,0.0211506542313249,3.848500000000001,4.013457570302185,3.683542429697817,9.090909090908998,41912110,-0.6379137523342433,-0.5294783971148993,0.8810440592154372,0.5189873417721522,0.568627450980394,16.666666666666664,3.77,24.480195141182147,28.510328296677923,3.848500000000001,3.829,3.7760000000000007,3.69,0,0,0,0,0,0,1,0,0,1.0,0,1.0,0,0,1.0,1,0,1,0,3.0
20181227,5439,000415XSHE20181227,20200210004725,0,179344,3.71,65706600.0,000415.XSHE,3.61,1500,3.62,3.67,354787.8125,618452.125,0.0,3.62,2.0,3.686519175550152,3.7137281542447527,3.7751878483215497,3.8129585795001977,3.6512693519470494,3.7816850734051504,3.8413463577098073,3.8704040556878248,3.8277202370352863,3.880972110499235,3.9598287006149717,3.7444296461169815,3.808577230622273,3.860975475900801,3.9803448788427587,3.797114750816657,3.8567625355004895,3.9228345475409414,3.976804740177825,4.0997552252080425,3.575923600283648,3.632096756733472,3.6943199137036036,3.745146211623777,3.860934532477476,3.79,-2.2678185745140294,-7.789495134749575,-169.88764044943773,16.01522186454946,22.23696048600093,3.5717446216465234,91.89189189189185,5.263157894736744,11.111111111111123,-4.986876640419946,-5.974025974025973,38.613861386138616,-0.04642113195796256,-0.047037423809922346,3.8308110684372543,3.7608712245743305,3.704,3.77,3.824,3.89,3.937,3.8890000000000007,-0.049999999999999815,0.040000000000000036,0.010000000000000231,0.02213191468709085,3.8335,4.022856806056714,3.644143193943286,27.777777777777782,42091454,-0.7576257377983706,-0.6977697450663071,0.5868234282577738,0.4662576687116564,0.614864864864866,16.666666666666664,3.68,19.022832796824147,25.347829796726664,3.8335,3.801,3.738,3.62,0,0,0,0,0,0,1,0,1,2.0,1,1.0,0,0,1.0,1,0,1,0,3.0
20181228,5440,000415XSHE20181228,20200210004725,0,135333,3.66,49048680.0,000415.XSHE,3.6,1500,3.6,3.63,354787.8125,618452.125,-0.5524861878,3.62,2.0,3.657679450366768,3.6852961156835646,3.751829468545344,3.793598708636544,3.625634675973525,3.758974439229507,3.8257756249543364,3.8586473576144407,3.8102032957248793,3.8699535963620098,3.950359524283,3.718169710459348,3.7887127324677703,3.8482449648812502,3.9709536472663935,3.767409833877772,3.8297148017731293,3.9023741144418036,3.963692313827688,4.090082256684386,3.547949066855765,3.606624619145568,3.6750513504937374,3.7327976159348117,3.8518250378484025,3.8,-1.8003273322422333,-8.294273486855483,-171.2247738343775,11.826239863722654,18.76672027857484,-2.054720965981716,97.29729729729723,4.761904761904671,2.857142857142799,-5.0131926121372015,-7.692307692307688,36.00000000000001,-0.05265533493590363,-0.049873623823528564,3.813713952256717,3.7361218054090486,3.666,3.742,3.8125,3.8666666666666663,3.925,3.8838333333333335,-0.029999999999999805,0.03000000000000025,0.0,0.02173672568365443,3.824,4.0369671336145565,3.611032866385445,24.32432432432455,41956121,-0.802079447319725,-0.7798525925590478,0.34647047582648577,0.4451219512195119,0.612244897959184,16.666666666666664,3.67,16.01522186454946,22.23696048600093,3.824,3.77,3.704,3.62,0,0,0,0,0,0,1,0,1,2.0,1,1.0,0,0,1.0,1,0,1,0,3.0
20190102,5441,000415XSHE20190102,20200210004725,0,138968,3.63,49243976.0,000415.XSHE,3.52,1500,3.53,3.62,354732.90625,618452.125,-1.9444444444,3.6,2.0,3.6151196335778457,3.646472086762673,3.722252206072632,3.7696351896695854,3.5778173379867626,3.7303526343258175,3.8066933265701848,3.8443583420659855,3.788649196053735,3.856622082779186,3.9392974315387104,3.683957035830377,3.764073424613697,3.832720820252896,3.9600659028894474,3.723573222585181,3.7944757469052868,3.876995627352109,3.947702444860484,4.07886787997613,3.5066660445705105,3.5734383247554646,3.651151221875286,3.7177391956453083,3.841263925802763,3.69,-2.2702104097452898,-9.912209064924443,-179.90968983640477,8.925826575815082,15.48642237765492,-4.195365027864593,97.72727272727278,0.0,2.702702702702648,-6.860158311345653,-10.178117048346063,31.06796116504855,-0.05978173705239542,-0.05701121693193434,3.792698103941405,3.704410758423042,3.612,3.707,3.791,3.842333333333333,3.9105,3.877666666666667,-0.0900000000000003,0.009999999999999787,0.009999999999999787,0.023306481239858973,3.8125,4.047267970558166,3.5777320294418336,21.839080459770408,42095089,-0.8850488664453464,-0.8435641568825357,0.19497217016498872,0.4805194805194801,0.6888888888888892,16.666666666666664,3.63,11.826239863722654,18.76672027857484,3.8125,3.742,3.666,3.6,0,0,0,0,0,0,1,0,1,2.0,1,1.0,0,0,1.0,1,0,1,0,3.0
20190103,5442,000415XSHE20190103,20200210004725,0,104285,3.59,37091276.0,000415.XSHE,3.52,1500,3.56,3.53,354732.90625,618452.125,0.8498583569,3.53,2.0,3.5967464223852303,3.6248540650720047,3.7006185785962797,3.750577445154169,3.568908668993381,3.709058555035091,3.7907776280817855,3.8319949358892047,3.7710607963572937,3.844989844238826,3.929315920182429,3.6614193929521264,3.7446378603647736,3.8194173656064137,3.950187732447732,3.704648815056788,3.77126197474069,3.8569769961757165,3.933999886574607,4.068693364421164,3.4888440297136736,3.551576811163562,3.6322987245538303,3.7048348446382215,3.8316821004743,3.62,-0.7250418293363023,-9.016561030464091,-137.11566159433872,10.394995494987839,13.78928008343256,3.606426318098397,90.90909090909088,15.789473684210625,10.000000000000012,-6.315789473684204,-8.247422680412367,36.842105263157904,-0.06647888737941665,-0.05357720261616983,3.775461207353152,3.6821937186656513,3.5860000000000003,3.681,3.7705,3.8256666666666654,3.89825,3.8718333333333335,0.03000000000000025,0.029999999999999805,0.009999999999999787,0.02239319222285797,3.791,4.0312061614530315,3.5507938385469684,57.00934579439297,41990804,-0.8421273225249258,-0.8635880944851362,0.31270304970916785,0.5310344827586204,0.7480314960629925,16.666666666666664,3.62,8.925826575815082,15.48642237765492,3.791,3.707,3.612,3.53,0,0,0,0,0,0,1,0,1,2.0,1,1.0,0,0,1.0,0,0,1,0,2.0
20190104,5443,000415XSHE20190104,20200210004725,0,218498,3.74,79624152.0,000415.XSHE,3.5,1500,3.7,3.53,354732.90625,618452.125,3.9325842697000004,3.56,3.0,3.6311642815901535,3.643640548804004,3.7005361014501097,3.745979495594699,3.63445433449669,3.707926235655704,3.78492100691522,3.826256025633152,3.7655945812528873,3.839303967994166,3.923281290703944,3.668434048779012,3.740386635568129,3.8135921282597596,3.94401025757248,3.740099210037858,3.7784870702423823,3.8525982346351726,3.9279998921075534,4.0623305652996535,3.5222293531424484,3.558381027315641,3.628175036501085,3.6991843644119666,3.8256899498453047,3.62,2.7207107162687354,-5.341792877609467,-51.55830045176377,27.763330329991923,18.44729683228568,46.395397325404396,56.52173913043474,65.38461538461536,37.500000000000036,0.2710027100271065,-4.639175257731951,43.92523364485982,-0.07017077824887599,-0.029535126955674677,3.7698714882899558,3.6849331465632433,3.6020000000000003,3.67,3.7595,3.8123333333333336,3.8925,3.869833333333333,0.17000000000000035,0.040000000000000036,0.029999999999999805,0.027304875559738158,3.7705,4.002316737963418,3.538683262036582,132.00000000000085,42209302,-0.4897966053562812,-0.6659619639406035,0.4099988390971295,0.676056338028169,0.7894736842105267,33.33333333333333,3.53,10.394995494987839,13.78928008343256,3.7705,3.681,3.5860000000000003,3.56,0,0,0,0,0,0,1,0,0,1.0,0,1.0,0,0,1.0,0,0,1,0,2.0
20190107,5444,000415XSHE20190107,20200210004725,0,184030,3.74,68433632.0,000415.XSHE,3.69,1500,3.72,3.71,354732.90625,618452.125,0.5405405405,3.7,4.0,3.660776187726769,3.6627304116030026,3.7031312879234286,3.743617723267908,3.677227167248345,3.709435456198741,3.780732554856173,3.8216361984317113,3.762087305771896,3.8346253810140025,3.91793178305384,3.677809676273737,3.738445051228307,3.809026658588552,3.938479140101554,3.7705994733585717,3.788143966561949,3.850598402765156,3.923297458346209,4.0566335143046,3.5509529020949664,3.5674753859855244,3.626291699691458,3.694755858830896,3.8203247658985067,3.6,2.705687465488689,-4.737516005121618,4.572072072072109,42.95333133110576,26.61597499855904,75.62804399619921,43.58974358974357,67.85714285714283,40.816326530612265,2.7624309392265216,-2.6178010471204103,37.500000000000036,-0.07130647397514223,-0.00908556581012987,3.7661773039721815,3.6903280470919744,3.622,3.663,3.7565,3.799,3.886,3.873,0.010000000000000231,0.020000000000000014,0.020000000000000014,0.02706584812477917,3.7595,3.991730488954401,3.5272695110456,171.79487179487273,42025272,-0.12467658135789217,-0.3072365933570867,0.6610549627825254,0.6762589928057559,0.7923076923076925,50.0,3.53,27.763330329991923,18.44729683228568,3.7595,3.67,3.6020000000000003,3.7,0,0,0,1,0,0,1,0,0,1.0,0,1.0,0,0,1.0,0,0,1,0,2.0
20190108,5445,000415XSHE20190108,20200210004725,0,203209,3.82,76904008.0,000415.XSHE,3.71,1500,3.8,3.71,354732.90625,618452.125,2.1505376344,3.72,4.0,3.70718412515118,3.697047808702252,3.7160471162003046,3.748743384789008,3.738613583624173,3.7207560241738986,3.7819756158331934,3.820695494152072,3.765003666866365,3.8332675229350217,3.91482831507874,3.700026098769422,3.7443074273018015,3.8085863337793535,3.935059902074356,3.818399648905715,3.811026881732504,3.856636650120856,3.9228439237927346,4.053111699136586,3.5959686013966436,3.5890253158063383,3.6319782044827473,3.6943287437659738,3.8170081050121247,3.53,3.76843255051884,-2.6639344262294884,51.609814482345456,59.88555422073717,37.70583473928508,104.24499318364136,21.05263157894739,79.4117647058823,50.90909090909089,4.972375690607727,-0.2624671916010559,41.747572815533964,-0.0693415859064058,0.015719104549891394,3.7686826888631315,3.7072006552316714,3.662,3.6639999999999997,3.7555,3.795,3.88175,3.8763333333333336,0.08999999999999986,0.020000000000000014,0.0,0.028377471510420044,3.7565,3.9877985084258,3.5252014915742,256.92307692307776,42228481,0.263281420843417,0.06930241974276241,0.9523677765025284,0.8064516129032258,0.8983050847457621,66.66666666666666,3.71,42.95333133110576,26.61597499855904,3.7565,3.663,3.622,3.72,0,0,0,1,0,0,0,0,0,0.0,0,1.0,0,0,1.0,0,0,0,0,2.0
20190109,5446,000415XSHE20190109,20200210004725,0,170664,3.83,64940884.0,000415.XSHE,3.77,1500,3.77,3.81,354732.90625,618452.125,-0.7894736842,3.8,4.0,3.7281227501007854,3.715285856526689,3.723240834040264,3.750675804353643,3.7543067918120863,3.726911521152161,3.78120299545686,3.818491342232416,3.7653880001843367,3.8307864436042367,3.9110170436293,3.71274862626589,3.746754338987345,3.8067040735949953,3.930984348936717,3.8399664326038097,3.8241310850538666,3.859156969156965,3.920905195802845,4.048913879404819,3.6162790675977625,3.6013661674779134,3.6343517088177246,3.692502951387145,3.813054818468616,3.56,1.617250673854449,-3.3927839278392686,69.88321654988296,67.19643008655207,47.536033188374084,106.517223882908,20.58823529411761,90.00000000000006,48.27586206896552,4.72222222222222,-0.5277044854881272,42.57425742574258,-0.06585690364062972,0.027877458126208537,3.7687802674658624,3.716862092888337,3.71,3.661,3.753,3.792333333333333,3.8739999999999997,3.8781666666666665,-0.040000000000000036,0.020000000000000014,0.0,0.0289163518678122,3.7555,3.9850299544721777,3.5259700455278224,562.5000000000034,42057817,0.4484791206776143,0.35588027076051565,0.8969706951421254,0.7822580645161289,0.9051724137931032,66.66666666666666,3.71,59.88555422073717,37.70583473928508,3.7555,3.6639999999999997,3.662,3.8,0,0,1,1,0,0,0,0,0,1.0,0,1.0,1,0,1.0,1,1,0,0,3.0
20190110,5447,000415XSHE20190110,20200210004725,0,97555,3.79,36793544.0,000415.XSHE,3.74,1500,3.75,3.78,354732.90625,618452.125,-0.5305039788,3.77,1.0,3.7354151667338567,3.723964392395017,3.726808722834895,3.750614367594221,3.752153395906043,3.729797581008141,3.779189898975772,3.815513457787528,3.7642043078624647,3.8276183477766192,3.906779753007476,3.719521603308456,3.7470634495599784,3.803938021224508,3.926515599580256,3.847477621735873,3.8311072514077096,3.859475353046778,3.918056161861243,4.044311067567663,3.6233527117318416,3.6079359552092014,3.6346515460731794,3.689819880587772,3.8087201315928483,3.7,0.053361792956249314,-3.801754655995077,54.65746307429703,70.05014531022663,55.0407372289916,100.06896147269669,24.242424242424264,82.7586206896552,45.76271186440679,6.2322946175637455,-1.0554089709762544,48.31460674157304,-0.06177130373220136,0.03268479926742696,3.767389136542465,3.721960232443977,3.748,3.667,3.748,3.7880000000000003,3.8625,3.881333333333333,-0.029999999999999805,0.010000000000000231,0.009999999999999787,0.02537163642065772,3.753,3.978175487120601,3.5278245128793992,451.3513513513527,41960262,0.4597252249258864,0.4541021728017504,0.8006291945031262,0.8016528925619835,0.7165354330708661,66.66666666666666,3.81,67.19643008655207,47.536033188374084,3.753,3.661,3.71,3.77,0,0,1,1,0,0,0,0,0,1.0,0,1.0,1,0,1.0,1,1,0,0,3.0
20190111,5448,000415XSHE20190111,20200210004725,0,117350,3.8,44354884.0,000415.XSHE,3.76,1500,3.8,3.76,354732.90625,618452.125,1.3333333333,3.75,3.0,3.7569434444892384,3.7429732942962635,3.7365675597902426,3.7551039705402007,3.776076697953021,3.738572883382124,3.7805324861386254,3.8148389596228527,3.7669578226422753,3.826535275314791,3.90396975950728,3.734154039070555,3.7521050257923623,3.80374592262819,3.923391757615311,3.8696517478239154,3.846178660242672,3.8646681765661337,3.917858300307036,4.041093510343772,3.6442351411545606,3.6221294178984382,3.6395418750185913,3.6896335449493436,3.805690004886852,3.72,0.8492569002123149,-2.429004262311914,92.42384338512855,77.0031271765147,62.36153387816596,106.2863137732122,9.090909090909165,75.0,60.377358490566024,6.741573033707857,0.0,48.88888888888889,-0.05658472409142488,0.04149263712621183,3.769804756057838,3.733966350529519,3.7680000000000002,3.685,3.743,3.784,3.8535,3.8841666666666668,0.040000000000000036,0.0,0.0,0.024214323248223868,3.748,3.963694228017349,3.532305771982651,853.8461538461612,42077612,0.4866121088654084,0.4731686668956474,0.8399127370773012,0.8547008547008544,0.7786885245901634,66.66666666666666,3.78,70.05014531022663,55.0407372289916,3.748,3.667,3.748,3.75,0,0,1,1,0,0,0,0,0,1.0,0,1.0,1,1,0.0,0,1,0,0,3.0
20190114,5449,000415XSHE20190114,20200210004725,0,95781,3.85,36521180.0,000415.XSHE,3.78,1500,3.79,3.8,354732.90625,618452.125,-0.2631578947,3.8,4.0,3.7679622963261594,3.7547299707221966,3.7436918851515433,3.758276336854728,3.783038348976511,3.745001272959358,3.7811432934845204,3.813759004856642,3.7687302978236383,3.825102519420093,3.90097055530972,3.744307850148636,3.755714070954993,3.8030753898170593,3.920098133970488,3.881001165215944,3.8566370856530954,3.868385493083643,3.9171676515115714,4.037701077989603,3.6549234274363736,3.6319786146441766,3.643042648826344,3.688983128122548,3.8024951899513737,3.8,0.211528291909043,-2.5706940874036013,138.19286256643883,78.95446573672406,67.892511164352,101.07837488146822,17.142857142857153,68.42105263157899,68.08510638297872,2.4324324324324285,2.710027100271005,48.35164835164837,-0.05101053688654742,0.04459349763901961,3.7713007000535534,3.7425869119865163,3.782,3.702,3.736,3.783333333333333,3.8429999999999986,3.8885,-0.009999999999999787,0.05000000000000026,0.010000000000000231,0.0232988580082058,3.743,3.9424392137970865,3.543560786202913,355.1724137931077,41981831,0.458104320832925,0.4723582148491667,0.8893508615407767,0.8879310344827585,0.8879310344827585,50.0,3.76,77.0031271765147,62.36153387816596,3.743,3.685,3.7680000000000002,3.8,0,0,1,1,0,0,0,0,0,1.0,0,1.0,1,1,0.0,1,1,0,0,3.0
20190115,5450,000415XSHE20190115,20200210004725,0,109664,3.85,42010752.0,000415.XSHE,3.79,1500,3.84,3.79,354732.90625,618452.125,1.3192612137000002,3.79,4.0,3.7919748642174387,3.776047478041648,3.7565329671313368,3.7657057607770255,3.811519174488256,3.7568761138394384,3.7849405003564867,3.8148999176889618,3.774212582606436,3.8256867343447967,3.8993660670120955,3.7617064228488832,3.763741302292613,3.8048765903137887,3.918120402267513,3.9057341101439618,3.8745576155343504,3.8766535413613923,3.9190228880232025,4.035664014335539,3.678215618290916,3.648855230163417,3.6508290632238345,3.690730292604375,3.800576790199488,3.77,1.319261213720312,-1.1633892721095302,212.65312004611644,85.01726287210174,73.6007617336019,107.85026514910138,2.8571428571429225,62.500000000000064,71.15384615384616,3.2258064516128933,6.077348066298336,49.46236559139785,-0.04457162874422911,0.05151126513854645,3.776389537086623,3.7575735409116673,3.79,3.726,3.734,3.7836666666666665,3.8315,3.8923333333333336,0.049999999999999815,0.010000000000000231,0.0,0.02319469134153913,3.736,3.930360489812101,3.5416395101878986,261.29032258064905,42091495,0.4839963009090663,0.4710503108709957,1.146018137455742,1.0686274509803921,1.0891089108910883,50.0,3.8,78.95446573672406,67.892511164352,3.736,3.702,3.782,3.79,0,0,1,1,0,0,0,0,0,1.0,0,1.0,1,1,0.0,0,1,0,0,3.0
20190116,5451,000415XSHE20190116,20200210004725,0,98103,3.86,37504240.0,000415.XSHE,3.8,1500,3.82,3.85,354732.90625,618452.125,-0.5208333333,3.84,4.0,3.8013165761449588,3.787035608531236,3.764995238180492,3.7706416007063863,3.815759587244128,3.764766599609509,3.7872024035592937,3.815121660398137,3.7777346916367103,3.8254637251548034,3.89727748630125,3.7723052550581766,3.769099273502841,3.805614317615555,3.9156976762855993,3.915356073429308,3.8854744127099226,3.8821722517079262,3.919782747144022,4.0331686065741685,3.6872770788606095,3.659136097406432,3.6560262952977554,3.6914458880870877,3.798226745997032,3.75,0.5263157894736847,-1.5311646130845007,366.66666666666686,86.30780487769745,77.83644278163376,103.25052906982485,11.111111111111123,66.66666666666666,71.15384615384616,0.5263157894736847,5.524861878453032,45.55555555555554,-0.03814576903662964,0.05140687766079577,3.779619941746873,3.7671776115406415,3.8,3.755,3.731,3.779,3.8205,3.8911666666666664,-0.03000000000000025,0.009999999999999787,0.020000000000000014,0.021649224661029517,3.734,3.9209652374105954,3.5470347625894063,194.73684210526417,41993392,0.4463145298503594,0.4651554153797128,1.2724482756747657,0.9813084112149524,1.0190476190476179,33.33333333333333,3.79,85.01726287210174,73.6007617336019,3.734,3.726,3.79,3.84,0,0,1,1,0,0,0,0,0,1.0,0,1.0,1,1,0.0,1,1,0,0,3.0
20190117,5452,000415XSHE20190117,20200210004725,0,108650,3.84,41470328.0,000415.XSHE,3.79,1500,3.82,3.82,354732.90625,618452.125,0.0,3.82,4.0,3.80754438409664,3.7952767063984267,3.772329206423093,3.7751287279148973,3.817879793622064,3.77167077465832,3.78931837752321,3.8153337621199572,3.780985869203117,3.8252494614232413,3.8952438682406916,3.7809770268657816,3.773946961740666,3.806316058219674,3.9133347706983006,3.9217707156195383,3.8944063376717546,3.887165370592885,3.920505539966265,4.03073481381925,3.6933180525737406,3.6675477160598082,3.6607285528884455,3.692126576473084,3.795934727577352,3.8,0.15731515469322974,-1.41426654278931,3076.836158191962,83.02873266356299,79.56720607561017,89.95178583946861,11.111111111111123,76.92307692307698,82.22222222222226,1.3262599469495973,6.111111111111104,43.67816091954021,-0.031978000095493675,0.04934215152908772,3.782611057173031,3.775304132842081,3.8139999999999996,3.781,3.730999999999999,3.774,3.8145,3.890833333333333,0.0,0.020000000000000014,0.029999999999999805,0.020991833049758272,3.731,3.9179652374105953,3.5440347625894058,229.4117647058828,42102042,0.3794989969462508,0.4129067633983051,1.512613748024095,0.962962962962962,1.0384615384615377,33.33333333333333,3.85,86.30780487769745,77.83644278163376,3.731,3.755,3.8,3.82,1,0,1,1,0,0,0,0,0,2.0,0,1.0,1,1,0.0,0,1,0,0,3.0
20190118,5453,000415XSHE20190118,20200210004725,0,120871,3.85,46266752.0,000415.XSHE,3.8,1500,3.84,3.82,354732.90625,618452.125,0.5235602093999999,3.82,4.0,3.818362922731093,3.80645752979882,3.7813519789000143,3.78102611628627,3.828939896811032,3.7802119278260298,3.7925881596184867,3.816406207245176,3.7855254177259536,3.8258279139164486,3.893790082234357,3.791708476526548,3.780237727289173,3.807959177330909,3.9115240356193297,3.932913810413025,3.905459730822345,3.893644859107849,3.9221979526508366,4.02886975668791,3.70381203504916,3.677957222230752,3.6668305954704974,3.693720402010982,3.7941783145507504,3.79,0.4709576138147513,-0.8520526723470272,-395.6521739130454,84.2413773312642,81.12526316082818,90.47360567213623,5.5555555555555625,70.0000000000001,81.81818181818188,2.3999999999999964,8.781869688385273,47.61904761904761,-0.02590334943658688,0.0485972052712544,3.786862089975029,3.785257343174069,3.822,3.795,3.7325,3.7713333333333328,3.8080000000000003,3.889833333333333,0.020000000000000014,0.010000000000000231,0.020000000000000014,0.01580742989660511,3.730999999999999,3.920934199132225,3.5410658008677727,176.1904761904767,42222913,0.3395361919482989,0.3595175944472748,2.1537019681349583,0.9351851851851846,0.9904761904761894,50.0,3.82,83.02873266356299,79.56720607561017,3.730999999999999,3.781,3.8139999999999996,3.82,1,0,1,1,0,0,0,0,0,2.0,0,0.0,1,1,0.0,0,1,0,0,2.0
20190121,5454,000415XSHE20190121,20200210004725,0,117513,3.88,45271896.0,000415.XSHE,3.83,1500,3.84,3.84,354732.90625,618452.125,0.0,3.84,4.0,3.8255752818207283,3.8148431473491153,3.789171715046679,3.786387378442064,3.8344699484055162,3.787685436847776,3.7956469880301977,3.8174320243214734,3.7897157702085735,3.826383681998157,3.892374553754506,3.8004887535217216,3.785929372309252,3.809522144290377,3.9097580100484817,3.9403425402753496,3.914503416127373,3.89950725347853,3.9238078086190886,4.027050750349937,3.710808023366106,3.686474090916069,3.6723514911399744,3.695236479961666,3.7924652697470274,3.84,0.20876826722338224,-0.7803214304170499,-186.39053254437812,79.97044203036658,80.74032278400766,78.43068052308445,10.526315789473696,77.77777777777774,73.33333333333336,1.0526315789473697,7.865168539325838,47.61904761904761,-0.020146467765329832,0.04605505337005639,3.79079823145836,3.793679290378058,3.832,3.8070000000000013,3.735,3.773333333333333,3.801,3.8886666666666665,0.0,0.040000000000000036,0.009999999999999787,0.01576542720843306,3.7325,3.926664878389476,3.5383351216105234,176.92307692307782,42105400,0.29745851560556713,0.318497353776933,1.8545414558285207,0.8971962616822428,0.9519230769230764,33.33333333333333,3.82,84.2413773312642,81.12526316082818,3.7325,3.795,3.822,3.84,0,0,1,1,0,0,0,0,0,1.0,0,0.0,1,1,0.0,0,1,0,0,2.0
20190122,5455,000415XSHE20190122,20200210004725,0,208169,3.97,80744032.0,000415.XSHE,3.82,1500,3.85,3.84,354732.90625,618452.125,0.2604166667,3.84,4.0,3.833716854547152,3.823632360511836,3.797282153040455,3.79217034403824,3.842234974202758,3.795474757241805,3.7991536339637326,3.818848023264017,3.794353018654068,3.827309812115877,3.8912594339188606,3.8094907983359536,3.792031336851228,3.8114966738371874,3.9082825036275315,3.948728360183567,3.9237755222860318,3.905792276956765,3.9258415740523036,4.025530978736358,3.7187053489107376,3.695206074385875,3.6782703967456913,3.697151773622072,3.791034028518706,3.82,0.4173187271778708,-0.4602099384663069,-121.8853197238068,69.25565700575162,76.9121008579223,53.942769301410245,25.531914893617035,60.000000000000185,72.41379310344833,1.5831134564643814,4.054054054054052,51.89873417721521,-0.01468508075453381,0.04369109608636816,3.7951835476466296,3.8023440149352794,3.834000000000001,3.812,3.738,3.7743333333333333,3.7992499999999993,3.888666666666666,0.010000000000000231,0.1200000000000001,0.020000000000000014,0.016766794262431706,3.735,3.934258625911151,3.535741374088849,220.0000000000008,42313569,0.2674489663945419,0.2824537410000545,1.836583739652233,0.9719626168224296,1.0288461538461533,50.0,3.84,79.97044203036658,80.74032278400766,3.735,3.8070000000000013,3.832,3.84,0,0,1,1,0,0,0,0,0,1.0,0,0.0,1,1,0.0,0,1,0,0,2.0
20190123,5456,000415XSHE20190123,20200210004725,0,208000,3.83,78165336.0,000415.XSHE,3.7,1500,3.74,3.82,354732.90625,618452.125,-2.8571428571,3.85,1.0,3.802477903031434,3.802724270383877,3.789644532635061,3.7874275854893096,3.791117487101379,3.7885404125865785,3.7953372704822015,3.8154198483394937,3.79017201721914,3.823885897915253,3.887278922499944,3.796856107729417,3.7870759714368254,3.8080090312109824,3.9041273800811735,3.916552240122378,3.910761790961299,3.9006882505799294,3.9222493021473124,4.021251201483609,3.688403565940492,3.6829504244975335,3.673463692293721,3.6937687602746534,3.7870035586787374,3.82,-2.0429544264012534,-3.1339031339031336,33.618807724601695,51.108709608772685,68.3109704415391,16.704187943239845,48.936170212765944,21.428571428571587,40.625000000000036,-2.6041666666666567,0.5376344086021511,46.067415730337096,-0.011416714489311648,0.02614693012177728,3.791095877450583,3.7927526280221597,3.818,3.8089999999999997,3.735,3.771666666666666,3.7965,3.8868333333333336,-0.07999999999999963,0.010000000000000231,0.040000000000000036,0.018651218154969184,3.738,3.9352308292331606,3.5407691707668403,68.62745098039258,42105569,0.0485911426534646,0.15802005452400325,1.1138429067480269,0.8620689655172421,0.8947368421052632,33.33333333333333,3.84,69.25565700575162,76.9121008579223,3.738,3.812,3.834000000000001,3.85,0,0,1,1,0,0,0,0,0,1.0,0,0.0,1,0,0.0,1,1,0,0,1.0
20190124,5457,000415XSHE20190124,20200210004725,0,203056,3.78,75893680.0,000415.XSHE,3.7,1500,3.74,3.74,354732.90625,618452.125,0.0,3.74,2.0,3.78165193535429,3.7870432027879084,3.7830252616170528,3.783115986808464,3.76555874355069,3.782472861013257,3.79176712399948,3.812140724498647,3.7863126312792064,3.820596254859753,3.883403161381524,3.786518633596795,3.7825925455857,3.804691517493373,3.9000748521779354,3.8951014934149186,3.9001141926046987,3.896070321953271,3.9188322630181744,4.017077097743273,3.668202377293661,3.6729230745888914,3.669114769218128,3.690550771968572,3.783072606612597,3.84,-1.6307206733298103,-2.8974971440440367,55.52538467868084,39.010744677453395,58.5442285201772,-0.05622300799419122,82.14285714285707,21.428571428571587,44.827586206896584,-2.0942408376963253,-1.5789473684210422,47.12643678160921,-0.00966820330020038,0.013988089512890156,3.787310997639429,3.7846368390956737,3.802,3.8080000000000007,3.7375,3.7679999999999993,3.793,3.883166666666667,0.0,0.039999999999999584,0.040000000000000036,0.01945692225479093,3.735,3.9311504524593297,3.5388495475406687,68.80733944954157,41902513,-0.13665435903743187,-0.04403160819198364,0.8710891956426523,0.8793103448275865,0.929203539823008,33.33333333333333,3.82,51.108709608772685,68.3109704415391,3.735,3.8089999999999997,3.818,3.74,0,0,1,0,0,0,0,0,0,1.0,0,0.0,1,0,0.0,0,1,0,0,1.0
20190125,5458,000415XSHE20190125,20200210004725,0,194997,3.8,73250392.0,000415.XSHE,3.72,1500,3.74,3.75,354732.90625,618452.125,0.0,3.74,2.0,3.7677679569028597,3.775282402090931,3.777288560068112,3.7791963516440585,3.752779371775345,3.7771637533865987,3.7884273095479006,3.8090041712595757,3.7827501211808063,3.817435617414272,3.879629393976748,3.7780607002155593,3.778536112672777,3.8015358337132077,3.8961223866920602,3.8808009956099463,3.891402521222026,3.891892196052959,3.915581908724605,4.013006058292822,3.6547349181957753,3.664718879209092,3.6651800292925927,3.687489758701812,3.779238715091298,3.84,-1.1105235325224698,-2.6852622814321445,47.81320787593688,30.94543472324055,49.344630587864984,-5.8529570060083245,85.18518518518519,8.333333333333519,48.14814814814818,-2.0942408376963253,-0.7957559681697559,47.12643678160921,-0.008941931883122867,0.005810171336620096,3.783806479295768,3.7777696330809554,3.782,3.802000000000001,3.7435,3.762666666666666,3.7885,3.8791666666666673,-0.009999999999999787,0.049999999999999815,0.020000000000000014,0.020543328108998626,3.7375,3.926102757137852,3.5488972428621466,78.1818181818183,41707516,-0.2411734627081611,-0.18891391087279646,0.8477721962212013,0.972477064220184,1.0673076923076907,33.33333333333333,3.74,39.010744677453395,58.5442285201772,3.7375,3.8080000000000007,3.802,3.74,0,0,1,0,0,0,0,0,0,1.0,0,0.0,0,0,0.0,1,1,0,0,0.0
20190128,5459,000415XSHE20190128,20200210004725,0,447422,3.69,158908944.0,000415.XSHE,3.47,1500,3.5,3.6,354732.90625,618452.125,-6.4171122995,3.74,2.0,3.678511971268573,3.7064618015681994,3.740316752059031,3.753814865130962,3.626389685887673,3.742518284213274,3.7698190960286815,3.7955692072917673,3.761000111859206,3.8049871618293984,3.8696391467668327,3.7275042092672765,3.7520088638467977,3.786826768654028,3.8863415870206506,3.788867330406631,3.8393293355452944,3.864569129762202,3.9004315717136486,4.00293183463127,3.568156612130516,3.6156790829892578,3.6394485979313935,3.6732219655944074,3.7697513394100315,3.85,-5.761981690899299,-8.592321755027447,354.80580619851133,22.630289815493683,40.43985033040789,-12.988831214334724,94.00000000000004,2.7777777777778394,17.391304347826107,-8.854166666666663,-6.666666666666668,36.36363636363637,-0.012703132256401873,-0.030089602986232044,3.762783777125711,3.7350358433761928,3.714,3.773000000000001,3.7375,3.7483333333333326,3.78075,3.8705,-0.10000000000000007,0.08999999999999986,0.029999999999999805,0.02498207669550446,3.7435,3.953821182955973,3.533178817044026,19.457013574660454,42154938,-0.6809408103425504,-0.4610571365253557,0.6121660560205733,0.9913793103448282,0.8188976377952744,16.666666666666664,3.75,30.94543472324055,49.344630587864984,3.7435,3.802000000000001,3.782,3.74,0,0,1,0,0,0,0,0,0,1.0,1,0.0,1,0,0.0,1,0,0,0,1.0
20190129,5460,000415XSHE20190129,20200210004725,0,254367,3.5,87418376.0,000415.XSHE,3.4,1500,3.41,3.5,354732.90625,618452.125,-2.5714285714,3.5,2.0,3.5890079808457167,3.6323463511761487,3.69627451845116,3.722558968300875,3.5181948429438363,3.7009534986866153,3.7466049608010237,3.778805328713864,3.734000103254652,3.7894974692086367,3.8575433797466534,3.66977617121868,3.7194365910994827,3.768444975061148,3.8745800663534737,3.696678220271088,3.779869456355241,3.8310196888324684,3.8814983243129824,3.990817468344078,3.4813377414203437,3.55968288608212,3.6078534933664974,3.6553916258093135,3.7583426643628695,3.74,-5.956977385548818,-10.526868178001706,1536.2530413625439,15.671655198633227,32.183785286483,-17.35260497706632,98.24561403508768,0.0,14.814814814814827,-11.19791666666666,-10.263157894736834,37.03703703703704,-0.02048676910035045,-0.06226909475158862,3.7366516454867695,3.6850303290106248,3.626,3.73,3.728,3.7326666666666664,3.77025,3.8593333333333337,-0.08999999999999986,0.0,0.010000000000000231,0.02635212801515255,3.7375,3.98558063205337,3.489419367946629,-8.270676691729543,41900571,-1.1537527542793096,-0.91734678231093,0.4317203133988136,0.9421487603305794,0.7803030303030294,16.666666666666664,3.6,22.630289815493683,40.43985033040789,3.7375,3.773000000000001,3.714,3.5,0,0,0,0,0,0,1,0,0,1.0,1,0.0,0,0,0.0,1,0,0,0,0.0
20190130,5461,000415XSHE20190130,20200210004725,0,173968,3.44,59352196.0,000415.XSHE,3.36,1500,3.41,3.41,354732.90625,618452.125,0.0,3.41,2.0,3.5293386538971436,3.5767597633821118,3.658104582657672,3.6941445166371585,3.4640974214719185,3.664584311350788,3.724888511717087,3.762770314421957,3.7090770183889097,3.774615215514181,3.8457659223848975,3.6225441400880114,3.6899664395661986,3.750959854326458,3.863108953604005,3.6352188135140575,3.731220464290652,3.800665432753185,3.863488649956252,3.9790022222121255,3.4234584942802297,3.513867815885371,3.579267446379213,3.6384310586966633,3.7472156849958846,3.74,-4.2134831460674125,-10.125981761636199,-1564.2079806529425,13.180010569580634,25.84919371418221,-12.158355719622518,91.80327868852456,0.0,6.122448979591884,-11.428571428571427,-10.026385224274405,39.603960396039604,-0.03033686660053373,-0.07880078000146623,3.7124552273025646,3.6427179707012978,3.56,3.6889999999999996,3.722,3.7169999999999987,3.7565,3.847666666666667,0.0,0.029999999999999805,0.05000000000000026,0.027127488442598772,3.728,3.999632104140877,3.4563678958591235,-0.4444444444447501,41726603,-1.405085441201725,-1.279419097740517,0.4920612237098138,0.9268292682926838,0.7686567164179096,0.0,3.5,15.671655198633227,32.183785286483,3.728,3.73,3.626,3.41,0,0,0,0,0,0,1,0,0,1.0,1,0.0,0,0,0.0,0,0,0,0,0.0
20190131,5462,000415XSHE20190131,20200210004725,0,206032,3.43,69900304.0,000415.XSHE,3.36,1500,3.38,3.41,354732.90625,618452.125,-0.8797653959,3.41,2.0,3.4795591025980963,3.5275698225365835,3.6210239716366486,3.665585924215599,3.4220487107359587,3.629011272431939,3.7026376399934033,3.7461281268383937,3.6837634015897622,3.759140109023428,3.833508924427401,3.5784452055265548,3.660445826274181,3.7328642516763866,3.8511803374656335,3.5839458756760387,3.685798561692352,3.770259201062406,3.8448501792266785,3.9667157475896033,3.3751723295201534,3.471091849360758,3.550632451485954,3.620878324126095,3.7356449273416654,3.74,-3.096330275229373,-10.596201661112008,-488.8361045130619,9.879569887917146,20.525985772093858,-11.413261880436275,96.72131147540985,0.0,6.000000000000044,-9.62566844919787,-11.979166666666664,38.46153846153845,-0.04137531184170816,-0.0883075619293954,3.687828914169042,3.602299821362636,3.4880000000000004,3.645000000000001,3.713,3.7023333333333333,3.741750000000001,3.8365,-0.03000000000000025,0.020000000000000014,0.020000000000000014,0.027889593836198344,3.722,4.024661527122295,3.4193384728777048,-0.9009009009010408,41932635,-1.4908218536345241,-1.4479536474181245,0.3686805928859416,0.9200000000000008,0.7647058823529405,0.0,3.41,13.180010569580634,25.84919371418221,3.722,3.6889999999999996,3.56,3.41,0,0,0,0,0,0,1,0,0,1.0,1,0.0,0,0,0.0,1,0,0,0,0.0
20190201,5463,000415XSHE20190201,20200210004725,0,176649,3.47,60632324.0,000415.XSHE,3.37,1500,3.47,3.39,354732.90625,618452.125,2.6627218935,3.38,3.0,3.476372735065397,3.513177366902437,3.6008874420850963,3.647805385650544,3.44602435536798,3.6091348633779465,3.687628759993829,3.7341225561062883,3.6673200630059344,3.747801281218588,3.823942900100364,3.558727895430817,3.6423081285337817,3.720041605253148,3.8417684772812986,3.580663917117359,3.6654897322937416,3.751577372389796,3.831642853410743,3.957021531599737,3.372081553013435,3.451966058567893,3.5330388846777687,3.6084403570955534,3.7265154229628585,3.5,1.048340128130474,-7.908704883227178,-237.24460011675362,12.597308887026744,17.883093477071487,2.025739706937266,81.96721311475406,20.00000000000004,20.338983050847524,-7.219251336898395,-9.162303664921456,44.14414414414414,-0.051049736744156235,-0.07739539921958463,3.671693439045409,3.5819460026914607,3.434,3.608,3.7014999999999993,3.6910000000000003,3.7305,3.828833333333333,0.08000000000000007,0.0,0.020000000000000014,0.02946935488326846,3.713,4.033703913290748,3.3922960867092518,3.16742081447965,41755986,-1.262195832261035,-1.3765088429477794,0.5006677885887071,1.1284403669724783,0.9999999999999992,16.666666666666664,3.41,9.879569887917146,20.525985772093858,3.713,3.645000000000001,3.4880000000000004,3.38,0,0,0,0,0,0,1,0,0,1.0,0,0.0,0,0,0.0,0,0,0,0,0.0
20190211,5464,000415XSHE20190211,20200210004725,0,181963,3.53,63529320.0,000415.XSHE,3.44,1500,3.53,3.45,354732.90625,618452.125,1.7291066281999998,3.47,4.0,3.4942484900435984,3.517383025176828,3.5914357831404167,3.6370958051368585,3.4880121776839896,3.599243005455704,3.677459162574873,3.7252476623625377,3.656756981236247,3.7392600545041335,3.816207560624039,3.553504641716124,3.6316121162924695,3.7107712830456783,3.834070490187933,3.5990759447449063,3.6601097809676073,3.740560479781244,3.822094421537048,3.9490926048935706,3.38942103534229,3.4468995024646403,3.5226637528036955,3.5994481445543074,3.7190483754822954,3.41,2.6162790697674376,-6.022043554656312,-117.56826378155591,20.454943513336968,18.740376822493317,23.88407689502429,72.13114754098363,55.55555555555552,25.39682539682541,-5.6149732620320965,-7.591623036649215,50.0,-0.05828845315053543,-0.057909731251033526,3.6611976287457497,3.573954309969697,3.44,3.5770000000000004,3.6919999999999993,3.682333333333333,3.72425,3.8213333333333335,0.07999999999999963,0.0,0.010000000000000231,0.03071684662075665,3.7014999999999993,4.030595730753226,3.3724042692467733,58.55855855855852,41937949,-0.8547244527215642,-1.0584601424912996,0.6000440283642788,1.2621359223300983,1.0990990990990976,33.33333333333333,3.39,12.597308887026744,17.883093477071487,3.7014999999999993,3.608,3.434,3.47,0,0,0,0,0,0,1,0,0,1.0,0,0.0,0,0,0.0,0,0,0,0,0.0
20190212,5465,000415XSHE20190212,20200210004725,0,245222,3.63,87725680.0,000415.XSHE,3.5,1500,3.6,3.52,354732.90625,618452.125,1.9830028329,3.53,4.0,3.529498993362399,3.5380372688826207,3.5925776787216948,3.6337234592153256,3.544006088841994,3.5993376297737414,3.6724617972474616,3.7198021118250364,3.6523910596026896,3.733798875896128,3.8105178879760375,3.5619583432222828,3.6286014385503296,3.7053678058239377,3.828290971911687,3.6353839631632714,3.668817093518952,3.73745948170684,3.8165288399986563,3.943139701069038,3.4236140235615267,3.4550995929256136,3.5197433953938195,3.5942067716492194,3.713442242754336,3.41,3.5077630822311643,-3.994879726918768,-40.23668639053255,31.818447190709513,23.099733611898714,49.255874348331105,60.655737704918025,87.99999999999994,32.85714285714289,2.85714285714286,-6.249999999999996,51.75438596491229,-0.0623713888915784,-0.03266348592834378,3.6566644710608793,3.577961339205129,3.478,3.5520000000000005,3.682,3.676,3.71875,3.815166666666667,0.08000000000000007,0.029999999999999805,0.020000000000000014,0.030431853835763863,3.6919999999999993,4.019511831847339,3.36448816815266,224.13793103448288,42183171,-0.3668118541045913,-0.6107681534130778,0.6798541030937628,1.3838383838383854,1.0884955752212382,50.0,3.45,20.454943513336968,18.740376822493317,3.6919999999999993,3.5770000000000004,3.44,3.53,0,0,0,0,0,0,1,0,0,1.0,0,0.0,0,0,0.0,0,0,0,0,0.0
20190213,5466,000415XSHE20190213,20200210004725,0,284716,3.67,103276352.0,000415.XSHE,3.57,1500,3.65,3.61,354732.90625,618452.125,1.3888888889,3.6,4.0,3.5696659955749332,3.5660279516619657,3.600233988225469,3.635203144741205,3.597003044420997,3.6056704260520234,3.671012649037949,3.7167672373978613,3.6522071319409446,3.7305126454688287,3.8062937330293,3.577965917181868,3.630639396783632,3.70266693724716,3.8238887256916456,3.6767559754421812,3.685304894697324,3.7395585786871406,3.8137469453645756,3.938605387462395,3.4625760157076853,3.470626939666412,3.5217202148801228,3.5915869291297455,3.709172063920896,3.38,3.5167328417470256,-2.557531101500361,3.716090672612388,43.18199509683665,29.79382077354469,69.95834374342058,52.45901639344264,89.99999999999994,36.48648648648648,7.038123167155418,-4.947916666666666,47.61904761904761,-0.06332243040150351,-0.007608332079400981,3.656170806537852,3.5890442100966475,3.5260000000000002,3.543,3.676,3.6710000000000003,3.7145,3.8080000000000003,0.040000000000000036,0.020000000000000014,0.040000000000000036,0.029695644034284117,3.682,4.007232224725657,3.3567677752743434,460.00000000000085,42467887,0.08287453309233747,-0.14196866050612694,0.8572035509194107,1.4000000000000008,1.1052631578947356,66.66666666666666,3.52,31.818447190709513,23.099733611898714,3.682,3.5520000000000005,3.478,3.6,0,0,0,1,0,0,0,0,0,0.0,0,0.0,0,0,0.0,0,0,0,0,0.0
20190214,5467,000415XSHE20190214,20200210004725,0,249152,3.68,91042656.0,000415.XSHE,3.63,1500,3.66,3.66,354732.90625,618452.125,0.2739726027,3.65,4.0,3.5997773303832887,3.5895209637464744,3.6082027897954063,3.637457404310187,3.6285015222104984,3.6124616227955197,3.670302155551629,3.7142990966414313,3.6528065833301033,3.7277474436857374,3.8024438979495816,3.5928812049669827,3.6334356447090013,3.7005856232351033,3.8198420904893835,3.7077706502947874,3.700667641115992,3.7424387140502717,3.8116031919321567,3.9344373532040646,3.4917840104717897,3.485094768817973,3.5244325753677312,3.5895680545380495,3.7052468277747015,3.47,2.17755443886098,-2.1756561714866187,27.222222222221546,59.09102703425477,39.55955619378139,98.15396871520151,50.81967213114753,100.0,43.75,7.331378299120232,-4.935064935064934,47.115384615384606,-0.061956737327526025,0.010925544591819894,3.65645445049801,3.599960485466394,3.582,3.5349999999999997,3.6715,3.67,3.70975,3.7988333333333335,0.0,0.020000000000000014,0.03000000000000025,0.028922726819708294,3.676,3.9994980680004133,3.3525019319995866,889.4736842105293,42218735,0.3776995379750779,0.2302870355337077,0.7399677074904581,1.5161290322580656,1.166666666666666,83.33333333333334,3.61,43.18199509683665,29.79382077354469,3.676,3.543,3.5260000000000002,3.65,0,0,0,1,0,0,0,0,0,0.0,0,0.0,0,0,0.0,0,0,0,0,0.0
20190215,5468,000415XSHE20190215,20200210004725,0,221360,3.68,80652592.0,000415.XSHE,3.62,1500,3.63,3.66,354732.90625,618452.125,-0.8196721311,3.66,4.0,3.6098515535888587,3.5996407228098555,3.6111090844893523,3.636779458463807,3.62925076110525,3.61465391994608,3.667702016483783,3.7106339185265873,3.6510522307662487,3.7239142106000234,3.797905900635119,3.5996300767911675,3.6331084404510015,3.697142422101683,3.8151546314649534,3.718147100196525,3.707618979094903,3.742101693664532,3.808056694764733,3.9296092704089034,3.5015560069811933,3.4916411744874325,3.5241151872374714,3.5862281494386323,3.7006999925210047,3.53,0.44272274488101865,-2.8268551236749326,27.20478325859446,67.51901802283649,48.87937680346643,104.79830046157663,55.7377049180328,86.36363636363626,41.79104477611939,7.396449704142013,-2.9411764705882435,41.41414141414142,-0.059547972328308225,0.0192701199937424,3.6544948615722315,3.604581949240795,3.614,3.5239999999999996,3.663,3.6703333333333332,3.703,3.79,-0.03000000000000025,0.020000000000000014,0.009999999999999787,0.028436581948536693,3.6715,3.9899399472428034,3.3530600527571948,537.0370370370383,41997375,0.4549360885073685,0.4163178132412232,0.7339296119262233,1.427083333333334,1.099099099099098,83.33333333333334,3.66,59.09102703425477,39.55955619378139,3.6715,3.5349999999999997,3.582,3.66,0,0,1,1,0,0,0,0,0,1.0,0,0.0,0,0,0.0,1,0,0,0,0.0
20190218,5469,000415XSHE20190218,20200210004725,0,387171,3.82,144967408.0,000415.XSHE,3.64,1500,3.81,3.65,354732.90625,618452.125,4.958677686000001,3.63,4.0,3.6765677023925734,3.652230542107392,3.6376278732241047,3.6525267804216432,3.7196253805526247,3.63907217995282,3.6768825315493454,3.714954182938475,3.6632789822457688,3.7272901239098264,3.7982241664078784,3.6378791537382273,3.649955255646145,3.70264766980404,3.815027356613967,3.78686473346435,3.7470155283503743,3.7594539133155287,3.8137270998981614,3.929478177312386,3.566270671320796,3.5287427791260804,3.5404565979767595,3.5915682397099182,3.7005765359155482,3.6,3.8147138964577816,1.9916479280436945,102.97646875486919,77.62137433406492,58.460042646999256,115.94403770819626,4.255319148936172,91.17647058823522,54.11764705882352,9.798270893371754,1.8716577540106911,51.75438596491229,-0.05360418474951798,0.04755030063032191,3.6660137607150296,3.636184726280673,3.67,3.555,3.6639999999999997,3.6766666666666663,3.7,3.783333333333333,0.16000000000000014,0.009999999999999787,0.009999999999999787,0.026875277111641303,3.663,3.9831499648602193,3.3428500351397794,732.0000000000117,42384546,0.7515807967727267,0.6032584426400476,0.9684470918867673,1.4148936170212767,1.1826923076923066,83.33333333333334,3.66,67.51901802283649,48.87937680346643,3.663,3.5239999999999996,3.614,3.63,0,0,1,1,0,0,0,0,0,1.0,0,0.0,0,0,0.0,0,0,0,0,0.0
20190219,5470,000415XSHE20190219,20200210004725,0,853264,4.1,338521536.0,000415.XSHE,3.78,1500,3.97,3.81,354732.90625,618452.125,4.1994750656,3.81,4.0,3.774378468261716,3.731672906580544,3.681944156794224,3.6813879822014934,3.8448126902763127,3.680438157458717,3.695793335965517,3.726043131506368,3.686872906688402,3.736808158266303,3.802744583081355,3.6982647621494578,3.680435707489369,3.7156892468867695,3.818853841635845,3.887609822309568,3.809212705013942,3.7908487787140497,3.827159924293373,3.93341945688492,3.6611471142138634,3.5873168192849745,3.5700226362646874,3.6042185694801674,3.704288226386769,3.65,6.036324786324773,6.1951637063984535,283.56885563867905,79.22506036685412,65.3817152202842,106.91175065999396,17.5675675675675,93.02325581395344,80.5194805194805,12.464589235127493,6.149732620320853,58.59375,-0.043081415336380574,0.08418215530509926,3.6885312599213234,3.687540922237493,3.7440000000000007,3.611,3.6705,3.689,3.70225,3.777833333333333,0.16000000000000014,0.12999999999999945,0.03000000000000025,0.03200317919249698,3.6639999999999997,4.002908542235217,3.325091457764783,1477.7777777777958,43237810,1.2227523094649462,0.9871665531188364,1.745710021547786,1.6736842105263148,1.3962264150943382,83.33333333333334,3.65,77.62137433406492,58.460042646999256,3.6639999999999997,3.555,3.67,3.81,1,0,1,1,0,0,0,0,0,2.0,0,0.0,1,1,0.0,0,1,0,0,2.0
20190220,5471,000415XSHE20190220,20200210004725,0,454754,4.02,177904768.0,000415.XSHE,3.85,1500,3.9,3.98,354732.90625,618452.125,-1.7632241813999998,3.97,4.0,3.816252312174477,3.773754679935408,3.7110182692216607,3.7012618020013575,3.8724063451381565,3.7078833877763775,3.708967959451612,3.7336064736147865,3.7032672984816015,3.743207838334292,3.8053039361581615,3.734943896304102,3.701346592490381,3.7246800153313178,3.8208574504843424,3.930739881539712,3.8469922131932255,3.8123869902650926,3.836420415791258,3.9354831739988727,3.7017647428092415,3.6228955794149784,3.59030619471567,3.612939614871378,3.7062317269698117,3.66,2.7938850817079692,4.356202504548857,368.9458689458674,77.01762015324522,69.26035019793787,92.53216006385992,27.027027027027,77.7777777777777,82.6666666666666,8.333333333333329,11.428571428571427,53.846153846153854,-0.031258867636565955,0.09458038159851694,3.7041956110382617,3.720226934200954,3.794,3.66,3.674500000000001,3.701333333333333,3.70275,3.771833333333333,-0.08000000000000007,0.039999999999999584,0.049999999999999815,0.034016112495752863,3.6705,4.018147810290817,3.3228521897091827,467.27272727273163,42783056,1.3511188475967617,1.2869355785308538,1.7362153236508706,1.4074074074074066,1.2222222222222208,66.66666666666666,3.81,79.22506036685412,65.3817152202842,3.6705,3.611,3.7440000000000007,3.97,1,0,1,1,0,0,0,0,0,2.0,0,0.0,1,1,0.0,1,1,0,0,2.0
20190221,5472,000415XSHE20190221,20200210004725,0,850783,4.13,342803488.0,000415.XSHE,3.87,1500,4.02,3.9,354732.90625,618452.125,3.0769230769,3.9,4.0,3.8841682081163187,3.835316009951556,3.752215833325439,3.730238001819416,3.9462031725690783,3.7468979643043294,3.729034542712798,3.746058366066317,3.7276313524445546,3.7540624329094174,3.8109538325750516,3.7867722787942655,3.731694536062725,3.7390858682419847,3.825774550472384,4.000693254359807,3.9003754471580936,3.8436453721446067,3.851258444289245,3.940547786986556,3.767643161872828,3.673169110430437,3.619743699980844,3.626913292194725,3.7110013139582123,3.63,3.983445421624416,7.538387459204955,969.159497021827,79.36440377366105,72.62836805651227,92.83647520795864,14.285714285714329,82.14285714285707,85.05747126436775,10.136986301369856,17.88856304985335,58.156028368794296,-0.017255626376917483,0.11202593007718778,3.727588528739132,3.7663458674008083,3.866,3.7239999999999993,3.6845,3.7166666666666655,3.70775,3.771166666666667,0.11999999999999965,0.11000000000000032,0.029999999999999805,0.038412768270135365,3.674500000000001,4.048798009612662,3.300201990387339,450.00000000000296,43633839,1.4778898628483317,1.4145043552225465,2.9179029830685765,1.6168224299065417,1.3931623931623915,66.66666666666666,3.98,77.01762015324522,69.26035019793787,3.674500000000001,3.66,3.794,3.9,1,0,1,1,0,0,0,0,0,2.0,0,0.0,1,1,0.0,0,1,0,0,2.0
20190222,5473,000415XSHE20190222,20200210004725,0,1163296,4.37,484676992.0,000415.XSHE,3.96,1500,4.3,4.0,354732.90625,618452.125,6.9651741294,4.02,4.0,4.022778805410879,3.9514870074636668,3.825253722215381,3.7820345471085592,4.123101586284538,3.8160357187662886,3.7658710238281015,3.7701427849329985,3.7716597099488194,3.775471749265911,3.8238234685599193,3.8800864099225807,3.785818865961513,3.7664475332057914,3.8374838208310895,4.143462169573207,3.996489002220258,3.8993934319403594,3.879440959201964,3.952608335456023,3.902095441248553,3.7636838176249032,3.672244299982668,3.6534541072096167,3.7223593062061577,3.81,7.4999999999999964,14.795237332479038,-1233.7292161520322,83.56094351194261,76.27255987498904,98.13771078584976,6.930693069306956,91.358024691358,91.07142857142854,17.4863387978142,26.099706744868026,64.02439024390243,0.001886923843094021,0.15314040176009205,3.769989378462159,3.8484465031852992,4.0,3.807,3.7075,3.7366666666666655,3.72,3.7745000000000006,0.2999999999999998,0.07000000000000027,0.040000000000000036,0.04506580761066214,3.6845,4.14157220436163,3.227427795638369,596.1038961038993,44797135,1.9356994473687088,1.7067946551085202,4.239144470866833,1.9532710280373815,1.6333333333333324,66.66666666666666,3.9,79.36440377366105,72.62836805651227,3.6845,3.7239999999999993,3.866,4.02,1,0,1,1,0,0,0,0,0,2.0,0,0.0,1,1,0.0,0,1,0,0,2.0
20190225,5474,000415XSHE20190225,20200210004725,0,1685450,4.73,761003776.0,000415.XSHE,4.28,1500,4.73,4.45,354732.90625,618452.125,10.0,4.3,4.0,4.258519203607253,4.146115255597752,3.9458865592533297,3.868213224644145,4.426550793142269,3.930281253920503,3.8280728932585455,3.811875707327217,3.8453781937989104,3.812904229686856,3.8476702193872887,4.034616153573022,3.8757408787270826,3.8134500925616055,3.859521257353779,4.38627477971547,4.155654638180211,3.992013105088896,3.9278535953384535,3.9753068950743926,4.130763627499035,3.9135776689658304,3.7594686523652703,3.699046589784757,3.7437356196331657,3.97,13.049713193116641,25.63748406289845,-495.4999485119985,89.04062900796173,80.52858291931328,106.06472118525866,0.0,93.39622641509432,93.1506849315068,30.30303030303032,39.94082840236688,72.1951219512195,0.03010330741967864,0.2257310686126769,3.841101276353851,3.984070118079868,4.184,3.927,3.752,3.770333333333333,3.7435,3.784666666666667,0.28000000000000025,0.0,0.16999999999999993,0.05202997461172223,3.7075,4.345139396524399,3.0698606034756004,1010.3448275862132,46482585,2.875593599308728,2.405646523338718,7.434949855749417,1.8790322580645151,1.9024390243902445,83.33333333333334,4.0,83.56094351194261,76.27255987498904,3.7075,3.807,4.0,4.3,1,0,1,1,0,0,0,0,0,2.0,0,0.0,1,1,0.0,0,1,0,0,2.0
20190226,5475,000415XSHE20190226,20200210004725,0,1251488,4.73,573970304.0,000415.XSHE,4.47,1500,4.53,4.73,354732.90625,618452.125,-4.2283298097,4.73,4.0,4.349012802404835,4.242086441698313,4.023768351352886,3.928375658767405,4.478275396571135,4.00524609718044,3.8733585130483177,3.8430985026608164,3.8980414096605327,3.8410256324442336,3.865626266245519,4.124685943832471,3.9380512712292655,3.8484037465829917,3.8760762880364017,4.4794831864769815,4.2484265221474455,4.056192809366143,3.9638558589804807,3.9923585766774954,4.21854241833269,4.000945365517497,3.819909733092387,3.7329516341855014,3.7597939993953102,3.9,5.446927374301676,19.872982270441955,-262.2144969963106,86.68774666596848,82.58163750153167,94.8999649948421,14.598540145985409,75.45454545454542,81.24999999999997,18.897637795275603,30.54755043227665,65.77777777777777,0.05926834978458584,0.23332033891925755,3.892130811438751,4.068059330682965,4.296,4.0200000000000005,3.786,3.794666666666667,3.762,3.794833333333334,-0.20000000000000015,0.0,0.0600000000000005,0.054158377849397005,3.752,4.473869794353526,3.030130205646476,412.39669421487656,45231097,3.0113413200353985,2.943467459672063,2.814785559537233,1.5405405405405388,1.5578231292517002,66.66666666666666,4.45,89.04062900796173,80.52858291931328,3.752,3.927,4.184,4.73,1,0,1,1,0,0,0,0,0,2.0,0,0.0,1,1,0.0,1,1,0,0,2.0
20190227,5476,000415XSHE20190227,20200210004725,0,1097957,4.75,507509888.0,000415.XSHE,4.49,1500,4.58,4.53,354732.90625,618452.125,1.1037527594,4.53,4.0,4.426008534936557,4.326564831273736,4.097932571172501,3.987614235243095,4.5291376982855684,4.077090335032884,3.9189482864000387,3.8751376981973022,3.950499762763569,3.8700050194072046,3.8844255750285313,4.207470317681113,3.9991892453979063,3.8840913687008936,3.893457120430565,4.558788790984654,4.3336944272115465,4.119164922759843,4.00061410976192,4.010260834043482,4.29322827888846,4.08124620815068,3.879213568035969,3.7675686276398666,3.776653406817648,4.02,3.339350180505408,20.710558220441737,-175.20880286358218,86.11041518144211,83.75789672816849,90.81545208798931,12.318840579710141,81.48148148148148,81.01265822784808,15.365239294710324,29.745042492917857,66.22807017543859,0.08816174962553011,0.23114719872755424,3.9430840846655095,4.146819433654817,4.4319999999999995,4.113,3.828,3.8216666666666663,3.7815,3.807,0.049999999999999815,0.16999999999999993,0.040000000000000036,0.05709550771719624,3.786,4.585814978604427,2.9861850213955727,501.8348623853204,44133140,2.7976639548159743,2.9045026374256864,3.261137679090216,1.605263157894735,1.6225165562913897,66.66666666666666,4.73,86.68774666596848,82.58163750153167,3.786,4.0200000000000005,4.296,4.53,1,0,1,1,0,0,0,0,0,2.0,0,0.0,1,1,0.0,0,1,0,0,2.0
20190228,5477,000415XSHE20190228,20200210004725,0,1139677,4.9,521013664.0,000415.XSHE,4.36,1500,4.62,4.53,354732.90625,618452.125,0.8733624454000001,4.58,4.0,4.490672356624372,4.399923623455302,4.167541561682834,4.045103850220995,4.574568849142785,4.144954043153774,3.96417742921294,3.907523015666985,4.0019997810125245,3.899416587273589,3.903782796738307,4.282475714466366,4.058314079169533,3.919989350715485,3.911396450790304,4.625392527323103,4.4109499859003565,4.180063501544621,4.037589031236949,4.0287383443140135,4.3559521859256405,4.1540014430323735,3.936564656794448,3.80238967019402,3.794054557266594,4.3,1.4938488576449829,21.27257454850905,-127.98885375917692,83.33286938022066,83.61622094551922,82.76616624962355,19.178082191780838,80.0,80.8917197452229,18.46153846153847,28.33333333333333,66.81034482758618,0.11580748760879453,0.2211659038661152,3.993226004319916,4.219616443861768,4.5520000000000005,4.209,3.8720000000000008,3.8506666666666667,3.80475,3.819333333333333,0.08999999999999986,0.28000000000000025,0.16999999999999993,0.06741769918692869,3.828,4.697404393823727,2.9585956061762744,312.90322580645187,45272817,2.4593216447342976,2.6284927997751355,3.6969941203930654,1.7073170731707306,1.6272189349112425,83.33333333333334,4.53,86.11041518144211,83.75789672816849,3.828,4.113,4.4319999999999995,4.58,1,0,1,1,0,0,0,0,0,2.0,0,0.0,1,1,0.0,0,1,0,0,2.0
20190301,5478,000415XSHE20190301,20200210004725,0,738627,4.62,334884640.0,000415.XSHE,4.45,1500,4.59,4.55,354732.90625,618452.125,-0.6493506494,4.62,4.0,4.523781571082915,4.447442717591477,4.223869353458457,4.094639863837268,4.582284424571391,4.200584787759553,4.0045530789411385,3.9371959280292894,4.0472305670884845,3.926498289733448,3.921841144192562,4.338389220927026,4.108950833534339,3.9526727970220463,3.9281520939806662,4.659495018215402,4.4685408975548375,4.2322193585403705,4.071252980932708,4.045996656800087,4.3880681239504264,4.208237544299215,3.98568230852831,3.8340926131113844,3.8103075311612464,4.73,-0.4338394793926347,20.05021708427053,-84.99623493975916,79.66238911062328,82.29827700055391,74.39061333076204,22.14285714285717,69.33333333333331,79.24528301886788,14.179104477611947,25.75342465753425,65.81196581196579,0.14047939887505412,0.19737529013007693,4.037431485481403,4.276598529421497,4.61,4.305,3.9145,3.8770000000000007,3.8290000000000006,3.8305,0.040000000000000036,0.03000000000000025,0.09999999999999963,0.06946851032864892,3.8720000000000008,4.793009771935131,2.950990228064871,184.7457627118646,44534190,2.006195841005775,2.232758742870036,3.9181791248127595,1.666666666666666,1.4918032786885242,66.66666666666666,4.53,83.33286938022066,83.61622094551922,3.8720000000000008,4.209,4.5520000000000005,4.62,0,0,1,1,0,0,0,0,0,1.0,0,0.0,1,1,0.0,0,1,0,0,2.0
20190304,5479,000415XSHE20190304,20200210004725,0,1113475,4.78,516696928.0,000415.XSHE,4.52,1500,4.61,4.61,354732.90625,618452.125,0.4357298475,4.59,4.0,4.55252104738861,4.488082038193609,4.275353439663998,4.141490785306608,4.596142212285696,4.251761689289609,4.043614170622353,3.9664482789845383,4.090520523466294,3.953302278371352,3.939950587766442,4.387772998940294,4.156669801769165,3.984737538630727,3.9449878447465765,4.689096678810269,4.519406188908503,4.28136989582224,4.104279664789648,4.063337480088975,4.415945415966951,4.256139808972085,4.0319697077160885,3.865195412471805,3.8266382094041793,4.53,0.5233318796336681,20.145947354704205,-78.2218434881408,77.23524353406631,80.61059917839137,70.4845322454162,21.80451127819548,32.35294117647061,81.01265822784808,7.209302325581407,25.956284153005466,69.33333333333331,0.16199293816370625,0.17210831430921691,4.079843968038337,4.327891063356652,4.586,4.385000000000002,3.97,3.9043333333333337,3.8537499999999993,3.8438333333333343,0.0,0.16999999999999993,0.09000000000000075,0.07038401411193415,3.9145,4.862297446715278,2.9667025532847218,119.11764705882351,45647665,1.5907559374003934,1.7984758892030843,3.4105493633217203,1.6797752808988746,1.537234042553191,66.66666666666666,4.55,79.66238911062328,82.29827700055391,3.9145,4.305,4.61,4.59,1,0,1,1,0,0,0,0,0,2.0,0,0.0,1,1,0.0,0,1,0,0,2.0
20190305,5480,000415XSHE20190305,20200210004725,0,766491,4.7,353636192.0,000415.XSHE,4.51,1500,4.69,4.54,354732.90625,618452.125,1.7353579175999998,4.61,4.0,4.598347364925741,4.538561528645206,4.3306396477087965,4.191355259369644,4.643071106142847,4.306541478128407,4.085316482195106,3.997907049463472,4.136634329353502,3.9821923851018868,3.959688730193641,4.442723362769332,4.2074631539816245,4.019140585526789,3.9633832066046857,4.7362977858735125,4.5760050636524126,4.3336870486010755,4.139714803092594,4.082284702802826,4.460396943977967,4.309441661886252,4.081239259362176,3.8985663679609845,3.8444817104065447,4.58,1.5591165006496333,21.717014429565026,-61.436293846542256,78.02737918452317,79.74952584710195,74.58308585936558,16.406249999999993,86.3636363636363,79.7297297297297,-0.8456659619450324,29.201101928374673,70.38626609442058,0.18130623440815372,0.15450636995557998,4.125040711146607,4.383600130532551,4.618,4.457,4.034000000000002,3.932666666666667,3.881,3.858166666666667,0.15000000000000036,0.009999999999999787,0.03000000000000025,0.06637473341931951,3.97,4.930674762862021,3.0093252371379786,117.62452107279712,44881174,1.3441661048811866,1.46746102114079,4.0828710556149534,1.7277777777777756,1.4923857868020294,66.66666666666666,4.61,77.23524353406631,80.61059917839137,3.97,4.385000000000002,4.586,4.61,0,0,1,1,0,0,0,0,0,1.0,0,0.0,1,1,0.0,0,1,0,0,2.0
20190306,5481,000415XSHE20190306,20200210004725,0,1227862,4.95,591073792.0,000415.XSHE,4.66,1500,4.92,4.68,354732.90625,618452.125,4.9040511727,4.69,4.0,4.7055649099504935,4.633921146483905,4.40922102801429,4.25759569033604,4.781535553071424,4.383223793362356,4.139167031730905,4.037998047312886,4.19689322709554,4.018969154313578,3.9849600793990714,4.5295009331749085,4.2753238059833745,4.0630849472084085,3.987003374342841,4.846731857249009,4.665385961170156,4.403583520162877,4.184977495624662,4.106613475573127,4.564397962651979,4.393615905179661,4.147064091803874,3.9411923987921567,3.8673932731125564,4.62,4.99359795134443,27.00051626226124,-75.04984124640035,84.34148511291444,81.28017893570613,90.46409746733104,2.25563909774438,92.49999999999994,80.64516129032255,8.6092715231788,29.133858267716533,73.04687499999997,0.20148430812226095,0.161424589712858,4.183926584395007,4.4661231873736975,4.686,4.559,4.1095,3.969333333333333,3.91575,3.8741666666666665,0.2400000000000002,0.03000000000000025,0.01999999999999957,0.0679100680034346,4.034000000000002,5.02355495047016,3.0444450495298416,156.63716814159295,46109036,1.4608498604501938,1.4025079826656899,4.4543684553925464,1.8055555555555536,1.5505050505050488,83.33333333333334,4.54,78.02737918452317,79.74952584710195,4.034000000000002,4.457,4.618,4.69,1,0,1,1,0,0,0,0,0,2.0,0,0.0,1,1,0.0,0,1,0,0,2.0
20190307,5482,000415XSHE20190307,20200210004725,0,1221570,5.07,601148032.0,000415.XSHE,4.79,1500,4.94,4.92,354732.90625,618452.125,0.406504065,4.92,4.0,4.783709939966997,4.710440859862929,4.479991557612384,4.319632445760036,4.860767776535712,4.452820819192062,4.19083367484504,4.077215523516673,4.254055286549728,4.055088011007164,4.0100927088885685,4.604137127143106,4.338626300651625,4.105861291247024,4.010534155223265,4.927221238166005,4.7422612409574,4.468785089671174,4.229037129984435,4.130850179879963,4.640198641767986,4.466013013328813,4.208467511632076,3.982685452509613,3.8902181305665673,4.59,3.9999999999999885,26.783697772302645,-69.66276668960779,84.07575800776573,82.21203862639265,87.80319677051193,9.090909090909085,92.10526315789468,84.66666666666666,7.860262008733631,24.433249370277075,80.76923076923075,0.22100650445884054,0.1561775706926366,4.239932022587968,4.539027312393127,4.750000000000001,4.651000000000002,4.1875,4.006666666666667,3.95025,3.890333333333333,0.020000000000000462,0.1299999999999999,0.1299999999999999,0.06711042250622433,4.1095,5.102674204256231,3.116325795743768,199.3710691823896,44887466,1.537021194921777,1.4989355276859857,4.617121144933041,1.8729281767955783,1.6530612244897944,83.33333333333334,4.68,84.34148511291444,81.28017893570613,4.1095,4.559,4.686,4.92,1,0,1,1,0,0,0,0,0,2.0,0,0.0,1,1,0.0,0,1,0,0,2.0
20190308,5483,000415XSHE20190308,20200210004725,0,935525,4.88,443421408.0,000415.XSHE,4.53,1500,4.58,4.78,354732.90625,618452.125,-7.2874493927,4.94,1.0,4.715806626644664,4.677830644897197,4.493326016597399,4.343302223418214,4.720383888267857,4.468718216793054,4.215941179693747,4.099075718146383,4.279127956815135,4.075672794889235,4.025090269180976,4.5997485585716325,4.361614272018137,4.128990008747168,4.024595040279482,4.857280825444004,4.7377410153287824,4.492462700178682,4.252859709009583,4.145332891487866,4.574332427845325,4.461756101814483,4.2307658438575935,4.005120308484753,3.903857189071097,4.61,-3.5383319292333653,17.081650391124295,-24.45932795237288,66.37914383616307,76.93440702964945,45.268617449190295,37.98449612403101,49.29577464788734,66.0919540229885,-0.8658008658008665,17.435897435897438,72.41379310344827,0.23284691549850775,0.09472328831733767,4.265122243137008,4.545330802794185,4.748,4.6789999999999985,4.2429999999999986,4.031333333333333,3.97225,3.9013333333333335,-0.20000000000000015,0.09999999999999963,0.049999999999999815,0.06521746018267398,4.1875,5.137196793718922,3.237803206281078,118.32669322709135,43951941,0.9707523686708318,1.2538867817963044,3.808090604448181,1.7079207920792063,1.3476394849785396,66.66666666666666,4.92,84.07575800776573,82.21203862639265,4.1875,4.651000000000002,4.750000000000001,4.94,0,0,1,1,0,0,0,1,0,1.0,0,0.0,1,1,0.0,1,1,0,0,2.0
20190311,5484,000415XSHE20190311,20200210004725,0,518761,4.71,241299456.0,000415.XSHE,4.58,1500,4.69,4.58,354732.90625,618452.125,2.4017467249,4.58,2.0,4.7072044177631085,4.680872983672899,4.519549214384412,4.3748202031074666,4.705191944133928,4.496378439693922,4.2465256197135055,4.124768078226976,4.3107334985985855,4.099764057834754,4.042587893676213,4.616157911558608,4.3928891032545065,4.1563563497838905,4.0410247923713465,4.8484205502960025,4.754642648905367,4.524675776352142,4.281047040277408,4.162255536142487,4.565988285230215,4.47767317421185,4.26110243015687,4.0316656592903755,3.9197940486002056,4.69,-1.5533165407220972,19.3444959030994,-17.746875258670613,59.745720303920926,71.20484478773993,36.82747133628288,31.147540983606547,55.00000000000001,62.4203821656051,2.1786492374727784,16.66666666666669,73.52941176470586,0.2404761189574076,0.06103362767119869,4.296594669571304,4.567587602364312,4.764000000000001,4.675,4.301,4.059666666666667,3.9965,3.9165,0.11000000000000032,0.01999999999999957,0.0,0.058475573121453336,4.2429999999999986,5.152261238588778,3.3337387614112206,91.50579150579131,43433180,0.566266054841079,0.7685092117559553,3.6870803303726047,1.7738693467336666,1.3896103896103886,83.33333333333334,4.78,66.37914383616307,76.93440702964945,4.2429999999999986,4.6789999999999985,4.748,4.58,0,0,1,1,0,0,0,0,0,1.0,0,0.0,1,0,0.0,0,1,0,0,1.0
20190312,5485,000415XSHE20190312,20200210004725,0,706634,4.83,336325664.0,000415.XSHE,4.66,1500,4.74,4.71,354732.90625,618452.125,1.066098081,4.69,2.0,4.71813627850874,4.695654737754673,4.548942652466492,4.408018366461334,4.722595972066964,4.5268311347321815,4.278362676506183,4.151517292217107,4.3437539987063865,4.124871349684372,4.060940843842629,4.638674654911589,4.425947283896933,4.1848267717456515,4.058283439473288,4.859680366864001,4.777834894558937,4.558725702413842,4.310371574898023,4.180031942657488,4.5765921901534785,4.499514415264241,4.293168865380025,4.0592819685932815,3.93653493628909,4.92,-0.7121910347716575,20.036466774716367,-21.694389966344552,57.670855789468405,66.69351512164943,39.625537125106355,27.500000000000004,53.24675324675322,50.42016806722689,2.819956616052058,10.232558139534893,74.81751824817515,0.24531551071665345,0.03871513407396632,4.329439508862318,4.594112586615955,4.773999999999999,4.696000000000001,4.3580000000000005,4.089333333333333,4.0200000000000005,3.931833333333333,0.03000000000000025,0.08999999999999986,0.049999999999999815,0.056322556662962826,4.301,5.169345553336919,3.432654446663081,128.0373831775696,44139814,0.3715333462138867,0.4688997005274829,3.5206431853042037,1.8638743455497369,1.6425120772946844,83.33333333333334,4.58,59.745720303920926,71.20484478773993,4.301,4.675,4.764000000000001,4.69,0,0,1,1,0,0,0,0,0,1.0,0,0.0,1,0,0.0,0,1,0,0,1.0
20190313,5486,000415XSHE20190313,20200210004725,0,518120,4.74,241650928.0,000415.XSHE,4.56,1500,4.6,4.74,354732.90625,618452.125,-2.9535864979000004,4.74,2.0,4.678757519005828,4.671741053316005,4.555750298804292,4.4254712422375775,4.661297986033482,4.53597724289066,4.299113471570299,4.17101654038158,4.363465229575127,4.1435038457751805,4.075126611109929,4.631642899473119,4.442523733049606,4.205079124343426,4.071659157017158,4.819120244576002,4.7705921864573115,4.575799445041095,4.331231498073729,4.1938089317276726,4.5383947934356526,4.4926936124889245,4.309248021058118,4.078926750613123,3.949509382306643,4.94,-2.3354564755838894,16.020984665052442,0.35959673794401,46.511753322011174,59.96626118843668,19.602737589160146,42.342342342342384,26.470588235294148,53.09734513274334,-1.9189765458422328,-2.7484143763213695,70.25089605734763,0.2453598717326873,0.0003548881282713912,4.349481026724369,4.5950183425211915,4.710000000000001,4.698,4.405499999999999,4.1179999999999986,4.04075,3.944833333333333,-0.14000000000000054,0.0,0.040000000000000036,0.054558744246027205,4.3580000000000005,5.168221574632519,3.54777842536748,52.054794520547894,43621694,0.07512143932054173,0.22332739276721425,2.4447066491450227,1.7889447236180884,1.5813953488372074,66.66666666666666,4.71,57.670855789468405,66.69351512164943,4.3580000000000005,4.696000000000001,4.773999999999999,4.74,0,0,1,1,0,0,0,0,0,1.0,0,0.0,1,0,0.0,1,1,0,0,1.0
20190314,5487,000415XSHE20190314,20200210004725,0,494427,4.63,223368832.0,000415.XSHE,4.43,1500,4.48,4.58,354732.90625,618452.125,-2.6086956521999998,4.6,2.0,4.612505012670551,4.623805789987004,4.54565025896372,4.430428402034161,4.570648993016741,4.528980087529328,4.3107835701786685,4.184450603843252,4.372429442684732,4.15669977339184,4.085781173975455,4.604071463205279,4.446092901330597,4.218489898765698,4.081741646967352,4.7508801630506685,4.742193607101436,4.579475688370515,4.34504459572867,4.204193896376372,4.474129862290435,4.4659493193091215,4.312710114290678,4.091935201802727,3.9592893975583308,4.58,-2.9883066262451257,12.545847359694534,24.419073977974108,33.61200221467415,51.1815081971825,-1.5270097503425433,74.68354430379746,20.51282051282052,45.83333333333336,-8.943089430894299,-1.1037527593818943,66.66666666666666,0.23992272020288746,-0.043497212238399474,4.35914909881886,4.577323212902548,4.618,4.684,4.4465,4.142666666666666,4.059,3.955333333333333,-0.09999999999999963,0.049999999999999815,0.05000000000000071,0.04733471827200123,4.405499999999999,5.14013664487963,3.670863355120368,20.821114369501366,43127267,-0.30688130871578845,-0.11587993469762335,3.1836019864983744,1.7129186602870794,1.4977973568281926,50.0,4.74,46.511753322011174,59.96626118843668,4.405499999999999,4.698,4.710000000000001,4.6,0,0,1,0,0,0,0,0,0,1.0,0,0.0,1,0,0.0,1,1,0,0,1.0
20190315,5488,000415XSHE20190315,20200210004725,0,458613,4.61,208473248.0,000415.XSHE,4.48,1500,4.51,4.49,354732.90625,618452.125,0.6696428571,4.48,2.0,4.578336675113701,4.5953543424902525,4.540896891101891,4.437662183667419,4.54032449650837,4.526607576588161,4.323636243070367,4.198604925415284,4.383011793247444,4.170554684239219,4.096944827291891,4.586967560804318,4.452179291680063,4.232709903703957,4.092315927289145,4.7156867753671134,4.724576587628449,4.585744670430465,4.359691200815075,4.21508540510782,4.440986574860291,4.449358533980188,4.318613912929662,4.105728606592838,3.9695464494704713,4.69,-2.0417028670720994,12.795118047218887,24.671532846715113,26.574668143116103,42.979228179160366,-6.234451928972432,78.8732394366198,42.22222222222218,45.37815126050419,-8.704453441295557,-1.5283842794759888,66.19217081850533,0.2312666873394764,-0.06924826290728825,4.3703232396470915,4.566965795532925,4.603999999999999,4.676,4.490499999999999,4.168333333333333,4.07675,3.9655,0.01999999999999957,0.10000000000000052,0.009999999999999787,0.04651349793858578,4.4465,5.078496044291418,3.814503955708581,71.42857142857149,42668654,-0.5142377451969056,-0.41055952695634707,2.928355429824105,1.795121951219511,1.5810810810810798,50.0,4.58,33.61200221467415,51.1815081971825,4.4465,4.684,4.618,4.48,0,0,1,0,0,0,0,0,0,1.0,0,0.0,0,0,0.0,0,1,0,0,0.0
20190318,5489,000415XSHE20190318,20200210004725,0,412664,4.67,189488496.0,000415.XSHE,4.48,1500,4.66,4.54,354732.90625,618452.125,3.3259423502999996,4.51,3.0,4.605557783409133,4.611515756867691,4.556777305621639,4.457874712424926,4.600162248254184,4.543281629514639,4.345337130614214,4.2186655808320115,4.404318578382256,4.189748618190622,4.111762068678945,4.600246186112623,4.471971740091487,4.253553323035471,4.106332817973364,4.743724516911408,4.738253571696003,4.606130892294232,4.381159922726535,4.229522802512565,4.467391049906861,4.462238800529247,4.337812587888742,4.1259467233444065,3.9831428334341634,4.74,1.3484123531970482,15.943471337579632,12.982544478012688,29.69561209541075,38.55135615124382,11.984123983744581,57.74647887323946,46.938775510204046,52.67175572519085,1.746724890829696,0.8658008658008665,67.35395189003435,0.22291294439464315,-0.06682994355866567,4.391780777451011,4.581278750066321,4.598,4.681,4.533,4.207,4.0985,3.9776666666666665,0.1200000000000001,0.009999999999999787,0.05999999999999961,0.04495083792536575,4.490499999999999,5.043061308815592,3.937938691184407,90.1639344262297,42255990,-0.3736898671801267,-0.44396380618851616,2.638108606662503,1.7846889952153098,1.5982142857142847,66.66666666666666,4.49,26.574668143116103,42.979228179160366,4.490499999999999,4.676,4.603999999999999,4.51,0,0,0,0,0,0,1,0,0,1.0,0,0.0,0,0,0.0,0,1,0,0,0.0
20190319,5490,000415XSHE20190319,20200210004725,0,444696,4.79,209428976.0,000415.XSHE,4.65,1500,4.69,4.68,354732.90625,618452.125,0.643776824,4.66,4.0,4.633705188939423,4.631136817650769,4.5745403315387545,4.478977011295386,4.645081124127093,4.56162142582531,4.367573444768136,4.239158381665401,4.426294072352851,4.209366319438049,4.126978856345288,4.6165650613648745,4.492736336273249,4.274843404838618,4.120744353332047,4.772716344607606,4.755062013205822,4.627518426361447,4.4030887069837785,4.244366683932008,4.49469403327124,4.478068109523927,4.357954246185051,4.146598102693461,3.997122022732085,4.6,2.223190932868359,16.060381093788664,-13.804205654492455,33.33874139694052,36.813817899809386,26.38858839120277,53.52112676056336,44.68085106382979,53.03030303030303,0.0,2.1786492374727784,67.57679180887372,0.21515715671122404,-0.0620463014673529,4.413871090232417,4.598005096209965,4.588,4.680999999999999,4.569,4.249666666666666,4.119750000000002,3.991166666666666,0.010000000000000677,0.09999999999999963,0.029999999999999364,0.04388473984434228,4.533,5.024605532922483,4.041394467077515,101.19760479041977,42700686,-0.14051263387710305,-0.2571012505286149,2.5207619581449205,1.7819905213270142,1.6441441441441436,66.66666666666666,4.54,29.69561209541075,38.55135615124382,4.533,4.681,4.598,4.66,0,0,0,0,0,0,1,0,0,1.0,0,0.0,1,0,0.0,0,1,0,0,1.0
20190320,5491,000415XSHE20190320,20200210004725,0,755042,4.89,360317824.0,000415.XSHE,4.62,1500,4.85,4.68,354732.90625,618452.125,3.4115138593000003,4.69,4.0,4.70580345929295,4.685852613238076,4.611268287333586,4.512706373904896,4.747540562063547,4.5976687475971465,4.3986977386540635,4.26571671289734,4.458886836018016,4.23448920887185,4.1460057285467276,4.659007777480351,4.526761447104368,4.302899824114784,4.1387506655954525,4.8469775630717375,4.798778010804763,4.6625642905175,4.431986818838227,4.262913185563316,4.56462935551416,4.519237544155942,4.390958603691237,4.17381282939134,4.014588145627589,4.48,4.570935748167309,19.24079264394944,-39.29648541312028,52.660610206655996,42.09608200209159,73.78966661578481,34.375000000000064,75.51020408163274,55.71428571428571,2.32067510548522,5.2060737527114815,69.9346405228758,0.21024504687828052,-0.039296878663547814,4.446176935400387,4.6367735429468935,4.638,4.6739999999999995,4.6165,4.297666666666667,4.1455,4.0073333333333325,0.16999999999999993,0.040000000000000036,0.05999999999999961,0.043557441210531185,4.569,4.967661510557517,4.170338489442484,190.625000000001,43455728,0.26125099224069903,0.060369179181797995,3.342963196432165,1.7953488372093025,1.6592920353982288,66.66666666666666,4.68,33.33874139694052,36.813817899809386,4.569,4.680999999999999,4.588,4.69,0,0,1,1,0,0,0,0,0,1.0,0,0.0,1,0,0.0,0,1,0,0,1.0
20190321,5492,000415XSHE20190321,20200210004725,0,814110,4.95,396014656.0,000415.XSHE,4.76,1500,4.85,4.9,354732.90625,618452.125,0.0,4.85,4.0,4.753868972861966,4.7268894599285565,4.6430991823557735,4.543369430822634,4.798770281031774,4.629210154147502,4.4278140135796065,4.291120334075716,4.48897246401663,4.258626886955306,4.164531893584972,4.693733636120288,4.557546071189667,4.3295876375725975,4.156312377556058,4.896485042047826,4.834545645203897,4.6942724533253575,4.459475266699776,4.2810017488827405,4.611252903676107,4.552921627036679,4.420819689053976,4.1997000084454195,4.031623006229377,4.51,2.9286926994906413,18.489201602658074,-62.29773462783185,62.030150394180886,48.74077146612136,88.60890825029995,34.375000000000064,100.0,47.008547008547,5.434782608695652,3.411513859275037,68.05555555555553,0.2068936091551039,-0.026811501785413142,4.476089755000358,4.669577613262756,4.7120000000000015,4.665000000000001,4.657999999999999,4.346666666666667,4.1712500000000015,4.0245,-0.05000000000000071,0.049999999999999815,0.08999999999999986,0.041806950789395086,4.6165,4.9194587430657855,4.313541256934216,449.2537313432875,44269838,0.5396752794779467,0.4004631358593229,2.0801822617046963,1.7111111111111108,1.6293103448275856,66.66666666666666,4.68,52.660610206655996,42.09608200209159,4.6165,4.6739999999999995,4.638,4.85,0,0,1,1,0,0,0,0,0,1.0,0,0.0,1,0,0.0,1,1,0,0,1.0
20190322,5493,000415XSHE20190322,20200210004725,0,498494,4.85,237966464.0,000415.XSHE,4.7,1500,4.8,4.81,354732.90625,618452.125,-1.0309278351,4.85,4.0,4.769245981907979,4.745167094946418,4.664019291375004,4.566699482566031,4.799385140515887,4.650558884879065,4.451826012703503,4.313245536941989,4.512897659092274,4.279857205113922,4.181254738490631,4.713054793189326,4.580636921552555,4.352534582081252,4.172205899097884,4.9123233613652175,4.854446436985006,4.718056029199132,4.483110619543691,4.297372076070821,4.626168602450739,4.571663149393647,4.443217813905979,4.221958544618814,4.047039722124946,4.66,0.6289308176100494,16.64074650077761,-36.459217922277276,65.0713823140693,54.18430841543734,86.8455301113332,42.187500000000036,87.17948717948721,44.16666666666664,7.142857142857128,-2.4390243902439046,64.98194945848374,0.2034267851952638,-0.027734591678720832,4.500083106481813,4.689642595837716,4.7700000000000005,4.6869999999999985,4.682999999999999,4.391,4.19525,4.041,-0.009999999999999787,0.040000000000000036,0.09999999999999963,0.037290029392015166,4.657999999999999,4.9181614883106235,4.397838511689374,218.64406779661167,43771344,0.5876046662248948,0.5636399728514208,1.3855961156520915,1.660944206008584,1.5306122448979589,66.66666666666666,4.9,62.030150394180886,48.74077146612136,4.657999999999999,4.665000000000001,4.7120000000000015,4.85,0,0,1,1,0,0,0,0,0,1.0,0,0.0,1,0,0.0,1,1,0,0,1.0
20190325,5494,000415XSHE20190325,20200210004725,0,448197,4.77,210926640.0,000415.XSHE,4.62,1500,4.63,4.71,354732.90625,618452.125,-3.5416666667000003,4.8,1.0,4.722830654605319,4.716375321209814,4.659483385858337,4.572454075060029,4.714692570257943,4.647989024269181,4.463321108658115,4.327017470118424,4.521905531469791,4.293588295109455,4.193063824319824,4.697953921700359,4.585338167118978,4.3660694805163125,4.18350945714485,4.864515574243479,4.8388925393513675,4.722898312132548,4.497051564931802,4.309014740859197,4.581145734967159,4.557015304049346,4.447778022105409,4.235087396100823,4.058004173430504,4.69,-2.8127623845507865,12.01432234963952,22.03240668840955,56.20143436322569,54.856683731366786,58.89093562694347,68.75,46.34146341463411,52.47524752475246,2.660753880266078,-6.2753036437247065,62.717770034843205,0.19689347451359696,-0.05226648545333462,4.509706580075752,4.680466811862683,4.7639999999999985,4.680999999999999,4.677999999999999,4.427666666666666,4.215000000000002,4.0550000000000015,-0.08000000000000007,0.05999999999999961,0.009999999999999787,0.037757915202088516,4.682999999999999,4.943199923136037,4.422800076863961,116.86746987951864,43323147,0.2991560019401278,0.4433803340825113,0.8887902066207174,1.642857142857143,1.4285714285714284,50.0,4.81,65.0713823140693,54.18430841543734,4.682999999999999,4.6869999999999985,4.7700000000000005,4.8,0,0,1,1,0,0,0,0,0,1.0,0,0.0,1,0,0.0,1,1,0,0,1.0
20190326,5495,000415XSHE20190326,20200210004725,0,332264,4.7,152221696.0,000415.XSHE,4.46,1500,4.51,4.67,354732.90625,618452.125,-2.5917926566,4.63,2.0,4.651887103070212,4.6647814909073615,4.639552267743891,4.566776431872753,4.612346285128972,4.630740396235535,4.466332650035012,4.334973232287188,4.52098972135673,4.302075028634574,4.201404249995618,4.6637804813912025,4.5781631035838375,4.373090481466737,4.191570952030162,4.791443716162319,4.8036938958329385,4.715507996691353,4.504283195910738,4.3173180805910665,4.5123304899781065,4.5238670669494665,4.440818210476322,4.241897767022735,4.065823823469257,4.85,-4.61082910321489,8.737583180634584,140.06297795771388,42.59582803702226,50.76973183325193,26.248020444562886,87.5,31.999999999999908,41.17647058823525,-3.218884120171681,-1.5283842794759888,58.536585365853654,0.1864173463337248,-0.0838090254389775,4.509728314884956,4.6542411484991915,4.728,4.658,4.677,4.457999999999998,4.2315000000000005,4.067,-0.16000000000000014,0.03000000000000025,0.049999999999999815,0.03949292507232532,4.677999999999999,4.940609976962033,4.415390023037965,53.84615384615405,42990883,-0.14027283829355036,0.07944158182328873,1.0614365220124085,1.4612403100775195,1.2924187725631768,33.33333333333333,4.71,56.20143436322569,54.856683731366786,4.677999999999999,4.680999999999999,4.7639999999999985,4.63,0,0,1,1,0,0,0,0,0,1.0,0,0.0,0,0,0.0,1,0,0,0,0.0
20190327,5496,000415XSHE20190327,20200210004725,0,259960,4.57,116994232.0,000415.XSHE,4.45,1500,4.52,4.57,354732.90625,618452.125,0.22172949,4.51,2.0,4.607924735380141,4.628586118180519,4.62361196537804,4.56252402897523,4.5661731425644865,4.616897846706092,4.4697950597101705,4.343017874361658,4.520913588944674,4.310621105943022,4.209788348679944,4.63763857568371,4.572623760385377,4.380256799443969,4.199680311239295,4.746162477441546,4.776767732954222,4.709802473196938,4.511664503427288,4.325670720576474,4.469686993318737,4.4985094184131995,4.4354450475738165,4.24884909546065,4.073689901902116,4.85,-3.0459030459030534,8.58597991639841,618.1818181818247,33.0638853580148,44.8677830081729,9.456090057698605,82.69230769230774,2.857142857142799,38.77551020408159,-3.624733475479761,-3.624733475479761,54.23076923076921,0.17375377380011314,-0.10130858026889332,4.510489180449034,4.6335886641147015,4.662,4.65,4.674,4.486999999999999,4.251,4.079,-0.05000000000000071,0.0,0.0699999999999994,0.03823474885070161,4.677,4.945283432213024,4.408716567786977,28.787878787879052,42730923,-0.4358352740201711,-0.28805405615686075,0.8253126065940648,1.3033707865168545,1.1964285714285718,33.33333333333333,4.67,42.59582803702226,50.76973183325193,4.677,4.658,4.728,4.51,0,0,1,0,0,0,0,0,0,1.0,0,0.0,0,0,0.0,1,0,0,0,0.0
20190328,5497,000415XSHE20190328,20200210004725,0,272245,4.61,122822008.0,000415.XSHE,4.43,1500,4.48,4.49,354732.90625,618452.125,-0.8849557522,4.52,2.0,4.565283156920095,4.591439588635391,4.604463703327635,4.555021844522936,4.523086571282243,4.59978561586783,4.4704534429546765,4.34897361895463,4.517766389795084,4.317263415513883,4.216899181609419,4.60897701646849,4.563802449872483,4.385122321422312,4.206601785035855,4.7022416516276975,4.747246326962545,4.7007165233686585,4.516675991064981,4.332799838586931,4.428324662212492,4.4707077059744345,4.42688837637631,4.253568651779642,4.080403731484778,4.8,-2.3539668700958947,7.2488748443933835,-1281.1728395061396,25.247718443804782,38.32776148671686,-0.912367642019376,90.38461538461527,2.5641025641025177,43.1818181818182,-7.628865979381428,-5.485232067510544,44.34389140271493,0.15934880228574855,-0.11523977211491675,4.508230722637995,4.609959638866285,4.588,4.65,4.667,4.514333333333332,4.269500000000002,4.0921666666666665,-0.009999999999999787,0.1200000000000001,0.05000000000000071,0.03778832027927305,4.674,4.954577974901809,4.393422025098191,19.57295373665514,43003168,-0.6254315993891089,-0.5306334367046399,0.5693015893872616,1.3692307692307697,1.223826714801445,16.666666666666664,4.57,33.0638853580148,44.8677830081729,4.674,4.65,4.662,4.52,0,0,0,0,0,0,0,0,0,0.0,0,0.0,0,0,1.0,1,0,0,0,1.0
20190329,5498,000415XSHE20190329,20200210004725,0,397167,4.65,182316080.0,000415.XSHE,4.46,1500,4.65,4.48,354732.90625,618452.125,3.7946428571,4.48,3.0,4.593522104613396,4.606079691476543,4.610535209550617,4.563656222293579,4.586543285641122,4.606062413884352,4.482037091796312,4.362061722478342,4.527938205964693,4.330311909023143,4.228296571567066,4.6164357407469465,4.572011740360819,4.398043183791955,4.217549889109044,4.731327767751798,4.7549288129693545,4.709172092571643,4.529984479305714,4.344076385782317,4.455716441474994,4.477942668524537,4.434851388149994,4.266101888278197,4.091023392435773,4.63,2.018429135585795,10.867388298126006,-182.321972845663,30.93437639843399,35.86329979062257,21.076529614056824,57.69230769230761,35.29411764705885,59.13978494623658,-4.123711340206171,1.086956521739146,52.75229357798165,0.14695655059551546,-0.0991380135218648,4.518732150590735,4.616119694425318,4.558,4.6640000000000015,4.67,4.548333333333333,4.29225,4.109333333333334,0.16999999999999993,0.0,0.020000000000000462,0.03899185841436116,4.667,4.945495960473397,4.3885040395266035,49.15254237288175,43400335,-0.4540085650459853,-0.5397200822175471,0.7911608082451597,1.351351351351351,1.2065217391304357,33.33333333333333,4.49,25.247718443804782,38.32776148671686,4.667,4.65,4.588,4.48,0,0,0,0,0,0,1,0,0,1.0,0,0.0,0,0,1.0,0,0,0,0,1.0
20190401,5499,000415XSHE20190401,20200210004725,0,572374,4.89,273434048.0,000415.XSHE,4.67,1500,4.8,4.68,354732.90625,618452.125,3.2258064516000005,4.65,4.0,4.662348069742263,4.654559768607407,4.635797181610536,4.58514202026689,4.6932716428205605,4.630304612148806,4.502550827809452,4.381102517153196,4.548866036275101,4.348731049845766,4.243341398631091,4.649811060611136,4.593724907945502,4.417650833363079,4.2319313733285755,4.802218511834532,4.789305392429472,4.731536655183867,4.550180358363972,4.358889314528432,4.522477627649996,4.5103167287928025,4.455913160707137,4.2851213083621875,4.104973432128717,4.51,4.52961672473866,13.895216400911147,441.6733280042617,44.340866316904695,38.68915529938328,55.64428835194754,28.84615384615389,67.34693877551025,63.80952380952384,0.0,7.142857142857128,54.82456140350878,0.13853367369711367,-0.06738301518721412,4.539566806102532,4.644408972206039,4.5920000000000005,4.677999999999999,4.6795,4.581333333333333,4.32475,4.129,0.1200000000000001,0.08999999999999986,0.009999999999999787,0.03949793852881037,4.67,4.952593347409311,4.3874066525906885,167.60563380281755,43972709,-0.026487986739053917,-0.2402482758925196,1.1581879197187337,1.3046875,1.2014925373134329,50.0,4.48,30.93437639843399,35.86329979062257,4.67,4.6640000000000015,4.558,4.65,0,0,0,1,0,0,0,0,0,0.0,0,0.0,0,0,1.0,0,1,0,0,1.0
20190402,5500,000415XSHE20190402,20200210004725,0,985630,5.04,485090368.0,000415.XSHE,4.77,1500,4.96,4.81,354732.90625,618452.125,3.3333333332999997,4.8,4.0,4.761565379828176,4.7309198264555565,4.679024224062464,4.619220018424445,4.826635821410281,4.6715165356302055,4.532063677628196,4.406271972929144,4.5804917257924025,4.372702381224362,4.26220083550922,4.706209049590932,4.6286082500459305,4.444106890272197,4.249908376456265,4.904412341223022,4.847395321078658,4.767466497547309,4.577430096980363,4.377405627749953,4.618718418433331,4.565022778103203,4.489750002544551,4.310783683564031,4.122411125162577,4.52,5.937633489961545,17.069486404833846,6216.460905349703,58.522326178482906,45.30021225908315,84.96655401728243,13.11475409836066,92.45283018867941,64.15094339622644,7.127429805615552,9.977827050997787,57.08333333333333,0.1352772254316914,-0.0260515861233781,4.570710005650493,4.692961438020495,4.6819999999999995,4.705,4.6930000000000005,4.614333333333335,4.3635,4.151666666666666,0.15000000000000036,0.08000000000000007,0.040000000000000036,0.04195641228904149,4.6795,4.987467530756085,4.371532469243915,468.1159420289881,44958339,0.5294973142629168,0.2515046637619314,1.3589356523329028,1.3539094650205759,1.1263940520446092,66.66666666666666,4.68,44.340866316904695,38.68915529938328,4.6795,4.677999999999999,4.5920000000000005,4.8,0,0,1,1,0,0,0,0,0,1.0,0,0.0,1,0,0.0,0,1,0,0,1.0
20190403,5501,000415XSHE20190403,20200210004725,0,542482,4.99,266137136.0,000415.XSHE,4.83,1500,4.96,4.9,354732.90625,618452.125,0.0,4.96,4.0,4.827710253218783,4.788189869841667,4.716487660854137,4.650200016749496,4.8933179107051386,4.707576968676432,4.5596724726199245,4.430347104540919,4.609684669962217,4.395733660392033,4.280563971416872,4.7523528587562165,4.660169369089175,4.4692724078198935,4.267441502963518,4.972541560815347,4.894923444518904,4.7999744501618515,4.603350580054491,4.395464748052423,4.682878945622219,4.60978227299353,4.520364288016499,4.3351942355852975,4.1394182578746115,4.48,3.9832285115303874,16.44285848436471,-640.5099150141615,67.9766327528684,52.85901909034491,98.21186007791539,13.11475409836066,92.30769230769245,63.10679611650486,9.977827050997787,6.437768240343343,57.80590717299579,0.13512137878163627,-0.001246773200440976,4.599546301528234,4.7340442937096485,4.7700000000000005,4.715999999999998,4.6949999999999985,4.649666666666668,4.40225,4.1755,0.05999999999999961,0.03000000000000025,0.07000000000000027,0.03961520843137605,4.6930000000000005,5.007292857061691,4.3787071429383095,466.66666666666833,44415857,0.878518828133412,0.7040080711981644,1.408385042300411,1.5089285714285716,1.1953125,66.66666666666666,4.81,58.522326178482906,45.30021225908315,4.6930000000000005,4.705,4.6819999999999995,4.96,0,0,1,1,0,0,0,0,0,1.0,0,0.0,1,0,0.0,0,1,0,0,1.0
20190404,5502,000415XSHE20190404,20200210004725,0,728096,5.16,366798464.0,000415.XSHE,4.96,1500,4.97,5.1,354732.90625,618452.125,0.2016129032,4.96,4.0,4.875140168812521,4.83364240238125,4.750289306073586,4.679272742499541,4.931658955352568,4.740379847591877,4.5861452163218654,4.453810273908705,4.637401233811278,4.41825390900411,4.298707024800638,4.791925066255086,4.68967704822354,4.493698144023802,4.284788626347135,5.021394373876898,4.935682818242738,4.830367359670245,4.628509088344517,4.413332285137549,4.728885963748146,4.648167314267434,4.5489867367768335,4.358887199703088,4.156244967556721,4.65,2.095316351684458,16.05099705786203,-368.8622754491024,69.97528941515425,58.56444253194803,92.79698318156672,26.02739726027401,100.0,56.81818181818184,9.955752212389383,5.970149253731329,57.627118644067785,0.13676867409943436,0.013178362542384749,4.6269873162298465,4.7703451716004714,4.868,4.728,4.696499999999999,4.681333333333334,4.442,4.199000000000002,-0.1299999999999999,0.0600000000000005,0.009999999999999787,0.03972182752739546,4.6949999999999985,5.014203696720448,4.375796303279551,1385.714285714281,45143953,1.0116539262056732,0.9450863771695426,0.9699791194877028,1.3760683760683767,1.2063492063492065,66.66666666666666,4.9,67.9766327528684,52.85901909034491,4.6949999999999985,4.715999999999998,4.7700000000000005,4.96,0,0,1,1,0,0,0,0,0,1.0,0,0.0,1,0,0.0,1,1,0,0,1.0
20190408,5503,000415XSHE20190408,20200210004725,0,645628,5.02,316420288.0,000415.XSHE,4.79,1500,4.85,4.99,354732.90625,618452.125,-2.4144869215,4.97,1.0,4.866760112541682,4.837731801785936,4.763584065263773,4.6947934022723095,4.890829477676284,4.7540823666428915,4.603168105591423,4.471035914173544,4.653754985056564,4.435185128258852,4.313214734674306,4.8024841451177975,4.704945900773678,4.511078722364104,4.298744462733625,5.012762915917932,4.946558669471332,4.8460942777968885,4.646411084035028,4.427706796615634,4.720757309165432,4.658409620764265,4.563797523750468,4.3757463606931815,4.169782128851616,4.8,-1.1817440912795405,12.717300362554619,-133.60262559959594,65.82827513521698,60.98572006637102,75.51338527290892,42.46575342465758,72.72727272727269,50.0,8.258928571428553,0.0,53.33333333333332,0.13723353653917153,0.003718899517897501,4.643506774286895,4.782599760585015,4.908,4.7330000000000005,4.709999999999999,4.699666666666666,4.4765,4.218166666666667,-0.14000000000000054,0.029999999999999364,0.05999999999999961,0.04133909556863258,4.696499999999999,5.0176853047696905,4.375314695230307,323.52941176470614,44498325,0.8213989494357312,0.9165264378207022,0.6245703294378536,1.2151898734177218,1.1169354838709675,66.66666666666666,5.1,69.97528941515425,58.56444253194803,4.696499999999999,4.728,4.868,4.97,0,0,1,1,0,0,0,0,0,1.0,0,0.0,1,0,0.0,1,1,0,0,1.0
20190409,5504,000415XSHE20190409,20200210004725,0,337401,4.92,164680592.0,000415.XSHE,4.82,1500,4.9,4.88,354732.90625,618452.125,1.0309278351,4.85,2.0,4.877840075027788,4.853298851339453,4.781772856561937,4.713448547520282,4.8954147388381415,4.772322070812531,4.622318550391977,4.4896865266007815,4.6726969092829815,4.453413162444778,4.3286564521828765,4.8202143005509255,4.723522481652376,4.53005049200488,4.313590278468597,5.024175277278621,4.964820729567454,4.865228156101948,4.665952006765027,4.442997986822655,4.731504872776954,4.675607871534398,4.581816807202803,4.3941489772447335,4.1841825701145385,4.96,-0.5681818181818097,13.320999074930633,-107.09303236930857,65.34670397142321,62.43938136805507,71.16134917815947,35.61643835616432,64.70588235294123,55.00000000000003,5.376344086021504,1.0309278350515612,49.54954954954956,0.13741784190968984,0.0014744429641466714,4.662506272487865,4.800661335879628,4.928,4.76,4.7205,4.705333333333333,4.51075,4.237833333333334,0.020000000000000462,0.01999999999999957,0.05999999999999961,0.04014017107442885,4.709999999999999,5.04144984537634,4.3785501546236585,152.63157894736906,44160924,0.6452443679106902,0.7333216586732108,0.8901592648272276,1.2231759656652363,1.213675213675214,66.66666666666666,4.99,65.82827513521698,60.98572006637102,4.709999999999999,4.7330000000000005,4.908,4.85,0,0,1,1,0,0,0,0,0,1.0,0,0.0,1,0,0.0,0,1,0,0,1.0
20190410,5505,000415XSHE20190410,20200210004725,0,431594,4.92,209853504.0,000415.XSHE,4.8,1500,4.85,4.92,354732.90625,618452.125,-1.0204081633,4.9,2.0,4.868560050018525,4.85247413850459,4.7908698090203465,4.725862315927531,4.872707369419072,4.782031811960965,4.6370076761731385,4.505352329792051,4.686335608568906,4.468965587446943,4.342376019230697,4.825629882268942,4.735567959590245,4.545657785077811,4.326834962950854,5.014616851519079,4.9703987787370085,4.877634998377952,4.6820275186301465,4.456640011839379,4.7225032485179685,4.680860985800872,4.593500920802538,4.409288051525476,4.197029914062329,4.96,-1.141459437423582,11.648250460405162,-82.94797687861245,62.74255150606296,62.540438080724364,63.1467783567401,42.46575342465758,26.0869565217392,62.49999999999999,1.041666666666663,1.041666666666663,47.99999999999998,0.13630571409623826,-0.008897022507612817,4.676394696748024,4.808251899590456,4.9060000000000015,4.794,4.726,4.715999999999998,4.542,4.255333333333334,-0.07000000000000027,0.0,0.049999999999999815,0.03729289011802042,4.7205,5.0566785240017555,4.3843214759982425,82.02247191011251,44592518,0.4264738782922769,0.5358591231014835,0.909258674836048,1.1355932203389836,1.1265822784810129,50.0,4.88,65.34670397142321,62.43938136805507,4.7205,4.76,4.928,4.9,0,0,1,1,0,0,0,0,0,1.0,0,0.0,1,0,0.0,1,1,0,0,1.0
20190411,5506,000415XSHE20190411,20200210004725,0,445881,4.89,214345440.0,000415.XSHE,4.73,1500,4.78,4.85,354732.90625,618452.125,-1.4432989691,4.85,2.0,4.839040033345684,4.834355603878444,4.789420501150967,4.730783923570481,4.826353684709535,4.781777835465845,4.6462329873877755,4.517293532844572,4.6935405617559125,4.4811630153902025,4.3538924397772565,4.817333540038224,4.7397995824864125,4.557089112634992,4.338024223124909,4.984211234346054,4.961853546239372,4.881993569961005,4.693801786014042,4.468164949818656,4.693868832345314,4.672813533837077,4.59760559501182,4.420376439255944,4.20788349643116,4.97,-1.8480492813141656,9.512463343108516,-37.702665567462795,57.06646290880389,60.71577969008421,49.767829346243246,52.054794520547894,20.00000000000012,66.26506024096389,-3.6290322580645102,3.2397408207343488,55.10204081632654,0.13301182924579838,-0.026351078803519112,4.684069163655577,4.803905453499616,4.87,4.82,4.7349999999999985,4.722666666666666,4.57025,4.272166666666666,-0.0699999999999994,0.040000000000000036,0.049999999999999815,0.037985303196111264,4.726,5.057813200460741,4.394186799539259,73.26203208556178,45038399,0.15638294611664494,0.2914284122044609,0.9099345629893814,1.0448979591836745,1.0962343096234315,33.33333333333333,4.92,62.74255150606296,62.540438080724364,4.726,4.794,4.9060000000000015,4.85,0,0,1,1,0,0,0,0,0,1.0,0,0.0,1,0,0.0,1,1,0,0,1.0
20190412,5507,000415XSHE20190412,20200210004725,0,430012,4.89,207541120.0,000415.XSHE,4.77,1500,4.89,4.77,354732.90625,618452.125,2.3012552300999998,4.78,2.0,4.8560266888971215,4.848266702908832,4.802831100997505,4.745258112336801,4.858176842354768,4.795305606032613,4.661959891427273,4.5334981618513295,4.708652826236229,4.497195838316077,4.368000533467328,4.830545623667637,4.754104384154373,4.573328668116212,4.351653254652687,5.001707489564035,4.975461992377666,4.896727515679005,4.710528528159698,4.482202852292268,4.710345888230208,4.685629254957608,4.6114812526297415,4.436128808072727,4.221103657013106,4.85,0.7416563658837987,11.445371256666215,-86.07918263090588,53.010295000427064,58.14728479353182,42.73631541421753,36.986301369863064,40.0,69.8924731182796,-1.4112903225806508,8.425720620842569,55.10204081632652,0.12997495712958654,-0.02429497692969479,4.69932329968109,4.817150768345829,4.854,4.861000000000001,4.7555,4.7316666666666665,4.601000000000001,4.291166666666667,0.1200000000000001,0.0,0.0,0.036421433783315464,4.7349999999999985,5.051573846045437,4.418426153954564,41.06280193236736,44608387,0.10618743020293486,0.1312851881597899,1.1730478220193692,0.9917695473251034,1.0421940928270044,50.0,4.85,57.06646290880389,60.71577969008421,4.7349999999999985,4.82,4.87,4.78,0,0,1,1,0,0,0,0,0,1.0,0,0.0,1,0,0.0,0,1,0,0,1.0
20190415,5508,000415XSHE20190415,20200210004725,0,630897,5.07,313329504.0,000415.XSHE,4.81,1500,4.82,4.96,354732.90625,618452.125,-1.4314928425,4.89,2.0,4.844017792598081,4.841200027181625,4.805120287531171,4.7520528293970905,4.839088421177384,4.798392405278538,4.672156027464221,4.545954763509966,4.717217993448825,4.509854825048778,4.379895256270821,4.8286282375462495,4.760380157092052,4.585361416012981,4.363217371821756,4.989338326376023,4.973487084672637,4.903191561804814,4.722922258493372,4.494113892976409,4.698697258820139,4.6837693904198625,4.61756875237929,4.447800573532592,4.232320850667104,4.9,-0.5775577557755871,9.31192452487868,-104.33294437961789,42.31694085299787,52.8705034800205,21.209815598952602,46.57534246575339,45.71428571428579,67.70833333333334,-3.0181086519114584,6.637168141592936,52.02020202020203,0.12584532513521174,-0.0330370559549984,4.708262314519528,4.817589111677242,4.848000000000001,4.877999999999999,4.770999999999999,4.739333333333333,4.630750000000001,4.308166666666667,-0.13999999999999968,0.11000000000000032,0.010000000000000677,0.03772960314930841,4.7555,5.052208611267013,4.458791388732987,121.89781021897906,45239284,0.021553072583552973,0.06387025139324391,1.0351024191740843,0.9673469387755104,1.077586206896552,33.33333333333333,4.77,53.010295000427064,58.14728479353182,4.7555,4.861000000000001,4.854,4.89,0,0,1,1,0,0,0,0,0,1.0,0,0.0,1,0,0.0,1,1,0,0,1.0
20190416,5509,000415XSHE20190416,20200210004725,0,1104534,5.18,549428416.0,000415.XSHE,4.73,1500,5.17,4.78,354732.90625,618452.125,7.2614107884,4.82,3.0,4.952678528398722,4.923400020386218,4.8537709158603475,4.790048026724628,5.0045442105886915,4.844843354618722,4.7042749934342725,4.57308716509649,4.752047378568146,4.535742871125298,4.400687486368957,4.890695830719658,4.7993915707023325,4.6138803713294205,4.383137930542207,5.101258884250684,5.037416705641248,4.943373317823403,4.752296782469304,4.5146320684584715,4.804098172546759,4.743974955798069,4.655409823581262,4.475463960189539,4.2516437926259405,4.85,5.467156262749913,16.368056180786887,-142.18175450884294,60.803886494591175,55.514964484877396,71.38173051401877,1.333333333333305,70.76923076923079,72.80701754385966,6.597938144329902,15.401785714285701,63.01369863013701,0.1265444731846901,0.005593184395826789,4.7424651060366,4.871806171419204,4.901999999999999,4.915000000000001,4.796500000000001,4.757999999999999,4.66475,4.331166666666666,0.3899999999999997,0.009999999999999787,0.049999999999999815,0.041850331711526335,4.770999999999999,5.1098377192698585,4.43216228073014,155.17241379310406,46343818,0.4199211977839181,0.22073713518373556,1.5161188246331836,1.1866666666666672,1.4600000000000006,50.0,4.96,42.31694085299787,52.8705034800205,4.770999999999999,4.877999999999999,4.848000000000001,4.82,0,0,1,1,0,0,0,0,0,1.0,0,0.0,1,0,0.0,0,1,0,0,1.0
20190417,5510,000415XSHE20190417,20200210004725,0,788412,5.16,400311904.0,000415.XSHE,5.01,1500,5.08,5.1,354732.90625,618452.125,-1.7408123790999999,5.17,4.0,4.99511901893248,4.962550015289663,4.8839347937456346,4.816407297022389,5.042272105294347,4.874237935291381,4.7285153164385125,4.595126853570557,4.777274503293674,4.557086287943914,4.418564131464512,4.925114770588811,4.8261161830163966,4.636617914191402,4.400344401393016,5.144972589500456,5.072868213706475,4.970899668506887,4.775716451617144,4.532354733434807,4.845265448364506,4.777361327471146,4.681332697525906,4.497519376765659,4.2683340693512255,4.78,2.667744543249791,13.489120235914385,-120.45913682277308,66.4618502556534,59.1639264084694,81.05769795002139,13.333333333333284,66.66666666666676,62.96296296296299,3.673469387755096,9.247311827956981,63.8888888888889,0.12850923863299907,0.015718123586471955,4.767467690774629,4.9038359912008636,4.948,4.927,4.816,4.771,4.6925,4.351833333333333,-0.01999999999999957,0.0600000000000005,0.07000000000000027,0.039359539229941364,4.796500000000001,5.1530052594282445,4.4399947405717555,183.22981366459686,45555406,0.6340339261029991,0.5269775619434586,1.0822570063871269,1.1111111111111118,1.2870370370370376,33.33333333333333,4.78,60.803886494591175,55.514964484877396,4.796500000000001,4.915000000000001,4.901999999999999,5.17,0,0,1,1,0,0,0,0,0,1.0,0,0.0,1,0,0.0,1,1,0,0,1.0
20190418,5511,000415XSHE20190418,20200210004725,0,444897,5.09,223072960.0,000415.XSHE,4.95,1500,4.97,5.07,354732.90625,618452.125,-2.1653543307,5.08,4.0,4.986746012621653,4.964412511467248,4.895410154579551,4.830370270020354,5.0061360526471725,4.886208193379958,4.744094973442481,4.61142568602401,4.7920995415018535,4.573278982534348,4.433075601689129,4.933275721390847,4.839819403681501,4.652880454962553,4.4144099717289915,5.136348393000303,5.081273993032571,4.985013985791946,4.792466868611429,4.546842270880862,4.837143632243004,4.7852774497491195,4.694624821571057,4.513294041313675,4.2819776725771215,4.89,-0.3208985158443645,10.263122864622623,-50.79670880995408,62.08567794821336,60.137843588384065,65.98134666787197,29.166666666666675,63.013698630136965,50.485436893203875,2.4742268041237137,3.541666666666665,60.26785714285715,0.12911638799181352,0.004857194870515724,4.782470084050583,4.914015069477656,4.986000000000001,4.928,4.822,4.772666666666667,4.71925,4.371,-0.10000000000000052,0.01999999999999957,0.01999999999999957,0.03895063418677915,4.816,5.178579646422687,4.453420353577314,173.17073170731757,45110509,0.546225546291101,0.5901297361970501,0.8261784684617918,1.0373443983402493,1.1725663716814168,33.33333333333333,5.1,66.4618502556534,59.1639264084694,4.816,4.927,4.948,5.08,0,0,1,1,0,0,0,0,0,1.0,0,0.0,1,0,0.0,1,1,0,0,1.0
20190419,5512,000415XSHE20190419,20200210004725,0,325456,5.02,162127248.0,000415.XSHE,4.93,1500,5.01,4.96,354732.90625,618452.125,0.8048289738,4.97,4.0,4.99449734174777,4.975809383600435,4.9106888006356115,4.846700245473048,5.008068026323587,4.901682169207462,4.761250136446192,4.628755004022966,4.808861115232481,4.590405296944767,4.44825782269731,4.947225590228873,4.856027079521359,4.670300920574137,4.429115898352967,5.144332262000203,5.09564235793574,5.001707891907,4.81040994819136,4.561989375303557,4.844662421495336,4.798808822522006,4.7103462671357175,4.530191892956912,4.296242421402377,4.82,0.0,10.352422907489004,-27.78156479587959,62.1311927062163,60.80229329432814,64.78899152999261,33.33333333333333,59.09090909090911,52.33644859813084,4.811715481171539,1.0080645161290287,58.215962441314566,0.12918467638685466,0.0005463071603288294,4.799324151898689,4.928781981865709,5.01,4.9319999999999995,4.83,4.775,4.744,4.390833333333334,0.049999999999999815,0.009999999999999787,0.03000000000000025,0.036722896503192604,4.822,5.193644991894146,4.450355008105854,142.22222222222257,44785053,0.4423484630411413,0.4942870046661212,0.6657631508928039,1.1327433628318588,1.2735849056603783,50.0,5.07,62.08567794821336,60.137843588384065,4.822,4.928,4.986000000000001,4.97,0,0,1,1,0,0,0,0,0,1.0,0,0.0,1,0,0.0,0,1,0,0,1.0
20190422,5513,000415XSHE20190422,20200210004725,0,371419,5.04,182713824.0,000415.XSHE,4.85,1500,4.87,5.02,354732.90625,618452.125,-2.7944111776,5.01,1.0,4.952998227831847,4.949357037700326,4.905263627217528,4.848818404975498,4.939034013161793,4.89772189805653,4.76826625667547,4.639243916891533,4.8135641063684425,4.601369795103796,4.4593563010473805,4.933184573823624,4.8573578338526575,4.680042339082715,4.440001925554128,5.1015881746668015,5.081180111038333,5.003078568868237,4.8204436092551965,4.573201983320752,4.804408280996889,4.785189036608915,4.711637098837079,4.539641068910234,4.306801867787504,5.17,-2.9880478087649305,6.611208406304761,6.640497219495883,51.79116550784789,57.798584032168066,39.77632845920756,68.8888888888889,53.424657534246556,45.83333333333335,-0.40899795501021613,-1.8145161290322551,54.01785714285714,0.12638358113628784,-0.022408762004534063,4.804559399906194,4.919738600040214,5.02,4.933999999999998,4.833500000000001,4.784666666666666,4.7582499999999985,4.408,-0.14999999999999947,0.020000000000000462,0.020000000000000462,0.03588206583361875,4.83,5.201767400399767,4.458232599600233,88.01843317972359,45156472,0.1622705249472687,0.30230949399420504,0.4897457533435677,1.1096491228070184,1.2796208530805695,33.33333333333333,4.96,62.1311927062163,60.80229329432814,4.83,4.9319999999999995,5.01,5.01,0,0,1,1,0,0,0,0,0,1.0,0,0.0,1,0,0.0,1,1,0,0,1.0
20190423,5514,000415XSHE20190423,20200210004725,0,499889,4.85,237685360.0,000415.XSHE,4.69,1500,4.71,4.85,354732.90625,618452.125,-3.2854209446,4.87,2.0,4.871998818554563,4.889517778275245,4.879228476921856,4.836198549977724,4.824517006580896,4.874256660799464,4.764507143341568,4.642320268331031,4.805597636647793,4.6056298031389415,4.465952187861924,4.8926055604011465,4.843323754438119,4.681503688395753,4.446668544676248,5.0181587831112,5.039383727213182,4.988623467071263,4.821948799047626,4.580068601016537,4.725838853997925,4.7458273935891135,4.698024041804975,4.54105857774388,4.31326848833596,5.08,-4.423701298701299,2.578621831169989,105.77679836297787,35.887987889585645,50.4950519846406,6.673859699475756,95.91836734693888,7.407407407407414,44.35483870967743,-2.2821576763485543,-5.231388329979875,46.87500000000001,0.11909008954859207,-0.058347932701566275,4.7975549999131415,4.8874711231109496,4.928,4.915,4.8375,4.785333333333333,4.75775,4.4224999999999985,-0.13999999999999968,0.0,0.01999999999999957,0.03723827710793738,4.833500000000001,5.198075095145019,4.4689249048549815,19.67213114754085,45656361,-0.2732103758902497,-0.0554699254714905,0.5159898154729575,0.9917695473251038,1.1135371179039308,33.33333333333333,5.02,51.79116550784789,57.798584032168066,4.833500000000001,4.933999999999998,5.02,4.87,0,0,1,0,0,0,0,0,0,1.0,0,0.0,1,0,0.0,1,1,0,0,1.0
20190424,5515,000415XSHE20190424,20200210004725,0,469666,4.72,217711632.0,000415.XSHE,4.57,1500,4.65,4.72,354732.90625,618452.125,-1.2738853503,4.71,2.0,4.797999212369709,4.829638333706434,4.848664679998943,4.81927140907066,4.737258503290448,4.846224578199531,4.757119585706628,4.642654169707943,4.7936285876748865,4.607369810858984,4.470795551339243,4.848495458510031,4.824911968301156,4.679966923108156,4.451689074437328,4.9419391887408,4.993950322265331,4.969659327350191,4.8203659308014,4.5852397466704495,4.654059235998618,4.703040594754729,4.68016460925212,4.539567915414911,4.318138402204208,4.97,-3.965303593556385,0.8108225295928709,231.49435944985348,28.296909959177324,43.09567130948617,-1.300612741440375,86.88524590163931,7.843137254901969,39.99999999999999,-10.058027079303667,-4.123711340206171,45.65217391304349,0.10813449248911948,-0.0876447764757807,4.786624999919575,4.8509371041708045,4.8420000000000005,4.8950000000000005,4.844500000000001,4.782333333333335,4.76075,4.435833333333333,-0.0699999999999994,0.0,0.08000000000000007,0.037989856755426564,4.8375,5.1814462167258135,4.493553783274186,0.34364261168365834,45186695,-0.6510282316269268,-0.4621193037585882,0.5382289221107344,0.9047619047619057,1.0000000000000004,16.666666666666664,4.85,35.887987889585645,50.4950519846406,4.8375,4.915,4.928,4.71,0,0,1,0,0,0,0,0,0,1.0,0,0.0,0,0,0.0,1,0,0,0,0.0
20190425,5516,000415XSHE20190425,20200210004725,0,383416,4.67,175302832.0,000415.XSHE,4.47,1500,4.48,4.64,354732.90625,618452.125,-3.6559139785,4.65,2.0,4.69199947491314,4.742228750279826,4.7995093893324166,4.788428553700599,4.608629251645223,4.800446505924589,4.739240902757813,4.635582249285858,4.769503311699895,4.602374916315493,4.4710377736724185,4.7814962842354785,4.792063209415331,4.670212439054099,4.4523881096364075,4.832759459160534,4.924941172762544,4.935825105697791,4.810318812225722,4.585959752925499,4.551239490665746,4.638051395708414,4.648301313132872,4.530106065882476,4.3188164663473145,5.01,-5.564924114671168,-3.2230190961720964,757.6080521018372,19.334090207526696,35.175144275499676,-12.348017928419267,98.59154929577456,7.0175438596491375,36.496350364963504,-11.811023622047234,-8.571428571428571,43.388429752066116,0.09249915807384093,-0.12508267532222853,4.7639120369625685,4.793869857375296,4.7440000000000015,4.865,4.8424999999999985,4.778333333333333,4.7582499999999985,4.448166666666666,-0.15999999999999925,0.03000000000000025,0.010000000000000677,0.03910686213498426,4.844500000000001,5.196345136388157,4.492654863611845,2.2653721682845664,44803279,-1.0679522718761298,-0.8594902517515284,0.4164738984221254,0.827067669172933,0.8910505836575874,16.666666666666664,4.72,28.296909959177324,43.09567130948617,4.844500000000001,4.8950000000000005,4.8420000000000005,4.65,0,0,0,0,0,0,1,0,0,1.0,0,0.0,0,0,0.0,1,0,0,0,0.0
20190426,5517,000415XSHE20190426,20200210004725,0,363617,4.53,162643200.0,000415.XSHE,4.41,1500,4.45,4.48,354732.90625,618452.125,-0.6696428571,4.48,2.0,4.611332983275426,4.669171562709869,4.752908137421428,4.757662321545999,4.529314625822614,4.756640692684017,4.720580199354084,4.627513455838646,4.7449261338768265,4.59639942940116,4.47048414804946,4.721224232556302,4.759485760899586,4.659470368856337,4.452329143966372,4.74967297277369,4.862860959532991,4.902270333726573,4.799254479922028,4.585899018285363,4.472992993777164,4.579587505579612,4.616701188072597,4.5196862577906485,4.318759269647381,4.87,-3.929188255613116,-4.198062432723328,-3291.8918918918785,14.620995203286196,28.323761251428515,-12.78453689299844,94.8051948051948,0.0,37.593984962406005,-10.46277665995975,-8.247422680412361,46.05263157894736,0.07406082824119685,-0.14750663866115252,4.74065929348386,4.740966802394481,4.632,4.8210000000000015,4.841,4.777333333333333,4.754,4.46,-0.03000000000000025,0.049999999999999815,0.040000000000000036,0.039349503618406056,4.8424999999999985,5.200712227596992,4.484287772403007,-0.3039513677813103,44439662,-1.3274335617104305,-1.1976929167932802,0.4229109245959728,0.764044943820225,0.8326848249027238,16.666666666666664,4.64,19.334090207526696,35.175144275499676,4.8424999999999985,4.865,4.7440000000000015,4.48,0,0,0,0,0,0,1,0,0,1.0,0,0.0,0,0,1.0,1,0,0,0,1.0
20190429,5518,000415XSHE20190429,20200210004725,0,398945,4.49,174444080.0,000415.XSHE,4.29,1500,4.33,4.46,354732.90625,618452.125,-2.6966292135,4.45,2.0,4.517555322183618,4.584378672032402,4.696520385765237,4.718783928678182,4.429657312911306,4.703310606098515,4.69538147681511,4.614578088193488,4.7130087389632225,4.585952392954057,4.466787196785001,4.650092553909701,4.718582355099625,4.6433986435462735,4.449308671275845,4.653081981849127,4.789595330526992,4.860139825752613,4.782700602852661,4.5827879314141216,4.38202866251811,4.51058977729241,4.577024884446637,4.504096684239884,4.315829411137569,4.71,-4.2882404951370265,-7.061601201974651,-615.5157715260005,11.279897185332564,22.64247322939653,-11.44525490279537,95.50561797752808,0.0,29.104477611940304,-13.57285429141716,-9.4142259414226,46.05263157894736,0.052748873378659314,-0.1704956389003003,4.7102400865591285,4.677741140487639,4.523999999999999,4.772,4.825000000000001,4.771333333333333,4.7475000000000005,4.469833333333333,-0.1299999999999999,0.03000000000000025,0.040000000000000036,0.03857425039137855,4.841,5.255993975859892,4.4260060241401105,-2.352941176470745,44838607,-1.5452053345496841,-1.4363194481300572,0.42747287044046667,0.7481481481481488,0.7878787878787876,0.0,4.48,14.620995203286196,28.323761251428515,4.841,4.8210000000000015,4.632,4.45,0,0,0,0,0,0,1,0,0,1.0,0,1.0,0,0,1.0,1,0,1,0,3.0
20190430,5519,000415XSHE20190430,20200210004725,0,370236,4.43,161807488.0,000415.XSHE,4.31,1500,4.39,4.34,354732.90625,618452.125,1.3856812933000002,4.33,2.0,4.475036881455746,4.5357840040243005,4.655651000996539,4.688894480616528,4.4098286564556535,4.664146780336202,4.675679446052844,4.604813823489424,4.6881619128891305,4.578267985387231,4.464766481080132,4.602802998653392,4.687288797471089,4.631037734104991,4.447844259639403,4.6092879878994175,4.740887088612993,4.827907461395222,4.769968866128142,4.581279587428586,4.3407857750120735,4.46471890869379,4.546670133546956,4.492106602081841,4.314408931850222,4.65,-1.5695067264574252,-6.007793431250781,-321.61496799606135,11.686598123555028,18.990514860782696,-2.921235350900311,88.76404494382027,13.636363636363564,33.834586466165376,-9.856262833675574,-10.224948875255622,47.21030042918455,0.03159003351381734,-0.1692707189187358,4.68651859866586,4.63347327272031,4.460000000000001,4.694,4.8045,4.7623333333333315,4.742,4.484666666666667,0.049999999999999815,0.040000000000000036,0.03000000000000025,0.03260367368944918,4.825000000000001,5.281354029236075,4.368645970763927,15.750915750915587,44468371,-1.5079567370957936,-1.5265810358227387,0.41373491838264653,0.7900763358778629,0.8685258964143421,16.666666666666664,4.46,11.279897185332564,22.64247322939653,4.825000000000001,4.772,4.523999999999999,4.33,0,0,0,0,0,0,1,0,0,1.0,0,1.0,0,0,1.0,0,0,1,0,2.0
20190506,5520,000415XSHE20190506,20200210004725,0,571043,4.27,235374256.0,000415.XSHE,3.96,1500,4.01,4.26,354732.90625,618452.125,-8.6560364465,4.39,2.0,4.320024587637163,4.404338003018227,4.569564200863667,4.6271768005604805,4.209914328227827,4.582378432794174,4.632732385017177,4.578952352902928,4.635995611897658,4.5559829663524365,4.452798942104339,4.4950206352618665,4.622785102473842,4.600743210490114,4.437033290265592,4.449625325266278,4.629871254319721,4.7614686555480565,4.7387655068048185,4.57014428897356,4.190423850008049,4.36017001620401,4.484101549399627,4.46272091417541,4.303922291557623,4.48,-7.433056325023067,-14.158496382240862,-329.2444915441341,9.334275292246556,15.771768337937315,-3.540710799134964,95.90163934426229,7.894736842105213,7.352941176470566,-14.861995753715506,-16.804979253112045,41.19850187265915,0.005501666373177771,-0.20870693712511654,4.6364061098757965,4.537554307686416,4.331999999999999,4.5870000000000015,4.757,4.7396666666666665,4.725,4.4946666666666655,-0.25,0.009999999999999787,0.049999999999999815,0.03738159110064558,4.8045,5.370754359806615,4.238245640193385,1.8766756032170688,45039414,-1.857752640790563,-1.682854688943178,0.4195055861807973,0.7137809187279156,0.7572463768115937,16.666666666666664,4.34,11.686598123555028,18.990514860782696,4.8045,4.694,4.460000000000001,4.39,0,0,0,0,0,0,1,0,0,1.0,1,1.0,0,0,1.0,1,0,1,0,3.0
20190507,5521,000415XSHE20190507,20200210004725,0,353333,4.1,143204080.0,000415.XSHE,4.0,1500,4.08,4.06,354732.90625,618452.125,1.7456359102,4.01,2.0,4.240016391758108,4.32325350226367,4.5042889740818435,4.577433455054981,4.144957164113913,4.519581128694903,4.597072231145102,4.557258772341932,4.593226718674762,4.537316967671949,4.442988443627909,4.419562337941527,4.5710912831906185,4.575341102661328,4.42821765346891,4.367216883510853,4.552149208079773,4.7082240216863385,4.7126013357411685,4.561064183072976,4.112815900005367,4.286975467803281,4.4339585446949,4.438080869581488,4.295371123864843,4.45,-4.04515522107243,-12.727272727272725,-225.3430806720532,9.926553898534744,13.823363524803126,2.1329346459979845,90.1639344262295,19.69696969696968,12.686567164179099,-12.258064516129036,-21.083172147001928,38.910505836575865,-0.021204567942351246,-0.21364987452423212,4.595190842477589,4.4671613372731205,4.252,4.497999999999998,4.713,4.714,4.704,4.5058333333333325,0.020000000000000462,0.01999999999999957,0.05999999999999961,0.037015670084351734,4.757,5.3865426911655785,4.127457308834422,3.975535168195576,44686081,-1.974934913758758,-1.9163437772746603,0.2444536672302871,0.7574626865671646,0.8115384615384608,33.33333333333333,4.26,9.334275292246556,15.771768337937315,4.757,4.5870000000000015,4.331999999999999,4.01,0,0,0,0,0,0,1,0,1,2.0,1,1.0,0,0,1.0,0,0,1,0,2.0
20190508,5522,000415XSHE20190508,20200210004725,0,283397,4.13,115532216.0,000415.XSHE,3.98,1500,4.07,4.01,354732.90625,618452.125,-0.2450980392,4.08,2.0,4.183344261172073,4.259940126697753,4.446383777537599,4.531303140959075,4.107478582056957,4.4633834876080405,4.5630675710712225,4.536073608327066,4.552978509545934,4.5189908120769715,4.43317295826928,4.356005549224887,4.523368303839131,4.550690317165653,4.419372773136344,4.308844589007236,4.486685715701633,4.6590693529543055,4.687211026680624,4.5519539563304345,4.057843933336911,4.225325382748139,4.387667254723957,4.414169607650685,4.286791589942254,4.33,-2.5383141762452075,-12.959794696321618,-160.47107794614098,10.737552786289092,12.794759945298448,6.623138468270388,90.98360655737702,20.312499999999996,13.70967741935484,-9.151785714285717,-19.88188976377952,34.97942386831276,-0.04700929916020539,-0.20643784974283316,4.556287817108879,4.406059593077257,4.176,4.404,4.668000000000001,4.688,4.682250000000002,4.517333333333332,0.0600000000000005,0.05999999999999961,0.029999999999999805,0.03890476658422669,4.713,5.389538247255837,4.036461752744163,11.746031746031663,44402684,-1.8990295119594105,-1.936982212859084,0.3803776993410017,0.8301158301158307,0.7954545454545443,33.33333333333333,4.06,9.926553898534744,13.823363524803126,4.713,4.497999999999998,4.252,4.08,0,0,0,0,0,0,1,0,1,2.0,1,1.0,0,0,1.0,0,0,1,0,2.0
20190509,5523,000415XSHE20190509,20200210004725,0,184896,4.1,75236320.0,000415.XSHE,4.03,1500,4.06,4.04,354732.90625,618452.125,-0.24570024570000001,4.07,2.0,4.142229507448048,4.2099550950233136,4.3948659405325845,4.488457400871886,4.083739291028478,4.412960551657036,4.5306115987440485,4.515374755791107,4.515057085734709,4.500991172387678,4.423352617262194,4.302186358456725,4.479237989187785,4.526754204133184,4.410499371330508,4.266496392671492,4.431251949210425,4.613615128863419,4.662556830257179,4.542814352470423,4.017962622224608,4.173120767703023,4.344860849512152,4.390951578009188,4.278184390190594,4.39,-1.5041242115477778,-13.084432265798926,-114.34181392822832,11.544333436473416,12.377951109023435,9.877098091373373,91.6666666666667,24.528301886792427,10.743801652892554,-8.764044943820236,-18.30985915492958,30.26315789473683,-0.07094865950847233,-0.19151488278613546,4.519525756582294,4.352819655680754,4.121999999999999,4.323,4.6285,4.663333333333333,4.66925,4.527166666666667,0.01999999999999957,0.040000000000000036,0.009999999999999787,0.036727467143597904,4.668000000000001,5.388257592809683,3.947742407190317,15.384615384615195,44217788,-1.7061704392376853,-1.802599975598548,0.4961806673980828,0.8228346456692921,0.787644787644786,33.33333333333333,4.01,10.737552786289092,12.794759945298448,4.668000000000001,4.404,4.176,4.07,0,0,0,0,0,0,1,0,1,2.0,1,1.0,0,0,1.0,0,0,1,0,2.0
20190510,5524,000415XSHE20190510,20200210004725,0,317299,4.22,131566952.0,000415.XSHE,4.03,1500,4.18,4.08,354732.90625,618452.125,2.9556650245999996,4.06,3.0,4.1548196716320325,4.202466321267487,4.3662171484615735,4.460415818974441,4.1318696455142385,4.383840482699906,4.507991495599272,4.500793244669754,4.489283463755116,4.488403283274437,4.416948601018452,4.279970656919138,4.450739133074663,4.509839364907175,4.404808028828521,4.279464261780993,4.408369776626713,4.584261307066903,4.645134545854392,4.536952269693377,4.030175081483072,4.151571537211564,4.317216959082423,4.37454418395996,4.2726637879636655,4.01,2.450980392156854,-10.304278786318166,-68.44376188386728,18.02486078863485,14.260254335560575,25.55407369478339,80.53097345132745,32.2033898305085,21.00840336134453,-3.464203233256359,-16.566866267465073,33.74999999999999,-0.09038766444555953,-0.15551203949669765,4.4943757005391625,4.326232016345254,4.08,4.2700000000000005,4.5924999999999985,4.648333333333333,4.6564999999999985,4.538,0.09999999999999963,0.040000000000000036,0.049999999999999815,0.0378758940882032,4.6285,5.362717270295381,3.8942827297046185,29.644268774703466,44535087,-1.27068082298493,-1.4884256311113075,0.4935132333440702,0.8015564202334637,0.7807692307692294,50.0,4.04,11.544333436473416,12.377951109023435,4.6285,4.323,4.121999999999999,4.06,0,1,0,0,0,0,1,0,1,3.0,0,1.0,0,0,1.0,0,0,1,0,2.0
20190513,5525,000415XSHE20190513,20200210004725,0,253002,4.12,103123480.0,000415.XSHE,4.05,1500,4.06,4.12,354732.90625,618452.125,-2.8708133970999996,4.18,4.0,4.123213114421355,4.166849740950614,4.325388195333364,4.424014380885856,4.095934822757119,4.3433604223624185,4.4790888184638336,4.48162832098846,4.4562616588508766,4.471603154518577,4.407555216781125,4.23997599202475,4.413525882305646,4.487895981253167,4.396294250338928,4.246909507853996,4.3671752717854915,4.545931658774816,4.622532860690762,4.528183077849096,3.999516720988714,4.112776712264007,4.281120105836478,4.353259101815572,4.2644054228287605,4.08,-0.7334963325183435,-12.703190848886194,-62.41488954369145,17.864527075464142,15.461678582195097,22.67022406200224,90.74074074074078,57.57575757575752,21.7391304347826,-7.517084282460138,-16.632443531827526,31.87250996015936,-0.107695427180771,-0.13846210188169178,4.462199722721447,4.28527324459983,4.09,4.211,4.553,4.633333333333335,4.6395,4.5456666666666665,-0.0600000000000005,0.0,0.009999999999999787,0.0363742255676248,4.5924999999999985,5.351633716811471,3.833366283188528,84.12698412698427,44282085,-1.029137617651274,-1.149909220318102,0.5133937592402719,0.7034220532319396,0.6290909090909084,33.33333333333333,4.08,18.02486078863485,14.260254335560575,4.5924999999999985,4.2700000000000005,4.08,4.18,0,0,0,0,0,0,1,0,1,2.0,0,1.0,0,0,1.0,1,0,1,0,3.0
20190514,5526,000415XSHE20190514,20200210004725,0,198492,4.08,80236912.0,000415.XSHE,3.97,1500,4.03,4.01,354732.90625,618452.125,-0.7389162562,4.06,1.0,4.092142076280903,4.1326373057129615,4.2860031026222485,4.3881948917144165,4.06296741137856,4.304190369567117,4.4501153463048775,4.461992307032442,4.423472300477731,4.454285383753142,4.397619553181621,4.201798538929341,4.376999607800348,4.4655595919237445,4.387249947861424,4.214906338569331,4.327852495097222,4.508309596034358,4.599526379681457,4.518867446297267,3.969377813992476,4.075744582761462,4.2456896195663365,4.331592804166031,4.2556324494255815,4.07,-1.225490196078427,-13.142807879649967,-54.62421485813314,16.312200440246553,15.745185868212246,17.446229584315148,93.51851851851849,41.379310344827616,22.32142857142857,0.4987531172069941,-14.437367303609335,33.057851239669425,-0.12299323988611015,-0.12238250164271328,4.430184928445785,4.246000437738318,4.08,4.166,4.5155,4.617000000000001,4.6252499999999985,4.5520000000000005,0.020000000000000462,0.049999999999999815,0.039999999999999584,0.034639468389319215,4.553,5.337256973191823,3.7687430268081767,66.19718309859189,44083593,-0.8965285710643635,-0.9628330943578188,0.6999470014415772,0.642585551330799,0.5373665480427041,33.33333333333333,4.12,17.864527075464142,15.461678582195097,4.553,4.211,4.09,4.06,0,0,0,0,0,0,1,0,1,2.0,0,1.0,0,0,1.0,0,0,1,0,2.0
20190515,5527,000415XSHE20190515,20200210004725,0,292682,4.17,119797088.0,000415.XSHE,4.04,1500,4.14,4.05,354732.90625,618452.125,2.729528536,4.03,3.0,4.1080947175206015,4.13447797928472,4.266536022272615,4.365631719740378,4.10148370568928,4.283666573371226,4.430107904607788,4.447992641509291,4.401666738902522,4.441960466743214,4.390840091255789,4.1905624409421875,4.354428216581267,4.449678636220146,4.381145010877192,4.23133755904622,4.316279314170454,4.485061063078705,4.583168995306751,4.512579361203507,3.9848518759949827,4.064845567713923,4.223795370083828,4.316188277133543,4.249710660550875,4.06,1.123595505617984,-10.587015679668244,-27.076366922729374,23.6407577403062,18.377043158910233,34.16818690309813,79.77528089887643,58.9743589743589,33.962264150943355,1.4705882352941082,-10.967741935483883,34.67741935483868,-0.1341940060038167,-0.08960612894165232,4.408689748560912,4.229692678086268,4.0939999999999985,4.135,4.4780000000000015,4.605666666666666,4.61675,4.56,0.08999999999999986,0.03000000000000025,0.009999999999999787,0.03508293579419356,4.5155,5.2962586054601015,3.734741394539901,121.35922330097138,44376275,-0.6100100262102062,-0.7532692986372849,1.0153866223896881,0.6692607003891058,0.6067415730337071,33.33333333333333,4.01,16.312200440246553,15.745185868212246,4.5155,4.166,4.08,4.03,0,0,0,0,0,0,1,0,1,2.0,0,1.0,0,0,1.0,0,0,1,0,2.0
20190516,5528,000415XSHE20190516,20200210004725,0,423063,4.27,176031552.0,000415.XSHE,4.07,1500,4.21,4.12,354732.90625,618452.125,1.690821256,4.14,4.0,4.142063145013734,4.15335848446354,4.2589978859696,4.351483381582162,4.15574185284464,4.274458251699823,4.415907394633091,4.437645135356713,4.386923143602329,4.432863977851324,4.386081141485899,4.194096542589064,4.340673148335433,4.43798699542892,4.3769192081394825,4.266325039364147,4.319919438866736,4.470893342785495,4.571126605291788,4.508226784383667,4.017801250663322,4.068273646311392,4.21045295388537,4.3048473855660525,4.245611631895298,4.18,2.08535402521822,-8.925712802319012,-8.295528191834034,42.642225590311696,26.46543730271072,74.99580216551365,67.10526315789473,66.66666666666673,39.09090909090908,3.4398034398034314,-6.026785714285724,37.2,-0.14081699562395045,-0.052983916961069966,4.393971989408252,4.226663035303766,4.1240000000000006,4.122999999999998,4.4475,4.591,4.60925,4.5696666666666665,0.08999999999999986,0.05999999999999961,0.049999999999999815,0.035214591974079765,4.4780000000000015,5.250550969192325,3.705449030807676,152.2522522522532,44799338,-0.2418383955648848,-0.4259242108875455,1.527409118956364,0.7298387096774197,0.5656934306569336,50.0,4.05,23.6407577403062,18.377043158910233,4.4780000000000015,4.135,4.0939999999999985,4.14,0,0,0,1,0,0,1,0,0,1.0,0,1.0,0,0,1.0,0,0,1,0,2.0
20190517,5529,000415XSHE20190517,20200210004725,0,390044,4.17,159427344.0,000415.XSHE,4.0,1500,4.02,4.16,354732.90625,618452.125,-4.513064133,4.21,1.0,4.1013754300091545,4.120018863347655,4.227131501173654,4.321348528711057,4.08787092642232,4.242650970237345,4.390364982076116,4.419486651210769,4.3586982864021495,4.416673233621858,4.376447427236272,4.1624426257546885,4.3101328484939625,4.417597385895802,4.368106388185422,4.22441669290943,4.287315904527329,4.439436833948782,4.550125307472676,4.499149579830983,3.9783341671088808,4.037569346982048,4.180828863039143,4.285069464318928,4.237063196539859,4.06,-1.7595307917888794,-12.813394638674414,-23.097262464573614,33.983705949096624,28.97152685150602,44.008064144277846,91.54929577464794,34.615384615384585,36.752136752136735,-0.9852216748768484,-9.662921348314619,35.496183206106856,-0.1469339241757776,-0.0489354284146174,4.366270360563196,4.19486872218011,4.0920000000000005,4.086,4.39,4.565,4.5932499999999985,4.5731666666666655,-0.14000000000000054,0.009999999999999787,0.01999999999999957,0.03670996250185092,4.4475,5.165664326599421,3.7293356734005783,56.321839080460215,44409294,-0.262672414604785,-0.2522554050848349,1.5023849466285273,0.7336065573770498,0.5270758122743675,50.0,4.12,42.642225590311696,26.46543730271072,4.4475,4.122999999999998,4.1240000000000006,4.21,0,0,0,0,0,0,0,0,0,0.0,0,1.0,0,0,1.0,1,0,1,0,3.0
20190520,5530,000415XSHE20190520,20200210004725,0,215244,4.05,85508944.0,000415.XSHE,3.91,1500,4.04,3.99,354732.90625,618452.125,0.4975124378,4.02,2.0,4.080916953339437,4.100014147510741,4.2021806343505,4.2957713897373235,4.06393546321116,4.217319598957677,4.36776078968411,4.402987231592911,4.334183033601983,4.401901734264139,4.367593547572159,4.140180330162926,4.284405910542157,4.399178001217957,4.360004995884546,4.20334446193962,4.264385740067814,4.4129380878584215,4.531153341254497,4.490805145761083,3.9584894447392536,4.015974920258039,4.155873733225892,4.267202661181419,4.22920484600801,4.03,-1.1741682974559482,-12.131889164382956,-28.72572676088705,34.692841003101464,30.878631568704506,42.321259871895386,79.03225806451614,47.61904761904767,34.51327433628321,-3.3492822966507103,-6.697459584295612,33.201581027667984,-0.15175902349762835,-0.03860079457480597,4.342102185706663,4.171042764921632,4.087999999999999,4.089,4.337999999999999,4.5343333333333335,4.577,4.574333333333333,0.049999999999999815,0.009999999999999787,0.08000000000000007,0.03244463571979616,4.39,5.048956751236377,3.731043248763623,57.894736842105544,44194050,-0.3137933183401984,-0.2882328664724917,2.1733513770407282,0.7357723577235775,0.498245614035087,50.0,4.16,33.983705949096624,28.97152685150602,4.39,4.086,4.0920000000000005,4.02,0,0,0,0,0,0,0,0,0,0.0,0,1.0,0,0,1.0,0,0,1,0,2.0
20190521,5531,000415XSHE20190521,20200210004725,0,240823,4.11,97913016.0,000415.XSHE,3.99,1500,4.08,4.04,354732.90625,618452.125,0.9900990099,4.04,3.0,4.080611302226291,4.095010610633056,4.185889883103767,4.276155808852113,4.0719677316055805,4.200154649087969,4.349195577446427,4.388944308480174,4.314630492555676,4.389278136842016,4.360025296320259,4.129238451951485,4.264938680966713,4.38360834262196,4.353091292282459,4.20302964129308,4.25311560551003,4.392886841395715,4.515116592900619,4.483684031050934,3.9581929631595023,4.00536129839294,4.136990520537712,4.2521000923433006,4.222498553513985,4.14,-0.4392386530014807,-10.936476751800905,-12.383509714104939,38.86930140947507,33.542188182294694,49.523527863835824,70.68965517241382,55.81395348837206,54.43037974683546,0.4926108374384351,-7.061503416856484,35.2,-0.15453742345504906,-0.022227199659365704,4.322687208987651,4.1570361857029186,4.098000000000001,4.089,4.2935,4.505,4.55775,4.577333333333332,0.040000000000000036,0.03000000000000025,0.049999999999999815,0.03293483179822755,4.337999999999999,4.937775791442101,3.7382242085578974,93.6305732484082,44434873,-0.2717564360006534,-0.2927748771704259,2.0667586972618976,0.7866108786610885,0.5249999999999997,66.66666666666666,3.99,34.692841003101464,30.878631568704506,4.337999999999999,4.089,4.087999999999999,4.04,0,0,0,0,0,0,0,0,0,0.0,0,1.0,0,0,1.0,0,0,1,0,2.0
20190522,5532,000415XSHE20190522,20200210004725,0,224597,4.08,90447336.0,000415.XSHE,3.96,1500,4.01,4.07,354732.90625,618452.125,-1.7156862744999999,4.08,4.0,4.057074201484194,4.0737579579747925,4.162437898689931,4.251959826229194,4.04098386580279,4.176385317951972,4.327311991804721,4.372468468981038,4.291197377743702,4.374404484416839,4.350814104311832,4.1075587334148524,4.2406588065889315,4.3653835454208885,4.3446199023495575,4.1787864275287205,4.2307854954172965,4.367878570786599,4.496345051783514,4.474958499420045,3.9353619754396676,3.9843319714124057,4.1134390423912635,4.234422039058262,4.214281305279072,4.21,-1.522593320235763,-12.107662633701553,-17.47735403821267,35.172126865575954,34.08550107672178,37.34537844328429,80.76923076923083,33.333333333333414,45.56962025316454,-0.4962779156327658,0.0,23.873873873873876,-0.15665193065419286,-0.016916057593150124,4.299525193507084,4.134415234056316,4.072,4.082999999999998,4.2435,4.473,4.53675,4.577166666666667,-0.0600000000000005,0.009999999999999787,0.049999999999999815,0.032241846815965765,4.2935,4.806462961625886,3.780537038374114,47.05882352941217,44210276,-0.3159509018546128,-0.2938536689276331,2.8920062744700297,0.7773109243697479,0.5107142857142851,66.66666666666666,4.04,38.86930140947507,33.542188182294694,4.2935,4.089,4.098000000000001,4.08,0,0,0,0,0,0,0,0,0,0.0,0,1.0,0,0,1.0,1,0,1,0,3.0
20190523,5533,000415XSHE20190523,20200210004725,0,323674,3.99,126702584.0,000415.XSHE,3.84,1500,3.86,3.98,354732.90625,618452.125,-3.7406483791000005,4.01,1.0,3.9913828009894634,4.0203184684810935,4.122112845531274,4.216327114753812,3.9504919329013943,4.136837153207976,4.297162831043127,4.350187231199252,4.258028348686493,4.354231759537747,4.337897943672047,4.062548054612152,4.2044055869137935,4.340730689546699,4.332653978834755,4.111124285019146,4.184424496250515,4.330537754521209,4.470952610233099,4.4626335981997975,3.8716413169597783,3.9406716129737855,4.07827341930638,4.210508768860296,4.202674359469713,4.02,-3.5482258870564687,-15.127528583992966,-38.7504274535837,24.99847217394986,31.05649144246448,12.882433636920636,95.34883720930232,12.765957446808589,38.70967741935483,-6.763285024154585,-5.392156862745104,23.24561403508773,-0.160275597728526,-0.02898933659466552,4.2669677717658185,4.09219750573996,4.002,4.063,4.1930000000000005,4.44,4.51325,4.569833333333333,-0.1200000000000001,0.010000000000000231,0.020000000000000014,0.0344037192476256,4.2435,4.694990863694937,3.792009136305063,10.67193675889357,44533950,-0.5782593787947271,-0.44710514032467,1.8096745030919563,0.6904761904761905,0.4391891891891891,50.0,4.07,35.172126865575954,34.08550107672178,4.2435,4.082999999999998,4.072,4.01,0,0,0,0,0,0,0,0,0,0.0,0,1.0,0,0,1.0,1,0,1,0,3.0
20190524,5534,000415XSHE20190524,20200210004725,0,190253,3.91,73705552.0,000415.XSHE,3.84,1500,3.86,3.85,354732.90625,618452.125,0.0,3.86,2.0,3.9475885339929753,3.98023885136082,4.087164466127104,4.1839337406852835,3.9052459664506967,4.102232509056978,4.268958777427439,4.328874742886241,4.227410783402917,4.334850121908817,4.325321681996466,4.02572113559176,4.171605054826767,4.317280412007835,4.320983510221551,4.066016190012765,4.1464927696595115,4.2967532064715686,4.44679882436807,4.450613015528199,3.8291608779731856,3.9049495015240065,4.046456903181963,4.1877619996476,4.1913540049149045,4.04,-2.770780856423182,-14.81661296729489,-46.96938659383207,18.216035712865807,26.776339532598254,1.0954280734009032,95.34883720930232,21.42857142857155,39.13043478260872,-8.313539192399052,-5.159705159705169,24.423963133640555,-0.16428991785183686,-0.032114560986486684,4.236822010894277,4.0564748125491965,3.97,4.031000000000001,4.150499999999999,4.405333333333334,4.494,4.5553333333333335,0.009999999999999787,0.05000000000000026,0.010000000000000231,0.03167173620476175,4.1930000000000005,4.599618986275852,3.7863810137241503,22.44897959183701,44343697,-0.762010679540765,-0.670135029167746,1.7314887641156804,0.7100840336134454,0.4034482758620687,33.33333333333333,3.98,24.99847217394986,31.05649144246448,4.1930000000000005,4.063,4.002,3.86,0,0,0,0,0,0,1,0,0,1.0,0,1.0,0,0,1.0,0,0,1,0,2.0
20190527,5535,000415XSHE20190527,20200210004725,0,192330,3.95,75162464.0,000415.XSHE,3.82,1500,3.94,3.86,354732.90625,618452.125,2.0725388601,3.86,3.0,3.945059022661984,3.970179138520615,4.067542537310157,4.161757946077531,3.9226229832253487,4.0819534454248565,4.2477356304966385,4.311967145369448,4.205302261602692,4.319365803402588,4.315181637733402,4.010135474575076,4.14954743055755,4.298876489470867,4.311576509969168,4.063410793341843,4.130439538812329,4.274033853474276,4.427842784154993,4.440923805268243,3.8267072519821235,3.889831410337824,4.025061007640823,4.169910194786741,4.182229214670093,4.08,-0.2531645569620311,-12.743057093502244,-40.467744054657715,21.032912697466106,24.861863920887536,13.375010250623234,73.3333333333333,35.29411764705883,36.36363636363638,-1.9900497512437718,-2.9556650246305334,25.791855203619924,-0.16668785121225488,-0.01918346688334449,4.214835195272478,4.038555610618551,3.95,4.019,4.115,4.375,4.47975,4.5455000000000005,0.08000000000000007,0.010000000000000231,0.040000000000000036,0.033247090659514075,4.150499999999999,4.495840411767866,3.8051595882321316,49.36708860759557,44536027,-0.6917605868900862,-0.7268856332154257,1.737728916820628,0.5822784810126584,0.3157894736842105,50.0,3.85,18.216035712865807,26.776339532598254,4.150499999999999,4.031000000000001,3.97,3.86,0,0,0,0,0,0,1,0,0,1.0,0,1.0,0,0,1.0,0,0,1,0,2.0
20190528,5536,000415XSHE20190528,20200210004725,0,164790,3.99,65147680.0,000415.XSHE,3.9,1500,3.92,3.95,354732.90625,618452.125,-0.5076142132,3.94,4.0,3.9367060151079887,3.9576343538904615,4.047870199002136,4.139779950979573,3.9213114916126734,4.0617092647467485,4.226591396271048,4.294925095570776,4.183355933787101,4.303704399347584,4.304782120950944,3.9937472064705175,4.12768577050445,4.280394709496679,4.3019079541674605,4.054807195561229,4.113559622664633,4.251516343619584,4.408806550781579,4.430965192792484,3.818604834654749,3.8739347902764014,4.003855197389316,4.151982868211778,4.172850715542436,4.01,0.05104645227158418,-12.923719401128444,-32.23456790123452,21.429349205718157,23.71769234916441,16.852662918825647,77.77777777777774,25.0,41.02564102564104,-2.9702970297029734,-6.220095693779899,27.27272727272728,-0.1678861340238471,-0.009586262492737864,4.192995551178221,4.020316285908005,3.9179999999999993,4.008,4.087,4.346333333333333,4.46475,4.5345,-0.03000000000000025,0.040000000000000036,0.020000000000000014,0.032813480490880884,4.115,4.426583054738219,3.803416945261781,44.51612903225852,44371237,-0.5781738795244282,-0.6349672332072572,1.2925875318098057,0.5836909871244634,0.3516483516483517,33.33333333333333,3.86,21.032912697466106,24.861863920887536,4.115,4.019,3.95,3.94,0,0,0,0,0,0,1,0,0,1.0,0,1.0,0,0,1.0,1,0,1,0,3.0
20190529,5537,000415XSHE20190529,20200210004725,0,178749,3.99,70674488.0,000415.XSHE,3.89,1500,3.96,3.91,354732.90625,618452.125,1.0204081633,3.92,4.0,3.9444706767386593,3.9582257654178465,4.036154172468518,4.123436319072339,3.940655745806337,4.0489956066534045,4.209391951350336,4.280363134893785,4.1661747081111695,4.2902257954516,4.29570890724171,3.9876113507486055,4.111715697123074,4.264765699277328,4.293465782459622,4.062804797040819,4.107239691271063,4.2350671680367675,4.392708670255648,4.422269755933411,3.8261365564365,3.867983010226147,3.9883642262093817,4.136822728299008,4.164661808985833,3.86,1.3306038894575245,-11.831500200382946,-30.222805674069072,27.619566137145444,25.01831694515809,32.82206452112016,68.88888888888884,41.379310344827616,45.56962025316454,-2.9411764705882377,-2.463054187192109,30.964467005076145,-0.1672488600499861,0.0050981917908881616,4.175736621461317,4.011036857306774,3.908,3.99,4.062499999999999,4.315333333333333,4.45175,4.5234999999999985,0.049999999999999815,0.03000000000000025,0.020000000000000014,0.03219863639777591,4.087,4.3544976635411965,3.8195023364588017,66.15384615384649,44549986,-0.3938546178035963,-0.4860142486640122,1.7510898781167703,0.6367713004484307,0.3878326996197721,33.33333333333333,3.95,21.429349205718157,23.71769234916441,4.087,4.008,3.9179999999999993,3.92,0,0,0,0,0,0,1,0,0,1.0,0,1.0,0,0,1.0,0,0,0,0,2.0
20190530,5538,000415XSHE20190530,20200210004725,0,169058,3.95,65971272.0,000415.XSHE,3.87,1500,3.91,3.94,354732.90625,618452.125,-1.2626262626,3.96,4.0,3.9329804511591058,3.946169324063384,4.019333616139384,4.104033017338491,3.9253278729031686,4.03162115582173,4.190076341585798,4.264260389898404,4.1464689613333885,4.275314979943694,4.285558672840612,3.973500196067041,4.0925046783494485,4.247460055410142,4.283997491534693,4.0509698646938785,4.0927052019490535,4.2152798186999325,4.374883857072445,4.4125174162807355,3.814991037624333,3.8542951901850295,3.969729537998965,4.120036253747837,4.155477566788652,3.86,-0.20418580908626868,-12.711523864803336,-43.336591723688755,28.75787167763721,26.2648351893178,33.743944654276035,79.9999999999999,63.15789473684218,34.24657534246581,-2.4937655860349044,-2.9776674937965284,31.12244897959184,-0.16591102841310335,0.010702653095061855,4.156052427278996,3.995492725413424,3.918,3.96,4.041499999999999,4.284999999999998,4.433249999999999,4.512166666666666,-0.029999999999999805,0.010000000000000231,0.040000000000000036,0.029494078379174508,4.062499999999999,4.3077162311104225,3.8172837688895767,104.3478260869566,44380928,-0.3137193406399305,-0.3537869792217634,1.362360012042482,0.6035242290748903,0.358208955223881,33.33333333333333,3.91,27.619566137145444,25.01831694515809,4.062499999999999,3.99,3.908,3.96,0,0,0,0,0,0,1,0,0,1.0,0,1.0,0,0,1.0,1,0,0,0,2.0
20190531,5539,000415XSHE20190531,20200210004725,0,155088,3.93,60376504.0,000415.XSHE,3.86,1500,3.86,3.91,354732.90625,618452.125,-1.2787723785,3.91,1.0,3.9086536341060714,3.9246269930475375,3.998089133987465,4.081848197580446,3.892663936451585,4.0101685113440135,4.168781093741553,4.246683851207169,4.124432887384666,4.2590281179851175,4.274359760397437,3.9528637967821254,4.070361375649502,4.228559564902329,4.27352841766964,4.025913243129253,4.071449710685589,4.192472216918986,4.355416351849399,4.4017342701997295,3.791394025082888,3.834277882878661,3.948250534380016,4.101702777955259,4.1453225651395496,3.94,-1.4803471158754535,-13.51884213828024,-55.64866968905947,23.769615601183425,25.433095326606335,20.442656150337587,91.11111111111109,50.0,25.35211267605637,0.0,-6.763285024154585,33.15217391304348,-0.16462380815378005,0.01029776207458688,4.134122617850922,3.974647690734436,3.918,3.944,4.015,4.2413333333333325,4.40975,4.499666666666667,-0.05000000000000026,0.020000000000000014,0.0,0.027078694160372157,4.041499999999999,4.240547732968752,3.8424522670312458,102.15053763440874,44225840,-0.3454278418728828,-0.3295735912564066,1.0092562555570113,0.6372093023255817,0.3696498054474712,33.33333333333333,3.94,28.75787167763721,26.2648351893178,4.041499999999999,3.96,3.918,3.91,0,0,0,0,0,0,1,0,0,1.0,0,1.0,0,0,1.0,1,0,0,0,2.0
20190603,5540,000415XSHE20190603,20200210004725,0,199271,3.9,76453128.0,000415.XSHE,3.8,1500,3.82,3.84,354732.90625,618452.125,-1.0362694301,3.86,2.0,3.87910242273738,3.8984702447856536,3.9743439161224696,4.058043815982224,3.856331968225792,3.9863974474260115,4.146279087693712,4.228132379415554,4.101014972970462,4.241811329044523,4.262402924597504,3.9287067428217375,4.046517435111453,4.208629830029045,4.262330185134586,3.9954754954195018,4.046567945106391,4.167912958164797,4.334888724929916,4.390200090688624,3.7627293500552583,3.8108455405370862,3.925121912058109,4.082370935128173,4.134460279580549,3.92,-1.900359527478168,-14.080071974808831,-79.45677510894903,18.227362781741327,23.031184478318004,8.619719388587981,95.7446808510638,20.0,32.142857142857196,-1.0362694300518145,-9.263657957244659,32.97297297297297,-0.1636987540178516,0.007400433087427326,4.110854275787891,3.950855738313753,3.894,3.922,4.0055,4.199333333333333,4.38125,4.485166666666667,-0.020000000000000014,0.06000000000000005,0.020000000000000014,0.026231148672839117,4.015,4.231469397375241,3.7985306026247594,67.61904761904755,44425111,-0.4337344724134195,-0.3895811571431511,0.6255058339204758,0.7044334975369458,0.4122448979591842,33.33333333333333,3.91,23.769615601183425,25.433095326606335,4.015,3.944,3.918,3.86,0,0,0,0,0,0,1,0,0,1.0,0,1.0,0,0,0.0,1,0,0,0,1.0
20190604,5541,000415XSHE20190604,20200210004725,0,152286,3.84,58025392.0,000415.XSHE,3.77,1500,3.83,3.81,354732.90625,618452.125,0.26178010469999996,3.82,2.0,3.8627349484915863,3.881352683589241,3.9550980606394734,4.03731255998384,3.8431659841128964,3.966847766497761,4.125873985261858,4.210822275962704,4.080167667357348,4.2256618651604265,4.251023900265992,3.9107600623086953,4.0258967270056,4.19016008222275,4.2516553657485465,3.9786169969463354,4.028082864177956,4.146673628815768,4.315864884689431,4.379205026721004,3.7468529000368385,3.7934372604394335,3.9051198251954315,4.064455279756069,4.124105704776092,3.96,-1.1867905056759611,-13.458062183658733,-83.20802005012503,21.242484278736644,22.43495107845755,18.857550679294828,87.99999999999996,26.315789473684298,30.909090909090928,-2.791878172588829,-4.726368159203968,35.63218390804598,-0.16251654472532398,0.0094576743402211,4.0900502553591584,3.932262547803945,3.876,3.897,3.993,4.1613333333333316,4.353,4.4670000000000005,0.020000000000000014,0.009999999999999787,0.040000000000000036,0.02511764844245975,4.0055,4.2319597094407735,3.779040290559225,33.333333333333286,44272825,-0.4603518965028529,-0.4470431844581362,0.9459812467346772,0.7604166666666664,0.4322033898305091,33.33333333333333,3.84,18.227362781741327,23.031184478318004,4.0055,3.922,3.894,3.82,0,0,0,0,0,0,1,0,0,1.0,0,1.0,0,0,0.0,0,0,0,0,1.0
20190605,5542,000415XSHE20190605,20200210004725,0,163362,3.9,63204560.0,000415.XSHE,3.84,1500,3.84,3.86,354732.90625,618452.125,0.2610966057,3.83,2.0,3.8551566323277253,3.8710145126919295,3.93975165255421,4.019375054530763,3.8415829920564484,3.9509917956855407,4.107430502341739,4.194699568312151,4.061693231406784,4.210537870448252,4.240207481837939,3.8978945964343863,4.008192276814591,4.173079102602128,4.241491035730065,3.970811331297557,4.0148314343274185,4.128438045119029,4.298271475680192,4.368735766801967,3.7395019333578934,3.780957758541355,3.8879465085101534,4.047886729524064,4.114246304658163,3.91,-0.31152647975076764,-12.834248876379016,-40.647210040828654,24.767716791885,23.21253964960003,27.878071076454944,82.50000000000004,12.5,26.923076923076927,-2.040816326530614,-4.950495049504955,33.72781065088759,-0.16070517668849568,0.014490944294626329,4.071528014221443,3.918068309680261,3.852,3.88,3.9815,4.122333333333333,4.32475,4.448666666666666,-0.020000000000000014,0.040000000000000036,0.0,0.02368762973921785,3.993,4.225918440661103,3.760081559338896,51.999999999999865,44436187,-0.4189910095161345,-0.4396714530094937,0.6818214938850155,0.8305084745762707,0.4930875576036876,50.0,3.81,21.242484278736644,22.43495107845755,3.993,3.897,3.876,3.83,0,0,0,0,0,0,1,0,0,1.0,0,1.0,0,0,1.0,1,0,0,0,2.0
20190606,5543,000415XSHE20190606,20200210004725,0,164932,3.84,62668268.0,000415.XSHE,3.77,1500,3.79,3.84,354732.90625,618452.125,-1.3020833333,3.84,2.0,3.8334377548851504,3.850760884518948,3.9197847655469817,3.9985227768461478,3.815791496028224,3.930867821224848,4.086951115093885,4.177103934907275,4.0407937520678,4.194046189254203,4.228359916526413,3.8782773970826803,3.9874120599751066,4.154392317109342,4.2303431089219155,3.9484408875317047,3.99462571899516,4.107034421774359,4.2790240866226235,4.3572534021895715,3.7184346222385956,3.7619290751701993,3.867789698175853,4.029760547596061,4.103432815654257,3.86,-0.9926854754441028,-13.572927118489487,-65.65949437916456,19.54211422489303,21.98906450803103,14.648213658617035,94.11764705882351,12.5,28.000000000000025,-4.292929292929292,-7.1078431372549025,41.91176470588237,-0.15902586023793713,0.01343453160446828,4.050674087242077,3.8983654928063753,3.828,3.873,3.968,4.086333333333333,4.29825,4.4355,-0.049999999999999815,0.0,0.020000000000000014,0.02164858507573198,3.9815,4.225680261282521,3.7373197387174786,45.09803921568613,44601119,-0.4328979203745497,-0.4259444649453421,0.4560523833504178,0.8022598870056497,0.4700460829493099,33.33333333333333,3.86,24.767716791885,23.21253964960003,3.9815,3.88,3.852,3.84,0,0,0,0,0,0,1,0,0,1.0,0,1.0,0,0,1.0,1,0,0,0,2.0
20190610,5544,000415XSHE20190610,20200210004725,0,172830,3.83,65690740.0,000415.XSHE,3.77,1500,3.8,3.79,354732.90625,618452.125,0.2638522427,3.79,2.0,3.8222918365900997,3.838070663389211,3.9038134634740516,3.9804752516783166,3.8078957480141113,3.9145093435717424,4.0684381399265375,4.160708111650437,4.0222711557548925,4.178593397518744,4.217087287144142,3.864045143067648,3.969563292358429,4.137104887006447,4.2197173531460646,3.936960591687803,3.979966497359677,4.088650191129181,4.2612180336166405,4.346308873740447,3.707623081492397,3.7481237887756182,3.8504763935876762,4.012991740396253,4.0931258325516815,3.82,-0.4192872117400539,-13.015611408689315,-59.13519776689296,17.573530695383198,20.517219903815086,11.686152278519426,91.17647058823536,24.999999999999908,41.66666666666666,-2.813299232736581,-5.236907730673316,39.230769230769226,-0.15699534744401444,0.016244102351381514,4.032105636335256,3.883232340066933,3.816,3.867,3.949,4.056,4.2707500000000005,4.4206666666666665,0.009999999999999787,0.03000000000000025,0.020000000000000014,0.021414060941562358,3.968,4.202170877779453,3.7338291222205457,54.838709677419345,44773949,-0.4104562342830154,-0.42167707732878257,0.6614419758613614,0.8827160493827158,0.5024630541871934,50.0,3.84,19.54211422489303,21.98906450803103,3.968,3.873,3.828,3.79,0,0,0,0,0,0,1,0,0,1.0,0,1.0,0,0,1.0,0,0,1,0,2.0
20190611,5545,000415XSHE20190611,20200210004725,0,269443,3.93,104483424.0,000415.XSHE,3.79,1500,3.92,3.81,354732.90625,618452.125,3.1578947368,3.8,3.0,3.8548612243934,3.8585529975419086,3.9059716683441774,3.974977501525743,3.863947874007056,3.9151956756252746,4.058861485737728,4.150242541578678,4.0144041437737465,4.168452479968989,4.209269200640346,3.874218753418984,3.964842978800484,4.12651440471345,4.212316924673321,3.970507061125202,3.9904453160215536,4.083788268164499,4.2503098368548535,4.338686432413521,3.7392153876615977,3.7579921908164144,3.8458976894364687,4.002718972572047,4.085947416933123,3.83,2.1897810218978124,-10.02570694087407,-1.6863775733680273,34.44295985752816,25.159133221719447,53.010613129145575,51.61290322580648,75.00000000000007,56.25000000000002,1.5544041450777215,1.5544041450777215,44.680851063829785,-0.15257880035354746,0.035332376723735966,4.023801515125237,3.888888903133558,3.8360000000000003,3.865,3.9419999999999997,4.031666666666666,4.2475,4.407,0.10999999999999988,0.010000000000000231,0.020000000000000014,0.021685997127204117,3.949,4.177788111579252,3.720211888420749,142.42424242424298,45043392,-0.1630824575578421,-0.28676934592042874,1.1371272630326974,0.906832298136646,0.5198019801980216,66.66666666666666,3.79,17.573530695383198,20.517219903815086,3.949,3.867,3.816,3.8,0,0,0,0,0,0,1,0,0,1.0,0,0.0,0,0,1.0,0,0,0,0,1.0
20190612,5546,000415XSHE20190612,20200210004725,0,189920,3.93,73950864.0,000415.XSHE,3.87,1500,3.88,3.91,354732.90625,618452.125,-1.0204081633,3.92,4.0,3.8632408162622665,3.8639147481564313,3.9025087792316198,3.9663431832052214,3.871973937003528,3.9107962161721153,4.047322035044972,4.138492865857867,4.004065363483459,4.1571406180094215,4.200604221676128,3.8752698891609865,3.9567626951052004,4.114489311800599,4.204111568508548,3.979138040750135,3.9915279858358166,4.075465575958356,4.2379239911546165,4.330234915563804,3.7473435917743982,3.759011792486157,3.838059814252044,3.991054632446581,4.077988221453292,3.84,0.8840353614144515,-10.681399631675903,13.478924503933461,43.33234360872243,31.216870017387105,67.56329079139309,50.00000000000011,60.86956521739128,43.18181818181818,1.5706806282722523,0.5181347150259072,43.75000000000002,-0.14718867457630566,0.04312100621793447,4.013149551041887,3.8875213795745487,3.846,3.8610000000000007,3.9345,4.011666666666667,4.225,4.395,-0.03000000000000025,0.020000000000000014,0.009999999999999787,0.020936470512434496,3.9419999999999997,4.16858111130454,3.7154188886954613,225.00000000000225,44853472,-0.00905639867497647,-0.08606942811640927,0.8004154436966863,1.088888888888889,0.7195121951219541,66.66666666666666,3.81,34.44295985752816,25.159133221719447,3.9419999999999997,3.865,3.8360000000000003,3.92,0,0,0,1,0,0,0,0,0,0.0,0,0.0,0,0,1.0,1,0,0,0,1.0
20190613,5547,000415XSHE20190613,20200210004725,0,142578,3.91,55350148.0,000415.XSHE,3.85,1500,3.89,3.87,354732.90625,618452.125,0.2577319588,3.88,4.0,3.872160544174844,3.8704360611173234,3.9008409420007384,3.959402893822928,3.8809869685017637,3.908196689150601,4.037172226332394,4.127688828211872,3.9952911047539614,4.146664515342384,4.192430426368861,3.877948091131717,3.950404343190419,4.103538613663984,4.196355727310806,3.9883253605000903,3.994286533865668,4.068916473486132,4.226644772073904,4.3222463991301305,3.7559957278495983,3.761609648397765,3.831892212894706,3.980432455254064,4.070465055491481,3.79,0.8817427385892066,-10.207284982226144,8.303005795929781,53.888229072481614,38.77398970241861,84.11670781260763,45.45454545454545,60.869565217391354,46.511627906976756,1.5665796344647531,-1.2690355329949194,39.09774436090228,-0.140975870917439,0.0497024292709331,4.0040273620758216,3.8879027057938487,3.856,3.8539999999999996,3.922,3.9930000000000003,4.2,4.385166666666667,0.020000000000000014,0.020000000000000014,0.020000000000000014,0.019953634439624127,3.9345,4.141052656724622,3.7279473432753774,113.6986301369878,44710894,0.08755923254048599,0.03925141693275476,0.7591761085060688,1.1221374045801524,0.6746987951807257,66.66666666666666,3.91,43.33234360872243,31.216870017387105,3.9345,3.8610000000000007,3.846,3.88,0,0,0,1,0,0,0,0,0,0.0,0,1.0,0,0,0.0,0,0,0,0,1.0
20190614,5548,000415XSHE20190614,20200210004725,0,162227,3.92,62681628.0,000415.XSHE,3.81,1500,3.81,3.89,354732.90625,618452.125,-2.0565552699,3.89,1.0,3.851440362783229,3.855327045837993,3.8887288164006386,3.945820812566299,3.8454934842508814,3.895922103006776,4.022515953665787,4.113876270463528,3.981037942849812,4.1334619853289585,4.182366467780207,3.865593892744132,3.9370325009818083,4.089219656899886,4.186816079722885,3.9669835736667274,3.981561709526456,4.0551434760112635,4.211896246606884,4.312420562114571,3.735897151899733,3.749626075961808,3.8189215259523537,3.9665430671928905,4.061211597331199,3.8,-1.2953367875647737,-11.711544700375404,-22.294372294371268,44.258819381654426,40.60226626216388,51.57192562063551,81.81818181818183,53.846153846153854,34.042553191489375,-0.7812499999999949,-2.806122448979589,40.31007751937987,-0.1355281548843038,0.043581728265081436,3.98965496488502,3.8759176741332566,3.86,3.844,3.902,3.9756666666666662,4.17475,4.373499999999999,-0.08000000000000007,0.029999999999999805,0.0,0.02079473774160907,3.922,4.086268073587048,3.7577319264129514,149.27536231884213,44873121,-0.0007529615471000978,0.04340313549669295,0.7607923858129447,1.0147058823529405,0.6707317073170761,50.0,3.87,53.888229072481614,38.77398970241861,3.922,3.8539999999999996,3.856,3.89,0,0,1,1,0,0,0,0,0,1.0,0,1.0,0,0,0.0,1,0,0,0,1.0
20190617,5549,000415XSHE20190617,20200210004725,0,132764,3.84,50719484.0,000415.XSHE,3.8,1500,3.83,3.82,354732.90625,618452.125,0.5249343832,3.81,2.0,3.84429357518882,3.8489952843784954,3.88089830754722,3.935291647787544,3.8377467421254416,3.8876818401309285,4.010095569558317,4.101533823921637,3.969419639553673,4.121561515316056,4.173093665996517,3.8591222758815618,3.9268389294597306,4.076574795587698,4.178005806149479,3.959622382444485,3.9748959441580087,4.0446440973435225,4.1988720394553285,4.3033459803339635,3.728964767933155,3.7433486076051152,3.809033761575938,3.954277551720067,4.052665631964996,3.92,-0.9311950336264768,-10.847299813780284,-41.93957857324225,42.005879587769606,41.070137370699136,43.87736402191058,72.72727272727273,55.55555555555559,40.90909090909091,1.0554089709762544,-3.2828282828282798,42.1875,-0.1302175748305509,0.04248464043002309,3.9778286711898336,3.8688534165742943,3.866,3.841,3.8925,3.957,4.14125,4.359666666666667,0.010000000000000231,0.009999999999999787,0.020000000000000014,0.020025652661994887,3.902,4.059718102955875,3.7442818970441247,124.65753424657636,44740357,-0.06460689343252637,-0.032679927489813236,0.7225943591353797,0.9781021897810214,0.6832298136645995,66.66666666666666,3.89,44.258819381654426,40.60226626216388,3.902,3.844,3.86,3.81,0,0,1,1,0,0,0,0,0,1.0,0,0.0,0,0,0.0,0,0,0,0,0.0
20190618,5550,000415XSHE20190618,20200210004725,0,127201,3.84,48430212.0,000415.XSHE,3.79,1500,3.8,3.83,354732.90625,618452.125,-0.7832898172,3.83,2.0,3.82952905012588,3.836746463283871,3.870111866540925,3.9229924070795863,3.818873371062721,3.8767216101145623,3.996541016683585,4.0884236576641735,3.956387359588005,4.108951259813467,4.163275411628188,3.848372771175824,3.9147590314159455,4.063083342144395,4.168672329454432,3.944414921629656,3.963823954311098,4.032201802358425,4.184975842408726,4.293732499338065,3.714643178622104,3.7329215880405484,3.7973162604734685,3.9411908418800627,4.043612159570799,3.88,-1.0931806350858997,-11.065343568620133,-48.391385269874675,34.2539197251797,38.79806482219265,25.165629531153805,86.36363636363646,16.66666666666675,42.857142857142854,0.0,-2.813299232736581,35.83333333333337,-0.12545317861893088,0.038115169692960194,3.964656177027624,3.8582605832551726,3.842,3.839,3.8804999999999987,3.95,4.10925,4.344833333333333,-0.03000000000000025,0.009999999999999787,0.009999999999999787,0.01872364108855868,3.8925,4.039669969762857,3.745330030237144,54.21686746987976,44613156,-0.14645503092118015,-0.10553096217685327,0.7486232800143889,0.8897058823529407,0.5864197530864222,50.0,3.82,42.005879587769606,41.070137370699136,3.8925,3.841,3.866,3.83,0,0,0,0,0,0,0,0,0,0.0,0,0.0,0,0,1.0,1,0,0,0,1.0
20190619,5551,000415XSHE20190619,20200210004725,0,236674,3.92,92059448.0,000415.XSHE,3.86,1500,3.87,3.87,354732.90625,618452.125,1.8421052632,3.8,3.0,3.8430193667505863,3.845059847462904,3.870096951002135,3.9181749155268966,3.844436685531361,3.8758814088502422,3.9883770801233536,4.078926976896168,3.9497421780812347,4.099580622173724,4.1555576376379735,3.852304994598401,3.9104962665191887,4.053664642527595,4.161297704035803,3.958309947753104,3.967874144436353,4.027811154514765,4.175274581803423,4.286136635156877,3.7277287857480688,3.736735844760449,3.7931813785236135,3.932054703251767,4.03645877291473,3.89,0.7812499999999831,-8.962597035991553,36.963696369637375,43.66927981678647,40.42180315372392,50.164233142911556,44.444444444444436,47.61904761904768,55.555555555555586,-1.2755102040816282,0.2590673575129593,35.83333333333337,-0.1198781350929744,0.0446003482076518,3.9576446083589114,3.8600666473697616,3.8400000000000007,3.8429999999999986,3.87,3.943,4.08175,4.3285,0.0,0.049999999999999815,0.010000000000000231,0.01844635244524903,3.8804999999999987,3.995738882327103,3.765261117672896,137.03703703703653,44849830,-0.07785244922019939,-0.1121537400706898,0.878238613641413,0.9692307692307686,0.7902097902097931,50.0,3.83,34.2539197251797,38.79806482219265,3.8804999999999987,3.839,3.842,3.8,0,0,1,1,0,0,0,0,0,1.0,0,0.0,0,0,0.0,0,0,0,0,0.0
20190620,5552,000415XSHE20190620,20200210004725,0,520873,4.09,207998048.0,000415.XSHE,3.86,1500,4.05,3.86,354732.90625,618452.125,4.6511627907,3.87,4.0,3.9120129111670576,3.8962948855971784,3.89408402420185,3.93015901411536,3.94721834276568,3.8976462327439614,3.99235275237346,4.077669282248508,3.957454318228832,4.097636284049264,4.152779805068553,3.888249541035056,3.923782336374504,4.053485879477468,4.158549612578129,4.02937329850207,4.004897027266107,4.04149580646574,4.175090455861792,4.283306100955475,3.7946525238320463,3.771602054804004,3.8060688662832685,3.931881303093144,4.033793124200787,3.81,4.5971074380165025,-4.314133156924859,235.51031947978734,58.27951987785764,46.37437539510182,82.08980884336927,12.500000000000016,71.05263157894731,67.74193548387096,4.381443298969072,6.020942408376963,51.26050420168068,-0.11094222513866807,0.07148727963445065,3.964485748480473,3.8892871631590302,3.8720000000000008,3.864,3.872,3.942333333333333,4.05775,4.315166666666667,0.18999999999999995,0.040000000000000036,0.0,0.022562864790928044,3.87,3.995793481548131,3.7442065184518687,326.0869565217365,45370703,0.3038179615896901,0.11298275618474535,1.6297464629327447,1.1269841269841256,0.9851851851851876,66.66666666666666,3.87,43.66927981678647,40.42180315372392,3.87,3.8429999999999986,3.8400000000000007,3.87,0,0,1,1,0,0,0,0,0,1.0,0,0.0,0,0,0.0,0,0,0,0,0.0
20190621,5553,000415XSHE20190621,20200210004725,0,398598,4.09,161651920.0,000415.XSHE,4.0,1500,4.07,4.01,354732.90625,618452.125,0.4938271605,4.05,4.0,3.964675274111372,3.9397211641978833,3.917539487641604,3.9428718310139628,4.008609171382839,3.919190453650967,3.997362252220334,4.0773358351942255,3.9661116783650763,4.096552508204195,4.150601389145696,3.9212950790286816,3.9377078281483615,4.0542914463322255,4.156363202391016,4.083615532334712,4.038933931399543,4.055839062992812,4.175920189722193,4.2810540984627465,3.8457350158880304,3.8036562266578215,3.81957659330391,3.93266270294226,4.031672306319285,3.83,3.7206931702344517,-3.4858904434432323,620.0692041522619,69.96412436301625,54.237625051073294,101.41712298690216,6.2499999999998685,90.62499999999994,68.25396825396828,4.627249357326481,6.2663185378590125,51.26050420168068,-0.0997962762920864,0.0891675907726534,3.9723016189634,3.9170891380576407,3.924,3.892,3.8825,3.9426666666666663,4.03775,4.303,0.0600000000000005,0.01999999999999957,0.009999999999999787,0.02292720130302181,3.872,4.0242990479287375,3.719700952071262,795.2380952380837,44972105,0.6306781377784695,0.4672480496840798,1.8957481757145682,1.0952380952380938,0.8723404255319175,66.66666666666666,3.86,58.27951987785764,46.37437539510182,3.872,3.864,3.8720000000000008,4.05,0,0,1,1,0,0,0,0,0,1.0,0,0.0,1,0,0.0,0,1,0,0,1.0
20190624,5554,000415XSHE20190624,20200210004725,0,188691,4.07,76163616.0,000415.XSHE,4.0,1500,4.03,4.07,354732.90625,618452.125,-0.9828009828000001,4.07,4.0,3.986450182740915,3.962290873148413,3.9325342226227233,3.9507925736490574,4.019304585691422,3.933041646944596,3.99946791336741,4.075277755403174,3.9710261646446856,4.0939426059216775,4.147427668378704,3.941059610114376,3.9464975588008975,4.0531064977306555,4.1532431233196325,4.106043688223142,4.059291398417808,4.0648924855649256,4.174699692662573,4.277840417019221,3.866856677258687,3.822827821810945,3.828102632036871,3.931513302798735,4.028645829620044,3.8,1.6649848637739728,-4.038479855224327,-19475.55555553998,73.30941624201088,60.59488878138582,98.73847116326097,18.749999999999886,79.4117647058823,69.35483870967741,5.774278215223102,4.947916666666677,47.89915966386555,-0.08826012767753573,0.0922891889164054,3.97657557311426,3.9344600398949265,3.964,3.915000000000001,3.891,3.9376666666666655,4.02075,4.293,-0.040000000000000036,0.0,0.03000000000000025,0.023085226639315403,3.8825,4.047290776440916,3.717709223559084,589.6551724137868,44783414,0.7204087602631702,0.6755434490208199,1.8452730346007813,0.9609374999999988,0.7801418439716332,66.66666666666666,4.01,69.96412436301625,54.237625051073294,3.8825,3.892,3.924,4.07,0,0,1,1,0,0,0,0,0,1.0,0,0.0,1,0,0.0,1,1,0,0,1.0
20190625,5555,000415XSHE20190625,20200210004725,0,222506,4.04,88461320.0,000415.XSHE,3.93,1500,3.97,4.02,354732.90625,618452.125,-1.4888337469,4.03,1.0,3.980966788493943,3.9642181548613102,3.93752965960636,3.952538703317325,3.994652292845711,3.937661441076522,3.997566757666286,4.070700461689992,3.9709472289027863,4.089082111571808,4.142758519210844,3.9463214991844895,3.9487358865341458,4.049052522231598,4.148718601756183,4.1003957921487615,4.064711144160024,4.0671979631301705,4.1705240978985465,4.27318015980887,3.861537784839125,3.827931854208954,3.8302738099381215,3.92758094656465,4.024257043703498,3.87,-0.7003501750875333,-5.069344811095172,-341.15610938040186,68.8729441613406,63.35424057470407,79.91035133461364,37.49999999999992,72.972972972973,62.6865671641791,3.6553524804177577,4.749340369393145,48.30508474576274,-0.07784025565390393,0.08335897618905448,3.9760884936243146,3.939927726064938,3.998,3.92,3.8925,3.9346666666666654,4.003749999999998,4.284000000000002,-0.04999999999999938,0.020000000000000462,0.040000000000000036,0.022284578924310003,3.891,4.058077826176905,3.723922173823095,299.99999999999716,45005920,0.5817797528815682,0.6510942565723692,1.7399685989045302,1.0247933884297522,0.8846153846153867,50.0,4.07,73.30941624201088,60.59488878138582,3.891,3.915000000000001,3.964,4.03,0,0,1,1,0,0,0,0,0,1.0,0,0.0,1,1,0.0,1,1,0,0,2.0
20190626,5556,000415XSHE20190626,20200210004725,0,109029,3.99,43260712.0,000415.XSHE,3.94,1500,3.97,3.97,354732.90625,618452.125,0.0,3.97,2.0,3.977311192329296,3.9656636161459824,3.9418590383255117,3.95412609392484,3.982326146422856,3.941703760941957,3.995788257171687,4.0663221807469485,3.9708743651410336,4.0844122248435015,4.138212242389505,3.950626681150946,3.95076104019756,4.0451963016349355,4.1443057967745505,4.0966305280991735,4.0691454815854735,4.0692838714034885,4.166552190683983,4.268634970677786,3.857991856559417,3.8321078807164177,3.8322382089916336,3.923840412585887,4.019976622871313,4.05,-1.1946241911398603,-4.7001776369485,-162.64026402639988,65.91529610756044,64.20792575232285,69.33003681803558,37.49999999999992,66.66666666666666,54.54545454545456,4.473684210526327,4.473684210526327,55.33980582524273,-0.06848885739298971,0.07481118608731374,3.975637494096588,3.944554229747255,4.018,3.929,3.895000000000001,3.9326666666666665,3.991,4.2748333333333335,0.0,0.020000000000000014,0.03000000000000025,0.0219976330155614,3.8925,4.062617606378646,3.722382393621354,139.13043478260792,44896891,0.4067650557775556,0.4942724043295619,1.5395080762443736,1.0344827586206895,0.934426229508198,50.0,4.02,68.8729441613406,63.35424057470407,3.8925,3.92,3.998,3.97,0,0,1,1,0,0,0,0,0,1.0,0,0.0,1,0,0.0,0,1,0,0,1.0
20190627,5557,000415XSHE20190627,20200210004725,0,184168,4.04,73592384.0,000415.XSHE,3.96,1500,3.98,3.98,354732.90625,618452.125,0.2518891688,3.97,2.0,3.9782074615528633,3.969247712109487,3.9469444998821097,3.9564782672043997,3.981163073211428,3.9464907908242117,3.994769659934804,4.062569042453603,3.9715763370532615,4.080317627790815,4.134048762326623,3.955967284578047,3.9535457030358883,4.042015994238109,4.140248863520856,4.09755368539945,4.074646303115388,4.072152074126963,4.1632764740652535,4.264456329426482,3.858861237706277,3.837288266040705,3.8349393319448106,3.9207555144109656,4.016041397615231,4.07,-0.599400599400611,-4.04089111775486,-129.3809938971223,65.05464184948474,64.49016445137683,66.18359664570056,34.37499999999998,23.07692307692321,59.615384615384606,2.8423772609819085,1.5306122448979604,55.769230769230774,-0.059981729416645986,0.06805702381074978,3.9759606426820246,3.950007425170754,4.004,3.938,3.8960000000000004,3.927333333333334,3.9792499999999986,4.2665,0.0,0.06000000000000005,0.020000000000000014,0.022465266814375526,3.895000000000001,4.066860408471527,3.7231395915284735,83.90804597701106,45081059,0.2762408874486329,0.34150297161309423,1.2633259496806741,1.053097345132743,0.966101694915255,50.0,3.97,65.91529610756044,64.20792575232285,3.895000000000001,3.929,4.018,3.97,0,0,1,1,0,0,0,0,0,1.0,0,0.0,1,0,0.0,0,1,0,0,1.0
20190628,5558,000415XSHE20190628,20200210004725,0,161702,3.99,63548916.0,000415.XSHE,3.91,1500,3.92,3.99,354732.90625,618452.125,-1.5075376884,3.98,2.0,3.9588049743685763,3.9569357840821153,3.943351899897829,3.953162061094909,3.9505815366057138,3.9431794419711856,3.989945810906752,4.056370388433882,3.967608926510704,4.074030661995097,4.1284159001601335,3.949427778291129,3.950350874175327,4.036063994519177,4.134810619977132,4.077569123599633,4.067910611639864,4.0688614004005865,4.157145914354752,4.2588549385764445,3.8400408251375184,3.830944944942396,3.831840347950067,3.914982074683601,4.010766301377817,4.03,-1.3588324106693574,-5.075552111584657,-17.667758767140715,57.81420567743425,62.26484486006264,48.91292731217752,56.66666666666668,5.882352941176348,52.6315789473684,-3.2098765432098735,1.0309278350515474,49.01960784313725,-0.05327028586718822,0.05369154839566222,3.971815409890764,3.945390898221407,3.9739999999999998,3.949,3.896500000000001,3.917666666666667,3.969,4.254333333333333,-0.07000000000000027,0.0,0.009999999999999787,0.02161894403329459,3.8960000000000004,4.06807847047205,3.72392152952795,36.84210526315781,44919357,0.08665309668873981,0.1814469920686864,1.2949499340215789,1.0727272727272728,1.017699115044249,33.33333333333333,3.98,65.05464184948474,64.49016445137683,3.8960000000000004,3.938,4.004,3.98,0,0,1,1,0,0,0,0,0,1.0,0,0.0,1,0,0.0,1,1,0,0,1.0
20190701,5559,000415XSHE20190701,20200210004725,0,245569,4.04,98734816.0,000415.XSHE,3.99,1500,4.04,4.01,354732.90625,618452.125,3.0612244898000003,3.92,3.0,3.985869982912384,3.9777018380615865,3.956238313244784,3.96105641917719,3.9952907683028567,3.9552820117247873,3.993175113428896,4.0556586324150175,3.9731774706252647,4.072696126230584,4.126089165945392,3.9658954549654695,3.958888886158629,4.036255994786534,4.132469617014732,4.105446082399755,4.0848723186144325,4.077655552743388,4.1573436746301295,4.256443705525173,3.8662938834250116,3.846918591316505,3.8401222195738702,3.9151683149429375,4.00849552850429,3.97,1.609657947686118,-1.6313610908205545,-107.49652443588873,64.62976030669533,63.05315000894021,67.78298090220557,16.666666666666618,51.999999999999964,68.85245901639342,-0.7371007371007432,3.8560411311053966,55.35714285714286,-0.046000223817819236,0.05816049639495185,3.9768661202692255,3.9599461446488817,3.9760000000000004,3.97,3.9055000000000013,3.918333333333334,3.96025,4.241666666666666,0.03000000000000025,0.0,0.01999999999999957,0.021812181372694327,3.896500000000001,4.078541204126979,3.714458795873023,114.49275362318808,45164926,0.1395568095100432,0.1131049530993915,1.386313746798106,1.2244897959183678,1.4494382022471923,33.33333333333333,3.99,57.81420567743425,62.26484486006264,3.896500000000001,3.949,3.9739999999999998,3.92,0,0,1,1,0,0,0,0,0,1.0,0,0.0,1,0,0.0,0,1,0,0,1.0
20190702,5560,000415XSHE20190702,20200210004725,0,207747,4.07,83921024.0,000415.XSHE,4.01,1500,4.05,4.04,354732.90625,618452.125,0.2475247525,4.04,4.0,4.0072466552749235,3.995776378546189,3.968739871478813,3.969142199251991,4.022645384151429,3.967121760259189,3.996841235143161,4.055412604918712,3.979086895961783,4.071806082064679,4.1240868194731455,3.981187190426293,3.967566135095902,4.036926434065239,4.1304333301748635,4.127464054933172,4.100622806139082,4.0865931191487785,4.158034227087196,4.254346330080109,3.887029255616675,3.861751574713504,3.8485391510430245,3.9158186410432814,4.006520330269616,3.97,1.4529058116232425,-0.8907595927956038,-108.20468006602545,70.6227387551882,65.57634625768952,80.7155237501855,13.333333333333352,69.99999999999993,68.3333333333333,0.4962779156327438,6.299212598425192,54.12844036697246,-0.03849675120626685,0.06002778089241904,3.982283444693727,3.9738005839336696,3.992,3.995,3.917,3.9186666666666663,3.96125,4.2265,0.009999999999999787,0.020000000000000462,0.03000000000000025,0.02197787338049161,3.9055000000000013,4.093446800983683,3.717553199016318,265.7142857142869,44957179,0.2329739706780756,0.1862653900940594,1.8346335445690856,1.1700000000000008,1.4111111111111119,50.0,4.01,64.62976030669533,63.05315000894021,3.9055000000000013,3.97,3.9760000000000004,4.04,0,0,1,1,0,0,0,0,0,1.0,0,0.0,1,0,0.0,0,1,0,0,1.0
20190703,5561,000415XSHE20190703,20200210004725,0,136827,4.04,54942072.0,000415.XSHE,4.0,1500,4.01,4.04,354732.90625,618452.125,-0.987654321,4.05,4.0,4.008164436849948,3.999332283909642,3.974241221948304,3.9728565447745368,4.016322692075714,3.972481540226791,3.9976901877145696,4.05343814383529,3.9814648270416457,4.069382314140574,4.121084534750168,3.9864258830760586,3.9716074555629586,4.035612949476692,4.127459667701409,4.128409369955446,4.106018659568339,4.090755679229848,4.1566813379609915,4.251283457732451,3.8879195037444494,3.8668331065837767,3.8524592318960695,3.914544560992391,4.003635877670367,3.98,0.2499999999999947,-1.4063729346970657,-63.16368638239275,65.6003443553106,65.58434562356321,65.63234181880537,26.666666666666714,58.33333333333325,67.21311475409834,1.007556675062962,4.699738903394248,54.62962962962961,-0.03179076056453553,0.05364792513385058,3.9843365228645617,3.979369724866952,4.0,4.009,3.9260000000000006,3.9163333333333337,3.9595,4.210666666666667,-0.03000000000000025,0.0,0.009999999999999787,0.021424992018006357,3.917,4.104659265691839,3.7293407343081624,226.3157894736856,44820352,0.22249222341639924,0.2277330970472374,1.4863220229384335,1.0800000000000003,1.2857142857142871,50.0,4.04,70.6227387551882,65.57634625768952,3.917,3.995,3.992,4.05,0,0,1,1,0,0,0,0,0,1.0,0,0.0,1,1,0.0,1,1,0,0,2.0
20190704,5562,000415XSHE20190704,20200210004725,0,198992,4.07,80471720.0,000415.XSHE,4.01,1500,4.04,4.02,354732.90625,618452.125,0.7481296758,4.01,4.0,4.018776291233299,4.009499212932232,3.983009059021864,3.9789604952495785,4.028161346037857,3.9809213476984415,4.000419853023308,4.0528538767120175,3.9859675326538264,4.068230066527218,4.118950731204111,3.996166631607683,3.978121031223629,4.035826951941243,4.125300169733472,4.139339579970298,4.116051630555916,4.0974646621603386,4.156901760499482,4.249059174825476,3.8982130024963,3.876281632659453,3.85877740028692,3.9147521433830064,4.001541164641469,3.92,0.6979062811565422,-0.19269726765153167,-66.3353214049034,70.81689623687369,67.32852916133336,77.79363038795434,16.666666666666618,61.53846153846154,64.91228070175438,1.7632241813601974,6.315789473684216,58.49056603773585,-0.02538506522968997,0.051245562678764456,3.9884597433931126,3.9886974595028053,4.012,4.008,3.9360000000000013,3.9173333333333336,3.95875,4.195166666666666,0.020000000000000462,0.03000000000000025,0.009999999999999787,0.017231128187178837,3.9260000000000006,4.115567929777165,3.736432070222836,213.5135135135152,45019344,0.2272527193267692,0.22487247137158425,1.8844639908316887,1.1354166666666683,1.3563218390804612,66.66666666666666,4.04,65.6003443553106,65.58434562356321,3.9260000000000006,4.009,4.0,4.01,0,0,1,1,0,0,0,0,0,1.0,0,0.0,1,0,0.0,0,1,0,0,1.0
20190705,5563,000415XSHE20190705,20200210004725,0,120974,4.05,48739256.0,000415.XSHE,4.0,1500,4.03,4.02,354732.90625,618452.125,-0.2475247525,4.04,4.0,4.0225175274888665,4.014624409699174,3.9892745178189486,3.9836004502268905,4.029080673018928,3.987056179236137,4.002328249602449,4.051860229898451,3.9893546455266096,4.066730848232034,4.1166099224882124,4.00231815313356,3.983061885392808,4.035542710383134,4.122947079122769,4.143193053313532,4.122387697727567,4.102553741954591,4.156608991694628,4.246635491496452,3.9018420016642,3.882248608539553,3.863570028831024,3.9144764290716405,3.9992586667490855,4.04,-0.09915716410511767,-0.02480774001487089,-36.09458428680344,72.21126415791579,68.95610749352751,78.72157748669234,19.999999999999886,76.19047619047629,47.500000000000064,1.2562814070351824,4.134366925064603,60.19417475728157,-0.019605072770890877,0.04623993967039279,3.991536799438068,3.995051696502373,4.034000000000002,4.004,3.948,3.923000000000001,3.958,4.1815,0.010000000000000677,0.01999999999999957,0.01999999999999957,0.01626052076495851,3.9360000000000013,4.117284307097996,3.7547156929020065,395.23809523809865,44898370,0.2028763345310685,0.21506452692891886,2.1479608489538715,1.0833333333333357,1.2727272727272734,50.0,4.02,70.81689623687369,67.32852916133336,3.9360000000000013,4.008,4.012,4.04,0,0,1,1,0,0,0,0,0,1.0,0,0.0,1,1,0.0,0,1,0,0,2.0
20190708,5564,000415XSHE20190708,20200210004725,0,305063,4.01,119057296.0,000415.XSHE,3.83,1500,3.89,4.01,354732.90625,618452.125,-3.4739454094,4.03,1.0,3.978345018325911,3.983468307274381,3.9760379154430887,3.9750913183880825,3.959540336509464,3.9749241568316194,3.99508126575713,4.044822828598519,3.981711980486101,4.059800226732738,4.1106465034753645,3.9818966707456402,3.9741988486887303,4.0284430659742005,4.117195299391342,4.097695368875688,4.1013535708680084,4.093424814149393,4.1492963579534266,4.240711158373082,3.8589946677761335,3.862439770623271,3.854972883228069,3.907589773994975,3.9936794404096014,4.05,-2.8471528471528327,-3.1036715986648638,77.74086378737486,56.4741761052772,64.79546369744406,39.83160092094346,76.92307692307688,17.391304347826107,32.69230769230768,-0.7653061224489747,-3.9506172839506095,52.58620689655172,-0.01670918981566835,0.02316706364178017,3.984015555035248,3.9788898970404696,4.004,3.99,3.952500000000001,3.924,3.95075,4.164666666666666,-0.11999999999999965,0.0,0.06000000000000005,0.01915079741757033,3.948,4.1185139290498,3.777486070950201,27.868852459016694,45203433,-0.05597942650429033,0.07344845401338908,1.135261486799195,0.9626168224299084,1.1212121212121209,50.0,4.02,72.21126415791579,68.95610749352751,3.948,4.004,4.034000000000002,4.03,0,0,1,1,0,0,0,0,0,1.0,0,0.0,1,1,0.0,1,1,0,0,2.0
20190709,5565,000415XSHE20190709,20200210004725,0,122436,3.92,47545792.0,000415.XSHE,3.85,1500,3.9,3.87,354732.90625,618452.125,0.2570694087,3.89,2.0,3.9522300122172735,3.9626012304557854,3.965899526717344,3.9682648348982568,3.929770168254733,3.9655586372276663,3.988946990546992,4.0385261838768445,3.975426443525632,4.053533551174592,4.105103174436539,3.9670063669737052,3.967132291670756,4.0221775505608255,4.111832452492791,4.070796912583792,4.086016557982917,4.086146260420879,4.1428428770776495,4.235187426067574,3.8336631118507563,3.847996175964493,3.8481183229206337,3.901512224044,3.988477478918007,4.01,-1.8621036738802288,-2.4902490249024827,111.89757658893477,47.371672959073656,58.987533451320594,24.13995197457977,73.07692307692312,17.391304347826107,36.73469387755098,-3.4653465346534684,-4.176904176904186,52.58620689655172,-0.01557519000947838,0.00907199844951978,3.977792180588192,3.9667529898034735,3.9739999999999998,3.983,3.9515000000000007,3.9226666666666663,3.94675,4.148833333333333,0.029999999999999805,0.020000000000000014,0.020000000000000014,0.018174888356018958,3.952500000000001,4.123996355646411,3.78100364435359,16.788321167883407,45080997,-0.2547077566496491,-0.15534359157696973,0.8974752182195865,1.0192307692307714,1.1428571428571426,50.0,4.01,56.4741761052772,64.79546369744406,3.952500000000001,3.99,4.004,3.89,0,0,1,1,0,0,0,0,0,1.0,0,0.0,0,0,0.0,0,0,0,0,0.0
20190710,5566,000415XSHE20190710,20200210004725,0,105595,3.91,40847600.0,000415.XSHE,3.83,1500,3.86,3.9,354732.90625,618452.125,-1.0256410256,3.9,2.0,3.921486674811516,3.9369509228418385,3.9517795898216974,3.9584225771802335,3.894885084127366,3.952363807574209,3.980627829866541,4.030764175882199,3.9665474863313532,4.045944000148137,4.098653090898735,3.9475506638875766,3.956929216273541,4.014266450533468,4.105614367246055,4.039131275055862,4.065977183804203,4.075637092761748,4.134694444049472,4.2287827982634365,3.8038420745671706,3.8291241439709487,3.8382213397853353,3.893838457017464,3.9824459362286735,4.04,-2.1298174442190803,-3.190208667736752,180.82191780821705,35.74778197271574,51.24094962511898,4.761446667909269,88.46153846153852,17.391304347826107,38.29787234042549,-4.691358024691357,-4.218362282878422,53.04347826086956,-0.016207628201047618,-0.005059505532553923,3.969066833877956,3.950329452910632,3.944,3.972,3.9505,3.9206666666666674,3.9425,4.1335,-0.040000000000000036,0.010000000000000231,0.029999999999999805,0.01898798137229386,3.9515000000000007,4.124875315428697,3.7781246845713037,22.222222222222552,44975402,-0.4192669341316692,-0.3369873453906591,0.9666370364599924,0.9439252336448622,1.1010101010101008,33.33333333333333,3.87,47.371672959073656,58.987533451320594,3.9515000000000007,3.983,3.9739999999999998,3.9,0,0,1,0,0,0,0,0,0,1.0,0,0.0,0,0,1.0,1,0,0,0,1.0
20190711,5567,000415XSHE20190711,20200210004725,0,91105,3.91,35340116.0,000415.XSHE,3.85,1500,3.86,3.87,354732.90625,618452.125,0.0,3.86,2.0,3.9009911165410114,3.9177131921313793,3.939542311178805,3.9494750701638486,3.877442542063683,3.940818331627432,3.9728453892299904,4.023339646496017,3.958351525844326,4.0386520785737,4.0923727464014,3.9316323613625626,3.9476978623427277,4.006741257824518,4.099549814968375,4.018020850037241,4.04958133220344,4.066128798213009,4.126943495559254,4.222536309417427,3.783961383044781,3.813683390521685,3.8292669264724464,3.8865390200897822,3.976563320519324,4.03,-1.2282497441146378,-2.9028525431403063,280.5434255215905,27.9985213151438,43.493473521793916,-2.9913830981564478,87.5000000000001,4.9999999999999005,38.29787234042549,-3.7406483790523666,-2.770780856423182,52.631578947368425,-0.017877141589828418,-0.013356107110246427,3.960987809146256,3.936432614001304,3.908,3.96,3.949,3.9173333333333336,3.9355,4.116333333333333,-0.010000000000000231,0.040000000000000036,0.009999999999999787,0.018532335266115297,3.9505,4.126443172643897,3.774556827356104,18.91891891891918,44884297,-0.4930902409203655,-0.4561785875260174,1.1007782842894718,0.971428571428574,1.178947368421053,33.33333333333333,3.9,35.74778197271574,51.24094962511898,3.9505,3.972,3.944,3.86,0,0,1,0,0,0,0,0,0,1.0,0,0.0,0,0,1.0,1,0,1,0,2.0
20190712,5568,000415XSHE20190712,20200210004725,0,135497,3.93,52834548.0,000415.XSHE,3.86,1500,3.92,3.88,354732.90625,618452.125,1.5544041451,3.86,3.0,3.9073274110273406,3.918284894098534,3.9369366696882975,3.946795518330772,3.8987212710318415,3.9382160401740034,3.9694360092796677,4.018846618387493,3.9554014084716864,4.033999055884536,4.0878366214961,3.9295173865693687,3.94505997069104,4.00250997695503,4.095116486203724,4.0245472333581604,4.0474029081664495,4.063411769811771,4.12258527626368,4.217969980789835,3.79010758869652,3.8116318649722873,3.8267081715703086,3.8824346776463785,3.972262991617612,3.89,0.8749356664951058,-1.1897559991933668,462.93333333333817,31.1656808767625,39.384209306783454,14.728624016720602,62.50000000000009,27.999999999999932,44.230769230769226,-2.9702970297029734,-1.259445843828722,50.0,-0.01911114439103414,-0.009872022409645756,3.957951675135422,3.9339045195395648,3.886,3.96,3.9545,3.917666666666667,3.92825,4.101333333333334,0.040000000000000036,0.010000000000000231,0.020000000000000014,0.01827723322529897,3.949,4.113739187809093,3.7842608121909063,35.294117647059394,45019794,-0.3935671572008745,-0.44332869906062,1.2587732077061686,0.980952380952384,1.166666666666668,33.33333333333333,3.87,27.9985213151438,43.493473521793916,3.949,3.96,3.908,3.86,0,0,0,0,0,0,1,0,0,1.0,0,0.0,0,0,1.0,0,0,1,0,1.0
20190715,5569,000415XSHE20190715,20200210004725,0,186740,4.02,73753256.0,000415.XSHE,3.85,1500,3.99,3.9,354732.90625,618452.125,1.7857142857,3.92,4.0,3.934884940684894,3.9362136705739017,3.944011780396524,3.9507231984825206,3.9443606355159213,3.944689035152253,3.9707627183584,4.0175924175880375,3.9580628385892487,4.032273602712593,4.085261973561991,3.9405142253749377,3.9493399734823695,4.001899734176734,4.092521017408568,4.0529314889054415,4.0587296521361855,4.067820172686842,4.121956726202037,4.215296647930827,3.816838392464347,3.82229879861369,3.8308597742778985,3.8818427421514334,3.969745386886312,3.9,2.150537634408604,0.7779349363508046,237.28813559321884,42.999342806730546,40.58925380676582,47.81952080666,33.33333333333333,77.7777777777778,56.60377358490568,-0.9925558312655096,0.25125628140704104,54.95495495495496,-0.01884712184659449,0.0021121803555172037,3.960325625125391,3.9425345934565543,3.906,3.955000000000001,3.9625,3.922,3.9275,4.081666666666667,0.0900000000000003,0.029999999999999364,0.049999999999999815,0.02130026109199541,3.9545,4.109532254708497,3.7994677452915036,125.00000000000166,45206534,-0.1519651323508354,-0.2727661447758549,1.5218882607848137,1.1165048543689349,1.270833333333334,50.0,3.88,31.1656808767625,39.384209306783454,3.9545,3.96,3.886,3.92,0,0,1,1,0,0,0,0,0,1.0,0,0.0,0,0,1.0,0,0,1,0,1.0
20190716,5570,000415XSHE20190716,20200210004725,0,93807,4.02,37480904.0,000415.XSHE,3.96,1500,4.02,3.98,354732.90625,618452.125,0.7518796992,3.99,4.0,3.963256627123263,3.9571602529304255,3.95414354301032,3.957021089529564,3.98218031775796,3.9541029057582215,3.9739393171739863,4.01769709508421,3.962827235620845,4.031792284959158,4.083544553205098,3.954966184397677,3.9560694998173824,4.002782673972992,4.09073037500342,4.08215432593696,4.073615169929607,4.074751584811904,4.122866154192182,4.213452286253522,3.844358928309565,3.8363171988657463,3.8373874148228615,3.8826991937538016,3.968008463753317,3.86,2.2900763358778597,1.530534929534778,-14559.999999999969,55.055117426709174,45.41120834674693,74.34293558663364,20.833333333333613,79.99999999999996,47.727272727272684,3.3419023136246646,2.5510204081632564,55.7522123893805,-0.017136417653432417,0.01368563354529658,3.964745949190177,3.9544523483093927,3.93,3.952,3.9734999999999987,3.9286666666666665,3.927,4.064000000000001,0.039999999999999584,0.0,0.020000000000000014,0.021311316923946742,3.9625,4.100089970564718,3.824910029435282,198.30508474576516,45112727,0.09461691912322533,-0.028674106613805032,2.0541536823313864,1.1165048543689344,1.247422680412371,66.66666666666666,3.9,42.999342806730546,40.58925380676582,3.9625,3.955000000000001,3.906,3.99,0,0,1,1,0,0,0,0,0,1.0,0,0.0,1,0,1.0,0,1,1,0,2.0
20190717,5571,000415XSHE20190717,20200210004725,0,93143,4.01,37185568.0,000415.XSHE,3.97,1500,3.99,3.98,354732.90625,618452.125,-0.7462686567,4.02,4.0,3.9721710847488416,3.9653701896978193,3.9589244039422775,3.960019172299604,3.9860901588789797,3.958590042538444,3.974975490259536,4.016492873558809,3.9649174482653953,4.030153371823505,4.081082854436541,3.961335969052645,3.9593009760252516,4.0021591289011385,4.088243205250248,4.091336217291307,4.0801760481242235,4.078080005306009,4.122223902768173,4.210890501407757,3.853005952206376,3.842495889981065,3.840521946744493,3.882094355034104,3.9655959090927415,3.86,0.859453993933261,0.8186779866586033,556.1312607944657,60.945835860230396,50.589417517908096,81.65867254487503,33.33333333333333,84.21052631578974,43.47826086956525,2.3076923076923155,-1.2376237623762332,58.33333333333335,-0.015048214486801813,0.016705625333044843,3.966616619620535,3.9599212178002547,3.956,3.95,3.9795,3.9339999999999993,3.92475,4.047666666666667,0.010000000000000231,0.01999999999999957,0.009999999999999787,0.021316316955196927,3.9734999999999987,4.1027246106591155,3.844275389340884,233.33333333333596,45019584,0.20020612749557545,0.14741152330940038,1.815462190137647,1.039215686274512,1.0594059405940597,50.0,3.98,55.055117426709174,45.41120834674693,3.9734999999999987,3.952,3.93,4.02,0,0,1,1,0,0,0,0,0,1.0,0,0.0,1,0,1.0,0,1,1,0,2.0
20190718,5572,000415XSHE20190718,20200210004725,0,107632,3.99,42392496.0,000415.XSHE,3.91,1500,3.92,3.98,354732.90625,618452.125,-1.7543859649000002,3.99,1.0,3.9547807231658942,3.9540276422733647,3.9537344834166412,3.956381065726913,3.9530450794394905,3.9537662872211374,3.971428684436341,4.012297531230165,3.961462259937288,4.025833631751995,4.07684383195137,3.9538203383157997,3.955558025927608,3.998151366515717,4.0840890520341935,4.073424144860871,4.0724349484652755,4.074224766705436,4.118095907511189,4.206611723595219,3.8361373014709175,3.835205728166326,3.83689128514978,3.8782068255202455,3.961566380473168,3.92,-1.2096774193548396,-0.8749304607292708,-260.7843137254896,56.420030924364134,52.532955320060104,64.19418213297222,62.50000000000009,61.53846153846158,40.81632653061224,1.5544041450777215,-3.2098765432098735,53.98230088495575,-0.013915380529611266,0.00906267165752437,3.963163536685681,3.953779491984832,3.968,3.938,3.9730000000000003,3.9366666666666665,3.9225,4.0295000000000005,-0.06000000000000005,0.010000000000000231,0.009999999999999787,0.021871984766876046,3.9795,4.106951951730838,3.8520480482691606,127.02702702702751,45127216,0.11143085543654456,0.15581849146606006,1.2752089860658091,1.0000000000000024,1.0192307692307687,50.0,3.98,60.945835860230396,50.589417517908096,3.9795,3.95,3.956,3.99,0,0,1,1,0,0,0,0,0,1.0,0,1.0,1,0,1.0,1,1,1,0,4.0
20190719,5573,000415XSHE20190719,20200210004725,0,154249,4.0,61033600.0,000415.XSHE,3.92,1500,3.94,3.93,354732.90625,618452.125,0.5102040816,3.92,2.0,3.9498538154439298,3.9505207317050233,3.951903218961089,3.9548918779335565,3.9465225397197448,3.952045501318496,3.9694010273759313,4.009154160307114,3.959811316865188,4.022467606977407,4.073242678478964,3.9513075495311085,3.954076309172597,3.995314714490561,4.080531297662978,4.068349429907248,4.069846776017043,4.072698598447777,4.115174155925278,4.202947236592869,3.831358200980612,3.832768323045176,3.83545401989742,3.875455273055844,3.9581153587330897,3.99,-0.8056394763343411,-0.3086888315368541,-23.430962343096862,56.91159956361121,53.99250340124381,62.749791888346,54.16666666666678,54.54545454545456,39.5833333333333,2.0725388601036294,-1.745635910224435,56.25000000000002,-0.013089934226168323,0.006603570427543542,3.9614477191534085,3.951659570141012,3.972,3.929,3.9665,3.9416666666666664,3.924500000000001,4.013999999999999,0.009999999999999787,0.06000000000000005,0.010000000000000231,0.022661746830586044,3.9730000000000003,4.093045824583782,3.8529541754162175,126.31578947368419,45281465,0.03756500157111803,0.0744979285038313,1.8146489551112168,1.0384615384615408,1.0990099009900982,66.66666666666666,3.98,56.420030924364134,52.532955320060104,3.9730000000000003,3.938,3.968,3.92,0,0,1,1,0,0,0,0,0,1.0,0,1.0,0,0,1.0,0,0,1,0,2.0
20190722,5574,000415XSHE20190722,20200210004725,0,146744,3.95,57105612.0,000415.XSHE,3.86,1500,3.87,3.95,354732.90625,618452.125,-1.7766497462000002,3.94,2.0,3.92323587696262,3.930390548778768,3.9409827897662773,3.947174434485051,3.9082612698598727,3.941789813653685,3.9629880578678063,4.003103979424196,3.9529027540294037,4.016488485135157,4.067894186940045,3.936524358707272,3.9460690416323496,3.9892018015885817,4.07533299401698,4.040932953271499,4.0546200894684885,4.06445111288132,4.108877855636241,4.19759298383749,3.805538800653741,3.818428627946053,3.827686970383379,3.8695257475409246,3.953073004196471,4.02,-1.9756838905774927,-1.9260010136847348,-156.71641791044624,44.958610235389955,50.98120567929253,32.91341934758482,83.33333333333334,22.727272727272567,35.18518518518515,-1.2755102040816282,-4.207920792079206,50.0,-0.013587398317103977,-0.003979712727485218,3.954673814030933,3.939096559350087,3.948,3.927,3.9585,3.944,3.92475,4.0,-0.08000000000000007,0.0,0.010000000000000231,0.020360078868608415,3.9665,4.089832882882059,3.84316711711794,57.30337078651691,45134721,-0.12286844191863018,-0.04265172017375608,1.199311237748615,1.0000000000000022,1.0792079207920788,50.0,3.93,56.91159956361121,53.99250340124381,3.9665,3.929,3.972,3.94,0,0,1,1,0,0,0,0,0,1.0,0,1.0,0,0,1.0,1,0,1,0,3.0
20190723,5575,000415XSHE20190723,20200210004725,0,114584,3.89,44256668.0,000415.XSHE,3.84,1500,3.87,3.86,354732.90625,618452.125,0.0,3.87,2.0,3.905490584641747,3.915292911584076,3.93151841779744,3.940158576804592,3.889130634929936,3.932816086946974,3.9569888283279484,3.9973168498840135,3.9465256191040647,4.010743838659267,4.062686445178464,3.924429020760495,3.938824371000697,3.983387079559871,4.070263043547425,4.0226553021810005,4.04216189138331,4.056989102130718,4.102888691946667,4.192370934853848,3.7883258671024937,3.80669615013768,3.8206596398706765,3.863885467173075,3.948155152241002,3.99,-1.225114854517612,-1.8314646644005892,-145.11892083776937,35.527962379148924,45.830124579244654,14.923637978957446,83.33333333333334,10.52631578947372,47.49999999999999,-3.007518796992484,-3.9702233250620385,40.425531914893625,-0.01485699069532273,-0.01015673902575004,3.948401679658272,3.9284663194500737,3.918,3.924,3.953500000000001,3.942333333333333,3.923000000000001,3.987,0.010000000000000231,0.020000000000000014,0.020000000000000014,0.01985719673781932,3.9585,4.087538753868752,3.8294612461312494,27.10280373831784,45020137,-0.2379773155228861,-0.18042287872075813,1.1908604105858844,1.0095238095238122,1.0485436893203879,33.33333333333333,3.95,44.958610235389955,50.98120567929253,3.9585,3.927,3.948,3.87,0,0,1,0,0,0,0,0,0,1.0,0,1.0,0,0,1.0,0,0,1,0,2.0
20190724,5576,000415XSHE20190724,20200210004725,0,131268,3.94,51236708.0,000415.XSHE,3.86,1500,3.89,3.87,354732.90625,618452.125,0.5167958656,3.87,2.0,3.900327056427832,3.9089696836880563,3.9259826287577817,3.9355987061859916,3.889565317464968,3.927464076078602,3.9526669684358224,3.992650899889057,3.9421774945575994,4.006008786162827,4.058142065042188,3.9181691988040415,3.9341744309053928,3.9788316122642673,4.0658121042005755,4.017336868120666,4.0357142747681625,4.052199663832555,4.098196560632196,4.187786467326592,3.783317244734997,3.80062412283992,3.8161491979782314,3.859466663896339,3.9438377410745566,3.92,-0.20523345305285914,-1.253998070772196,-50.19676432007,32.944567512025266,41.534938890171524,15.763824755732756,72.72727272727269,22.222222222222218,48.78048780487807,-3.2338308457711316,0.0,40.425531914893604,-0.0161910335888886,-0.010672343148526985,3.944075629313215,3.922548424150063,3.898000000000001,3.927,3.949500000000001,3.9426666666666668,3.92225,3.9771666666666663,0.020000000000000014,0.049999999999999815,0.010000000000000231,0.019841213147638568,3.953500000000001,4.0851776366738095,3.82182236332619,58.33333333333322,45151405,-0.2555488388298811,-0.2467630771763836,2.287250928890032,1.0980392156862768,1.1399999999999997,33.33333333333333,3.86,35.527962379148924,45.830124579244654,3.953500000000001,3.924,3.918,3.87,0,0,1,0,0,0,0,0,0,1.0,0,1.0,0,0,1.0,0,0,1,0,2.0
20190725,5577,000415XSHE20190725,20200210004725,0,101524,3.92,39401388.0,000415.XSHE,3.86,1500,3.89,3.9,354732.90625,618452.125,0.0,3.89,2.0,3.8968847042852213,3.9042272627660433,3.921184944923411,3.9314533692599927,3.889782658732484,3.922781066568777,3.9486239382141566,3.988187817285185,3.9381638411300917,4.001459421999578,4.053717273856867,3.9130475262942164,3.929967342247736,3.9744983628855226,4.061471064590684,4.0137912454137785,4.030438952083043,4.047866362515169,4.093733313772089,4.183315196528405,3.7799781631566636,3.7956561005053895,3.8120683219803033,3.8552634119989566,3.9396269326529634,3.94,-0.05138746145940965,-1.1285075233834891,-40.010392309690666,31.22230426727616,38.09739401587307,17.472124770082345,68.42105263157883,36.36363636363644,54.0540540540541,-2.5062656641604035,-0.2564102564102509,42.22222222222221,-0.01745863744331951,-0.010140830835447222,3.9400700271418656,3.9175409742808234,3.892,3.93,3.945,3.9426666666666668,3.9205,3.967833333333333,-0.009999999999999787,0.020000000000000014,0.03000000000000025,0.01982922545500301,3.949500000000001,4.082841666406266,3.8161583335937337,84.61538461538431,45049881,-0.22958162375378616,-0.2425652312918337,1.6454723127035829,1.0380952380952406,0.9633027522935772,33.33333333333333,3.87,32.944567512025266,41.534938890171524,3.949500000000001,3.927,3.898000000000001,3.89,0,0,0,0,0,0,0,0,0,0.0,0,1.0,0,0,1.0,1,0,1,0,3.0
20190726,5578,000415XSHE20190726,20200210004725,0,87635,3.89,33948468.0,000415.XSHE,3.86,1500,3.88,3.88,354732.90625,618452.125,-0.2570694087,3.89,2.0,3.89125646952348,3.898170447074533,3.915693618933623,3.926775790236357,3.8848913293662415,3.91743343324768,3.944196587361631,3.983483999142351,3.9336896995047,3.996696307411359,4.049145766650106,3.907038885149813,3.925208547747952,3.969888686647205,4.056990297563753,4.007994163609185,4.024250051704307,4.04296480418039,4.088985347246621,4.178700006490666,3.7745187754377763,3.789827718595318,3.807452291315513,3.850792026047788,3.93528058863684,3.87,-1.1445598192011922e-14,-1.2169662406435966,-61.40868831716533,28.22227691892487,34.80568831689034,15.055454122993922,73.68421052631581,20.0,52.63157894736843,-1.020408163265307,0.5181347150259072,44.70588235294116,-0.018737901099785032,-0.010234109251724159,3.935620395501728,3.91176543977608,3.88,3.9260000000000006,3.943,3.945,3.919750000000001,3.960333333333333,0.0,0.010000000000000231,0.020000000000000014,0.018816707045577384,3.945,4.080955875194859,3.809044124805141,47.619047619047784,44962246,-0.20497389672449068,-0.2172777602391384,1.9418537251246637,0.8130841121495352,0.7477477477477473,33.33333333333333,3.9,31.22230426727616,38.09739401587307,3.945,3.93,3.892,3.89,0,0,0,0,0,0,0,0,0,0.0,0,1.0,0,0,1.0,0,0,0,0,2.0
20190729,5579,000415XSHE20190729,20200210004725,0,362977,3.88,136852784.0,000415.XSHE,3.71,1500,3.74,3.87,354732.90625,618452.125,-3.6082474227,3.88,2.0,3.8408376463489873,3.8586278353058994,3.8922678030758058,3.909796172942143,3.812445664683121,3.89525425409172,3.9310226139834614,3.9728977383100745,3.918790491850492,3.98662978555209,4.041010351738262,3.8766681787589374,3.907569638438623,3.9586746043717302,4.049163376636254,3.956062775739457,3.9929682241217055,4.024796727591782,4.077434842502883,4.170638277935342,3.7256125169585177,3.76036813339617,3.7903425492854637,3.8399143662405786,3.9276884753371664,3.87,-2.9579657498702727,-4.645352098312169,-204.30802369412945,22.14818461261661,30.586520415465763,5.271513006918312,90.32258064516121,11.764705882352956,30.43478260869564,-5.076142131979688,-3.1088082901554315,38.383838383838366,-0.022148322546247292,-0.02728337157169809,3.921129995834933,3.8853399875028374,3.854000000000001,3.9010000000000007,3.928,3.9419999999999997,3.91675,3.9495,-0.1299999999999999,0.009999999999999787,0.03000000000000025,0.019101509961959258,3.943,4.0977384890710775,3.7882615109289226,35.65217391304342,45325223,-0.4054368672062667,-0.3052053819653787,1.249655661605007,0.6557377049180345,0.6422764227642273,16.666666666666664,3.88,28.22227691892487,34.80568831689034,3.943,3.9260000000000006,3.88,3.88,0,0,0,0,0,0,1,0,0,1.0,0,1.0,0,0,1.0,1,0,0,0,2.0
20190730,5580,000415XSHE20190730,20200210004725,0,513524,3.9,195413040.0,000415.XSHE,3.7,1500,3.82,3.73,354732.90625,618452.125,2.1390374332,3.74,2.0,3.8338917642326575,3.8489708764794246,3.882632095999032,3.901632884492857,3.8162228323415612,3.885847472330255,3.923859864694205,3.9662500105574634,3.911191223246608,3.9800952841578896,4.035194289850412,3.86636487353004,3.89922967287304,3.951909989524328,4.04350502165758,3.9489085171596385,3.9823558197359414,4.016206563059232,4.0704672892100575,4.164810172307308,3.718875011305679,3.7503739273241385,3.782252782686849,3.8333526898385983,3.922199871007853,3.89,-0.6243496357960464,-2.4962989432845046,-156.1440381112503,28.09878974174438,29.75727685755864,24.781815510115862,62.500000000000036,39.99999999999993,31.91489361702118,-1.2919896640826942,-2.551020408163268,42.45283018867923,-0.02538889869683298,-0.02592460920468552,3.913638885032346,3.8752876817331696,3.844,3.881,3.9164999999999988,3.9426666666666654,3.91675,3.946333333333333,0.08999999999999986,0.08000000000000007,0.029999999999999805,0.022844574742767264,3.928,4.078900629554684,3.777099370445316,75.60975609756095,45838747,-0.4285466370774695,-0.4169917521418681,1.7453023458278512,0.8220338983050869,0.7916666666666661,33.33333333333333,3.87,22.14818461261661,30.586520415465763,3.928,3.9010000000000007,3.854000000000001,3.74,0,0,0,0,0,0,1,0,0,1.0,0,1.0,0,0,0.0,0,0,0,0,1.0
20190731,5581,000415XSHE20190731,20200210004725,0,232256,3.78,86972984.0,000415.XSHE,3.71,1500,3.75,3.78,354732.90625,618452.125,-1.832460733,3.82,2.0,3.805927842821773,3.8242281573595687,3.864947816532494,3.887848076811688,3.783111416170781,3.868866538288973,3.912643099230064,3.9568478361853985,3.898791898381485,3.9710719396811096,4.027689176959611,3.8452076237973056,3.885017323075608,3.942060721742653,4.036257984085789,3.9201056781064256,3.9605638525112252,4.0015678427678765,4.060322543394934,4.157345723608363,3.6917500075371192,3.7298513950833865,3.768466803383339,3.823798900090374,3.9151702445632153,3.89,-1.7295597484276688,-4.121497238699121,-221.5671062839409,24.288082050051788,27.93421192172302,16.99582230670933,84.37500000000003,26.666666666666604,23.529411764705873,-3.1007751937984525,-6.015037593984967,42.05607476635513,-0.029412085430834407,-0.0321854938720114,3.901517486141061,3.85601265377422,3.8160000000000003,3.8569999999999998,3.903499999999999,3.9386666666666663,3.91475,3.940833333333333,-0.029999999999999805,0.0,0.040000000000000036,0.023708735143769772,3.9164999999999988,4.077406805325318,3.755593194674681,32.50000000000013,45606491,-0.4934435961464877,-0.4609951166119786,1.1502004371071726,0.8189655172413808,0.7438016528925616,33.33333333333333,3.73,28.09878974174438,29.75727685755864,3.9164999999999988,3.881,3.844,3.82,0,0,0,0,0,0,1,0,0,1.0,0,1.0,0,0,0.0,1,0,0,0,1.0
20190801,5582,000415XSHE20190801,20200210004725,0,149942,3.77,55960560.0,000415.XSHE,3.71,1500,3.73,3.73,354732.90625,618452.125,-0.5333333333,3.75,2.0,3.7806185618811816,3.8006711180196766,3.846954774328162,3.873498251646988,3.7565557080853904,3.851508221002852,3.900859673473285,3.9469848867860335,3.885807906198293,3.961618138124988,4.0198552512501475,3.824260783106887,3.8702537684969776,3.9317162962917918,4.028696058552806,3.8940371187376166,3.938988606600093,3.986361381551887,4.049667785180547,4.149556940309391,3.667200005024746,3.7095329596136803,3.7541461554420685,3.813764807403038,3.9078351767962216,3.88,-1.4270613107822363,-4.496108152396563,-192.13815042035856,20.192054700034504,25.353492847826853,9.869178404449821,90.62500000000004,24.99999999999993,23.999999999999954,-4.1131105398457635,-7.213930348258697,34.020618556701,-0.03396694744717533,-0.036438896130727365,3.8888124871676486,3.8366260916551096,3.784,3.838,3.888,3.928,3.912,3.9351666666666665,0.0,0.040000000000000036,0.020000000000000014,0.023276497905711013,3.903499999999999,4.068496969669142,3.7385030303308566,31.67701863354066,45456549,-0.5474004441464622,-0.5204220201464749,1.0519991419931276,0.8434782608695669,0.7377049180327867,16.666666666666664,3.78,24.288082050051788,27.93421192172302,3.903499999999999,3.8569999999999998,3.8160000000000003,3.75,0,0,0,0,0,0,1,0,0,1.0,0,1.0,0,0,0.0,0,0,0,0,1.0
20190802,5583,000415XSHE20190802,20200210004725,0,185923,3.67,67815264.0,000415.XSHE,3.62,1500,3.65,3.67,354732.90625,618452.125,-2.144772118,3.73,2.0,3.737079041254121,3.763003338514757,3.820694137751073,3.853180228769989,3.7032778540426947,3.8263196933774952,3.884675178410492,3.934072500404033,3.867668836490732,3.949397818982832,4.010122218322511,3.79257700436018,3.849277219116313,3.917974037936096,4.01934553858854,3.849191412491745,3.9063543144909847,3.9647555356898025,4.035513259074179,4.139925904746196,3.6249666700164975,3.678799694229375,3.7337989025428233,3.8004348167980133,3.8987651724308834,3.74,-2.3542001070091096,-6.443840672579093,-218.94218942189386,16.586369800022982,22.431118498558888,4.896872402951168,92.50000000000004,20.512820512820454,23.529411764705845,-6.1696658097686425,-8.52130325814537,30.769230769230752,-0.03981521556908972,-0.046786144975315115,3.871122673303378,3.8079143852466313,3.738,3.809,3.8690000000000007,3.914,3.9085,3.928333333333333,-0.020000000000000014,0.0,0.029999999999999805,0.02261590406661776,3.888,4.069868084060947,3.7061319159390513,12.820512820512835,45642472,-0.6796151320510331,-0.6135077880987476,0.8220870497900019,0.7711864406779677,0.5833333333333334,16.666666666666664,3.73,20.192054700034504,25.353492847826853,3.888,3.838,3.784,3.73,0,0,0,0,0,0,1,0,0,1.0,0,1.0,0,0,1.0,1,0,0,0,2.0
20190805,5584,000415XSHE20190805,20200210004725,0,244725,3.64,87713536.0,000415.XSHE,3.53,1500,3.54,3.62,354732.90625,618452.125,-3.0136986301,3.65,2.0,3.6713860275027472,3.707252503886069,3.7832682527175967,3.824709298881808,3.621638927021348,3.790529731705308,3.862438070125944,3.916938913429945,3.8424635413760604,3.933343002552133,3.9977505809982334,3.7466539126583287,3.81982224586714,3.899536279987994,4.007509846277712,3.7815276083278295,3.859053530038079,3.9344169132431546,4.016522368387633,4.127735141666042,3.561244446677665,3.6342542952785784,3.7052275784911264,3.7825501915883537,3.8872845508893787,3.82,-4.272579772850198,-9.114249037227214,-200.83449235048698,11.870587996763305,18.910941664627032,-2.2101193389641343,97.9166666666666,22.222222222222157,16.666666666666632,-8.762886597938143,-9.693877551020405,28.828828828828808,-0.047831828526695375,-0.06413290366084523,3.846595067873498,3.76669678751638,3.698,3.7760000000000002,3.8515000000000006,3.8976666666666655,3.902,3.917666666666667,-0.08000000000000007,0.020000000000000014,0.010000000000000231,0.023397667304037285,3.8690000000000007,4.1001081997679885,3.637891800232013,12.00000000000006,45887197,-0.9263394244451768,-0.8029772782481048,0.7411771884955355,0.7815126050420184,0.5474452554744526,16.666666666666664,3.67,16.586369800022982,22.431118498558888,3.8690000000000007,3.809,3.738,3.65,0,0,0,0,0,0,1,0,0,1.0,1,1.0,0,0,1.0,1,0,0,0,2.0
20190806,5585,000415XSHE20190806,20200210004725,0,287834,3.49,99241800.0,000415.XSHE,3.39,1500,3.46,3.47,354732.90625,618452.125,-2.2598870056,3.54,2.0,3.600924018335165,3.645439377914552,3.740165819021917,3.791553908074371,3.540819463510674,3.7492135152421433,3.836474323666206,3.8970720041503815,3.8130432689625176,3.914780531863813,3.9835992499193336,3.6945350194477236,3.78555346054646,3.8780954858422376,3.993991084641225,3.7089517388852205,3.805371070031156,3.8991200643628536,3.994438350417505,4.113810817180461,3.49289629778511,3.5836989688642924,3.6719868567300655,3.7617526212669694,3.874171352101988,3.75,-4.578047435190301,-10.948679672620585,-203.78580828019062,12.316241054445973,16.712708127900008,3.5233069075378936,88.52459016393446,0.0,16.393442622950776,-7.486631016042787,-12.182741116751268,24.99999999999996,-0.05795460878518655,-0.08098224206792938,3.8179583961791654,3.7195126663600138,3.626,3.735,3.8295,3.880666666666667,3.8905,3.9076666666666666,-0.010000000000000231,0.020000000000000014,0.06999999999999984,0.02499585105035922,3.8515000000000006,4.137260389137474,3.5657396108625274,-28.110599078340933,46175031,-1.1935170229913459,-1.0599282237182617,0.5224770291500064,0.7360000000000009,0.3647798742138365,16.666666666666664,3.62,11.870587996763305,18.910941664627032,3.8515000000000006,3.7760000000000002,3.698,3.54,0,0,0,0,0,0,1,0,0,1.0,1,1.0,0,0,1.0,1,0,0,0,2.0
20190807,5586,000415XSHE20190807,20200210004725,0,184305,3.49,63613160.0,000415.XSHE,3.41,1500,3.44,3.48,354732.90625,618452.125,-0.5780346821,3.46,2.0,3.5472826788901095,3.594079533435913,3.700143709818995,3.759594461885792,3.4904097317553373,3.710561825836877,3.8108953350425803,3.877199308317756,3.7843476328884766,3.896161687476997,3.969294006500404,3.648255925002684,3.7526436071610823,3.8567249743377374,3.980312292427861,3.653701159256813,3.757703602752765,3.8652229153759152,3.9724267235678714,4.0997216612006975,3.4408641985234065,3.5388082472526032,3.64006429894625,3.7410232251076065,3.8609029236550247,3.73,-3.4792368125701487,-11.24413024407865,-154.73589512916098,11.478801225839787,14.968072493879935,4.500258689759491,91.80327868852459,0.0,15.87301587301583,-9.94764397905759,-11.111111111111114,24.78632478632474,-0.06905383907903495,-0.08879384235078724,3.789961477943671,3.676510717689242,3.5639999999999996,3.69,3.8085,3.863,3.8795,3.8978333333333337,-0.040000000000000036,0.010000000000000231,0.029999999999999805,0.025264877175785176,3.8295,4.161239355518757,3.4977606444812435,-17.098445595854834,45990726,-1.3375799625316642,-1.2655484927615053,0.5110562129273584,0.6976744186046523,0.360248447204969,0.0,3.47,12.316241054445973,16.712708127900008,3.8295,3.735,3.626,3.46,0,0,0,0,0,0,1,0,0,1.0,1,1.0,0,0,1.0,1,0,1,0,3.0
20190808,5587,000415XSHE20190808,20200210004725,0,169562,3.49,58646116.0,000415.XSHE,3.44,1500,3.45,3.46,354732.90625,618452.125,0.2906976744,3.44,2.0,3.514855119260073,3.5580596500769355,3.666791215176462,3.731449510805265,3.4702048658776685,3.677991597607267,3.7876117650398333,3.8586254253474186,3.758628584204749,3.8786651507131933,3.955628374750393,3.612209393184014,3.7238204064790748,3.8368847316871166,3.9672181617506297,3.6203007728378753,3.7205756749795342,3.835535018673448,3.9519912736377303,4.0862347066031495,3.4094094656822715,3.5038431113884934,3.612105794284703,3.721778189736504,3.8482016168981112,3.65,-1.6533637400228,-10.751241721854283,-114.54401627302549,11.574102778010845,13.836749255256903,7.048809823518719,89.28571428571428,3.333333333333408,14.516129032258048,-7.999999999999996,-10.852713178294573,28.846153846153822,-0.07986631751849194,-0.08649982751565588,3.76477914624414,3.641662914967821,3.508,3.6460000000000004,3.788,3.845333333333334,3.8685,3.886333333333333,-0.009999999999999787,0.03000000000000025,0.010000000000000231,0.02517173608566187,3.8085,4.173936725029108,3.4430632749708923,-13.333333333333329,45821164,-1.3078119948795277,-1.322695978705596,0.40446142514849215,0.7322834645669305,0.4102564102564103,16.666666666666664,3.48,11.478801225839787,14.968072493879935,3.8085,3.69,3.5639999999999996,3.44,0,0,0,0,0,0,1,0,0,1.0,1,1.0,0,0,1.0,1,0,1,0,3.0
20190809,5588,000415XSHE20190809,20200210004725,0,188387,3.47,64667808.0,000415.XSHE,3.4,1500,3.41,3.46,354732.90625,618452.125,-1.1594202899,3.45,2.0,3.479903412840049,3.5210447375577014,3.632552386486267,3.7022268280047865,3.4401024329388346,3.6444926479063584,3.7632497156824236,3.839119972071444,3.731811000804384,3.860286125195029,3.941269733309593,3.5754440489687385,3.6939327487191633,3.816061086238965,3.9534596886209847,3.5843005152252503,3.6827073704378006,3.8047507311807385,3.9305429188261343,4.072063479279613,3.375506310454847,3.4681807274996763,3.5831147662575877,3.7015792536517966,3.8348558979623553,3.54,-1.4450867052023069,-11.55721547878408,-104.38722966014427,9.023258061157561,12.232252190557125,2.6052698023584284,96.36363636363636,3.846153846153932,13.636363636363619,-8.579088471849863,-12.339331619537274,27.102803738317746,-0.09038840260961008,-0.0841766807289453,3.7384992094853153,3.6060224665112326,3.46,3.599000000000001,3.7624999999999993,3.828333333333333,3.8585,3.873,-0.049999999999999815,0.010000000000000231,0.010000000000000231,0.026451326133126868,3.788,4.1830126580250315,3.3929873419749685,4.458598726114776,46009551,-1.2401145906033912,-1.2739632927414593,0.30454083417879513,0.6742424242424251,0.3726708074534159,16.666666666666664,3.46,11.574102778010845,13.836749255256903,3.788,3.6460000000000004,3.508,3.45,0,0,0,0,0,0,1,0,0,1.0,1,1.0,0,0,1.0,1,0,1,0,3.0
20190812,5589,000415XSHE20190812,20200210004725,0,163797,3.47,56295272.0,000415.XSHE,3.39,1500,3.46,3.39,354732.90625,618452.125,1.4662756598,3.41,2.0,3.473268941893366,3.5057835531682766,3.609545401621432,3.6802062072770787,3.4500512164694173,3.621431066918064,3.7436852178964615,3.8226364950248586,3.7109024622809694,3.8445886300893406,3.9286047403277617,3.5544542218835136,3.6716534393173377,3.7986922527638938,3.941275498778492,3.577467010150167,3.661087848540019,3.7818030424968585,3.9126530203468106,4.059513763741847,3.369070873636565,3.447820595227008,3.5615038361378177,3.684731485180977,3.8230372338151364,3.46,0.4645760743321593,-10.073812246595267,-81.57622739018109,11.998411357011015,12.154305246041755,11.686623578949535,87.27272727272732,30.0,19.999999999999968,-5.205479452054793,-11.05398457583548,31.48148148148147,-0.0991731554374838,-0.07027802262298963,3.717869638412328,3.5835574716633505,3.4440000000000004,3.571,3.7359999999999993,3.8089999999999993,3.849250000000001,3.8636666666666666,0.06999999999999984,0.010000000000000231,0.0,0.024218010315996037,3.7624999999999993,4.163967308756266,3.3610326912437323,23.57723577235776,45845754,-1.0223502384401126,-1.1312324145217518,0.403142917548104,0.7230769230769235,0.4088050314465407,33.33333333333333,3.46,9.023258061157561,12.232252190557125,3.7624999999999993,3.599000000000001,3.46,3.41,0,0,0,0,0,0,1,0,0,1.0,1,1.0,0,0,1.0,0,0,1,0,2.0
20190813,5590,000415XSHE20190813,20200210004725,0,139330,3.46,47930912.0,000415.XSHE,3.42,1500,3.46,3.45,354732.90625,618452.125,0.0,3.46,2.0,3.4688459612622444,3.4943376648762072,3.5896060147385738,3.6601874611609815,3.455025608234709,3.601252183553306,3.7253829457741086,3.8068696908933433,3.691602272874741,3.829506723027013,3.916273036634926,3.5372807269956024,3.651495968906164,3.782170679458338,3.92939215312964,3.572911340100112,3.643399148805471,3.761040847973349,3.8956357998420876,4.047273917723529,3.3647805824243773,3.431162305185734,3.5419510898389786,3.668705559074588,3.8115103885357504,3.44,0.4645760743321593,-9.905218206436826,-63.06998293099257,14.13929178186698,12.815967424650164,16.785940496300615,86.7924528301887,50.0,24.99999999999996,-2.2598870056497202,-10.824742268041236,31.48148148148147,-0.10618243511921313,-0.05607423745383491,3.69876818371512,3.564548629868989,3.4440000000000004,3.535,3.7079999999999993,3.789333333333333,3.84075,3.8539999999999996,0.009999999999999787,0.0,0.03000000000000025,0.02013847758591705,3.7359999999999993,4.132413925083363,3.339586074916634,99.99999999999916,45706424,-0.7819077105031327,-0.9021289744716228,0.4617554144613504,0.826086956521739,0.4685314685314688,33.33333333333333,3.39,11.998411357011015,12.154305246041755,3.7359999999999993,3.571,3.4440000000000004,3.46,0,0,0,0,0,0,1,0,0,1.0,0,1.0,0,0,1.0,0,0,1,0,2.0
20190814,5591,000415XSHE20190814,20200210004725,0,171503,3.51,59722744.0,000415.XSHE,3.45,1500,3.45,3.49,354732.90625,618452.125,-0.28901734100000004,3.46,2.0,3.462563974174829,3.483253248657156,3.570991879440097,3.6410795101463473,3.4525128041173545,3.5823456606091426,3.707616304111264,3.7913536173762408,3.673017482653608,3.814624106437719,3.904002693565586,3.521411503905493,3.632305876629386,3.765967231679882,3.9175553098424882,3.5664408934000744,3.6270538490226585,3.7412750529282683,3.878946248630279,4.035081969137764,3.3586870549495846,3.4157691587883283,3.5233367003305043,3.6529882147294863,3.800028650547213,3.45,0.11607661056297165,-9.987476518472114,-42.383093789495454,16.569051664101806,14.066995504467375,21.573163983370662,88.23529411764704,54.545454545454646,12.24489795918369,-0.28901734104045623,-7.754010695187168,27.18446601941745,-0.1116289775177776,-0.04357233918851538,3.6803409108473337,3.5469257637352984,3.446,3.5050000000000003,3.681,3.7706666666666657,3.83025,3.8435,-0.040000000000000036,0.01999999999999957,0.0,0.020010941354032984,3.7079999999999993,4.097404673829167,3.3185953261708323,149.99999999999906,45877927,-0.5885471556315971,-0.6852274330673649,0.5125837469660229,0.786324786324786,0.4928571428571432,33.33333333333333,3.45,14.13929178186698,12.815967424650164,3.7079999999999993,3.535,3.4440000000000004,3.46,0,0,0,0,0,0,1,0,0,1.0,1,1.0,0,0,1.0,1,0,1,0,3.0
20190815,5592,000415XSHE20190815,20200210004725,0,197517,3.46,66906136.0,000415.XSHE,3.32,1500,3.45,3.38,354732.90625,618452.125,0.0,3.45,2.0,3.4583759827832203,3.4749399364928664,3.5548596288480843,3.623708645587589,3.4512564020586773,3.565802453033,3.690995897394408,3.7765121557511874,3.655862291680253,3.8003251218715337,3.8920552542612277,3.5084275941044947,3.614943412188493,3.7505541959881814,3.9060107342908217,3.5621272622667166,3.6136804219276297,3.7233917145541473,3.8630708218678262,4.023191056319545,3.354624703299723,3.40317476628136,3.5064951098228376,3.6380375701085352,3.7888304122620964,3.41,0.11607661056297165,-9.80392156862742,-49.54283779207589,24.587701109401227,17.57389737277866,38.61530858264635,77.58620689655167,50.0,14.285714285714302,0.2906976744186114,-9.68586387434554,21.874999999999947,-0.11555608469000547,-0.031416857377823015,3.663278621154938,3.5320141077760216,3.446,3.4770000000000003,3.6575,3.751,3.81525,3.834166666666667,0.07000000000000027,0.009999999999999787,0.06000000000000005,0.022460333280053892,3.681,4.066583972695962,3.2954160273040376,49.99999999999992,46075444,-0.4357007755535317,-0.5121239655925645,0.3309147749941649,0.8534482758620683,0.4726027397260272,33.33333333333333,3.49,16.569051664101806,14.066995504467375,3.681,3.5050000000000003,3.446,3.45,0,0,0,0,0,0,1,0,0,1.0,1,1.0,0,0,1.0,0,0,1,0,2.0
20190816,5593,000415XSHE20190816,20200210004725,0,147215,3.5,51009340.0,000415.XSHE,3.42,1500,3.45,3.45,354732.90625,618452.125,0.0,3.45,2.0,3.4555839885221467,3.4687049523696496,3.5408783450016728,3.6079169505341713,3.450628201029339,3.5513271464038745,3.6754477749818655,3.7623159750663526,3.640026730781772,3.7865868817981405,3.880422221254353,3.497804395176405,3.5992345157895884,3.735893015696075,3.8947512099873434,3.559251508177811,3.602738527031697,3.7072115512632764,3.847969806166957,4.011593746286964,3.3519164688664818,3.3928702633211127,3.4912574803159018,3.6238162252251933,3.777908673687723,3.46,-0.1158077591198483,-9.643287412917044,-26.942409880798177,39.19881828346053,24.782204343005947,68.03204616436969,77.58620689655167,83.33333333333358,15.000000000000016,0.0,-7.999999999999996,19.354838709677416,-0.11806159815991138,-0.0200441077592472,3.647480204773092,3.5193965527335567,3.454,3.457,3.633000000000001,3.731666666666667,3.79975,3.827333333333333,0.0,0.049999999999999815,0.03000000000000025,0.023409310846065408,3.6575,4.030225099771936,3.284774900228064,97.5308641975307,45928229,-0.31748142818721004,-0.3765911018703708,0.41068782449587005,0.8547008547008538,0.4662162162162156,16.666666666666664,3.38,24.587701109401227,17.57389737277866,3.6575,3.4770000000000003,3.446,3.45,0,0,0,0,0,0,1,0,0,1.0,1,1.0,0,0,1.0,0,0,0,0,2.0
20190819,5594,000415XSHE20190819,20200210004725,0,241657,3.57,85059568.0,000415.XSHE,3.46,1500,3.57,3.48,354732.90625,618452.125,3.4782608695999997,3.45,3.0,3.4937226590147645,3.494028714277237,3.5447612323347832,3.604469955031064,3.5103141005146696,3.55366125310339,3.6686446927249703,3.753954410933032,3.6346400591831753,3.7780932785903696,3.8722532154318703,3.5109308687806946,3.59645027619058,3.7278006734669975,3.886732661592595,3.598534338785208,3.616258794844116,3.704343784476297,3.839634693671008,4.0033346414403725,3.3889109792443217,3.4056029427172736,3.4885567679048624,3.615966653262988,3.770130681744817,3.46,2.7042577675489032,-6.38766519823787,5.7820075417489925,59.46587885564036,36.34342918055075,105.71077820581957,45.65217391304348,92.30769230769243,40.90909090909089,4.6920821114369415,-4.289544235924937,29.41176470588232,-0.11736112490364906,0.005603786050098647,3.6417409303454553,3.527181698466856,3.4760000000000004,3.46,3.6180000000000003,3.7209999999999988,3.78825,3.8224999999999993,0.08999999999999986,0.0,0.020000000000000014,0.02338319870629424,3.633000000000001,3.9901890255872936,3.2758109744127077,160.60606060606037,46169886,-0.0070618867419363265,-0.16227165746457314,0.5418271384234714,0.8888888888888875,0.5034013605442166,33.33333333333333,3.45,39.19881828346053,24.782204343005947,3.633000000000001,3.457,3.454,3.45,0,0,0,1,0,0,0,0,0,0.0,0,1.0,0,0,1.0,0,0,0,0,2.0
20190820,5595,000415XSHE20190820,20200210004725,0,265544,3.66,95782512.0,000415.XSHE,3.54,1500,3.59,3.57,354732.90625,618452.125,0.5602240896,3.57,4.0,3.5258151060098433,3.518021535707928,3.5507930680234785,3.6031545045736952,3.5501570502573347,3.5582035964654666,3.663570841581424,3.7468259582837695,3.631206208476776,3.7707170715868257,3.864825499236295,3.5253070744569315,3.5958359641724287,3.7210786893954366,3.879405929207592,3.631589559190138,3.63106628669064,3.703711043097602,3.8327110500773003,3.99578810708382,3.4200406528295475,3.419547862223224,3.487960885247256,3.609446328713573,3.7630237513313647,3.45,2.51284980011421,-5.700026267402144,34.95630461922611,66.11450747238767,46.2671219444964,105.80927852817021,40.00000000000002,93.33333333333346,57.14285714285713,3.757225433526009,-1.6438356164383578,32.98969072164946,-0.11410134318082073,0.026078253782626654,3.637908268838385,3.5368460525488774,3.502,3.4730000000000003,3.6039999999999996,3.7106666666666666,3.77875,3.8166666666666664,0.020000000000000014,0.07000000000000027,0.029999999999999805,0.023835643680290727,3.6180000000000003,3.956017751013168,3.279982248986832,257.8947368421072,46435430,0.2732807991951951,0.1331094562266294,0.819329680848928,0.8782608695652167,0.5104895104895097,33.33333333333333,3.48,59.46587885564036,36.34342918055075,3.6180000000000003,3.46,3.4760000000000004,3.57,0,0,1,1,0,0,0,0,0,1.0,0,1.0,0,0,1.0,0,0,0,0,2.0
20190821,5596,000415XSHE20190821,20200210004725,0,165539,3.6,58786716.0,000415.XSHE,3.52,1500,3.55,3.6,354732.90625,618452.125,-1.1142061281,3.59,4.0,3.5338767373398947,3.5260161517809463,3.5506873256203484,3.598322276885177,3.5500785251286677,3.557178146907283,3.6562436905116544,3.7382683079236063,3.6249595770554857,3.7620615001520483,3.8565406176774446,3.5297966972829435,3.5914706342512455,3.712733387473708,3.871272449474072,3.6398930394600915,3.635690598201432,3.6992147532787834,3.8241153890979187,3.9874106229582944,3.4278604352196984,3.423902796364456,3.483726515223708,3.6013513858494965,3.7551342759898496,3.45,0.7950028392958555,-6.588780128407514,26.76440994681648,66.62535792276823,53.053200603920345,93.76967256046402,34.285714285714306,77.77777777777774,64.51612903225806,2.6011560693641576,0.28248587570620864,30.30303030303028,-0.10978643623437638,0.034519255571554636,3.6313965452207264,3.538869736772128,3.522,3.4840000000000004,3.587,3.700333333333333,3.768250000000001,3.8105,-0.05000000000000026,0.0,0.029999999999999805,0.023763583411702455,3.6039999999999996,3.9159679470714903,3.2920320529285103,143.67816091954106,46269891,0.35610486635730954,0.3146928327762523,0.8716207094570769,0.8016528925619829,0.4829931972789117,33.33333333333333,3.57,66.11450747238767,46.2671219444964,3.6039999999999996,3.4730000000000003,3.502,3.59,0,0,1,1,0,0,0,0,0,1.0,0,1.0,1,0,0.0,1,0,0,0,2.0
20190822,5597,000415XSHE20190822,20200210004725,0,159520,3.57,56508468.0,000415.XSHE,3.51,1500,3.56,3.55,354732.90625,618452.125,0.2816901408,3.55,4.0,3.5425844915599303,3.5345121138357096,3.5519290155376355,3.5948384335319785,3.5550392625643337,3.5575308785438726,3.650034420156064,3.7305175119269283,3.619962686512757,3.754137519753929,3.8487369172122485,3.5352882068678637,3.5884734309892217,3.7052829783286487,3.863586709980885,3.648862026306728,3.6413468530738986,3.6961276339188975,3.816441467678509,3.979494311280312,3.4363069568131324,3.4292295606618266,3.4808192280595454,3.5941244889787898,3.747679108681458,3.45,0.4514672686230378,-6.162686488481183,29.15232005246785,67.94631704655137,58.01757275146402,87.80380563672605,29.411764705882355,78.94736842105263,70.00000000000003,3.1884057971014457,2.8901734104046266,33.333333333333314,-0.10462662213588544,0.041278512787927546,3.6261079122414137,3.542120546499492,3.544,3.495,3.5705,3.690333333333333,3.75775,3.803833333333334,0.010000000000000231,0.009999999999999787,0.040000000000000036,0.02399970130781057,3.587,3.8663188142606937,3.3076811857393063,282.97872340425783,46110371,0.3622024267265965,0.35915364654195303,1.302306581936156,0.7741935483870964,0.5068493150684928,50.0,3.6,66.62535792276823,53.053200603920345,3.587,3.4840000000000004,3.522,3.55,0,0,1,1,0,0,0,0,0,1.0,0,1.0,0,0,0.0,0,0,0,0,1.0
20190823,5598,000415XSHE20190823,20200210004725,0,130817,3.58,46409324.0,000415.XSHE,3.52,1500,3.53,3.55,354732.90625,618452.125,-0.8426966292,3.56,4.0,3.538389661039953,3.533384085376782,3.5490051467992836,3.5889440304836167,3.5425196312821665,3.5540895187258887,3.642290264016963,3.7217993592344527,3.6130424798579286,3.745347813096912,3.8403491036014006,3.534326714710069,3.582904532799772,3.6967325891418863,3.8553500010924684,3.6445413508711515,3.640356516151372,3.690391668783765,3.807634566816143,3.9710105011252415,3.432237971208755,3.4282969132687677,3.4754173968157787,3.585830611467629,3.7396895010596936,3.57,-0.8426966292134901,-6.815902011509402,34.0342106552956,65.88577999181854,60.640308498248864,76.37672297895791,38.23529411764712,68.18181818181806,62.499999999999936,2.3188405797101344,2.6162790697674376,32.29166666666664,-0.09944788982728976,0.041429858468765485,3.618988807630939,3.540255847038032,3.56,3.5069999999999997,3.553,3.6773333333333333,3.748,3.7975,-0.020000000000000014,0.03000000000000025,0.009999999999999787,0.02364663209793792,3.5705,3.8112571390426457,3.3297428609573543,191.5254237288155,45979554,0.27151565773562136,0.3168590422311089,1.3797544071677659,0.8166666666666663,0.5352112676056335,50.0,3.55,67.94631704655137,58.01757275146402,3.5705,3.495,3.544,3.56,0,0,1,1,0,0,0,0,0,1.0,0,1.0,1,0,0.0,1,0,0,0,2.0
20190826,5599,000415XSHE20190826,20200210004725,0,176162,3.48,60798824.0,000415.XSHE,3.41,1500,3.47,3.45,354732.90625,618452.125,-1.6997167138999998,3.53,1.0,3.515593107359969,3.517538064032587,3.5384711272260465,3.5781309368032876,3.506259815641084,3.543578328885153,3.6311747631126434,3.710851561006868,3.6020392121765497,3.734549859642131,3.8306030745592574,3.522630948399148,3.5721517201521737,3.685672462842281,3.845835186250679,3.621060900580768,3.6283098768511217,3.6793162717567394,3.7962426367275497,3.9612102418381987,3.4101253141391696,3.4169520199471735,3.464987168547609,3.5751022889570128,3.7304601306631584,3.59,-1.977401129943498,-8.225337212377655,-22.420382165604963,58.62973568082022,59.97011755910598,55.94897192424872,55.88235294117641,18.750000000000142,58.823529411764724,0.5797101449275368,0.5797101449275368,28.999999999999986,-0.09525938075628164,0.033508072568064866,3.607952599658277,3.5294472551860268,3.54,3.508,3.5395000000000003,3.6599999999999993,3.733750000000001,3.7910000000000004,0.020000000000000014,0.009999999999999787,0.040000000000000036,0.023351784435896642,3.553,3.7801981514009304,3.32580184859907,38.053097345133345,46155716,0.0657568902773856,0.1686362740065035,1.9416698008572952,0.7642276422764226,0.40909090909090906,50.0,3.55,65.88577999181854,60.640308498248864,3.553,3.5069999999999997,3.56,3.53,0,0,1,1,0,0,0,0,0,1.0,0,1.0,0,0,0.0,0,0,0,0,1.0
20190827,5600,000415XSHE20190827,20200210004725,0,268967,3.62,95792992.0,000415.XSHE,3.46,1500,3.58,3.46,354732.90625,618452.125,3.1700288183999996,3.47,3.0,3.5370620715733128,3.5331535480244396,3.544008310262573,3.5783008516393524,3.543129907820542,3.548131037774509,3.627873165492472,3.7051623627022217,3.600343888162969,3.7284890808326363,3.8240082568076987,3.533061685053848,3.572899175375776,3.6805177085572924,3.8392713544914026,3.643173933720513,3.639053535605464,3.6800861506370497,3.7909332398140103,3.954449495126145,3.4309502094261135,3.427069834502232,3.4657122001145027,3.5701021773005728,3.72409321385666,3.55,1.1871113623516312,-5.2057406132499935,60.504769139866525,64.57668653231151,61.50564055017449,70.71877849658556,23.529411764705877,48.000000000000036,65.00000000000003,0.2801120448179336,4.985337243401757,36.03603603603602,-0.08993899184074591,0.04256311132428586,3.6058820367206255,3.537224600542024,3.538,3.52,3.5275,3.6453333333333333,3.722,3.787,0.1200000000000001,0.040000000000000036,0.0,0.026664988814751545,3.5395000000000003,3.728272349670178,3.3507276503298224,54.95495495495534,46424683,0.10360807449169568,0.08468248238454065,3.1139534948145453,0.9649122807017544,0.5238095238095234,50.0,3.45,58.62973568082022,59.97011755910598,3.5395000000000003,3.508,3.54,3.47,0,0,1,1,0,0,0,0,0,1.0,0,1.0,0,0,0.0,0,0,0,0,1.0
20190828,5601,000415XSHE20190828,20200210004725,0,197491,3.61,70851728.0,000415.XSHE,3.56,1500,3.6,3.58,354732.90625,618452.125,0.5586592179,3.58,4.0,3.558041381048876,3.54986516101833,3.55147386889423,3.5802735014903204,3.5715649539102716,3.554614658052695,3.6260748967510223,3.7005900860629932,3.6003174352273564,3.723450293349003,3.818113302681181,3.5452322877713303,3.5754802062923687,3.6765900154569358,3.833363419812602,3.6647826224803417,3.65158925640447,3.68274461248114,3.7868877159206438,3.94836432240698,3.4513001396174086,3.4388753191381904,3.468215800103597,3.566292314993228,3.718362517218224,3.56,1.4656144306651522,-4.539669070852762,138.95131086142476,68.38445768820766,63.79857959618555,77.5562138722519,17.647058823529417,60.869565217391354,66.66666666666671,0.27855153203343264,4.046242774566478,37.49999999999999,-0.08366398867101424,0.05020002535785345,3.6054463302968767,3.5468823543047887,3.5480000000000005,3.535,3.52,3.632333333333333,3.7117500000000008,3.783166666666667,0.020000000000000014,0.009999999999999787,0.020000000000000014,0.02631474726885783,3.5275,3.6904723902997065,3.3645276097002927,97.5308641975307,46227192,0.21009857839197565,0.15685332644183567,3.176180797888697,0.964912280701754,0.5342465753424653,50.0,3.46,64.57668653231151,61.50564055017449,3.5275,3.52,3.538,3.58,0,0,1,1,0,0,0,0,0,1.0,0,1.0,1,0,0.0,0,1,0,0,2.0
20190829,5602,000415XSHE20190829,20200210004725,0,186185,3.6,66250488.0,000415.XSHE,3.53,1500,3.55,3.59,354732.90625,618452.125,-1.3888888889,3.6,4.0,3.5553609206992505,3.549898870763747,3.5512773530416664,3.5775213649912003,3.5607824769551355,3.5540378257961076,3.6211668388961176,3.6940426910167767,3.5964468632867894,3.716648321060807,3.8110576894527286,3.5460991445401797,3.5730535199788096,3.67041489275172,3.826366792162908,3.6620217483202278,3.6524821188763847,3.680245125578174,3.780527339534272,3.941157795927796,3.4487000930782727,3.439716170203974,3.4658619143794454,3.560302445969168,3.7115757883980214,3.53,0.11280315848842525,-5.615229182175908,159.31168470719098,64.25630512547173,63.95115477261427,64.86660583118663,32.352941176470644,48.14814814814811,60.86956521739126,0.0,2.6011560693641576,40.776699029126185,-0.07772663145986683,0.04749885768917933,3.6013391947193303,3.5473619921040527,3.5460000000000003,3.5450000000000004,3.5109999999999992,3.62,3.699500000000001,3.7783333333333338,-0.040000000000000036,0.010000000000000231,0.020000000000000014,0.024228607240280583,3.52,3.652649915190323,3.3873500848096763,86.36363636363588,46041007,0.18941618595822887,0.19975738217510225,2.1720088531391744,0.8739495798319329,0.4671052631578944,50.0,3.58,68.38445768820766,63.79857959618555,3.52,3.535,3.5480000000000005,3.6,0,0,1,1,0,0,0,0,0,1.0,0,1.0,1,0,0.0,1,1,0,0,2.0
20190830,5603,000415XSHE20190830,20200210004725,0,183103,3.62,65248556.0,000415.XSHE,3.51,1500,3.52,3.57,354732.90625,618452.125,-0.8450704225,3.55,1.0,3.5435739471328334,3.54242415307281,3.547107039302777,3.5722921499920006,3.5403912384775684,3.5497830975715945,3.614639946064111,3.686475617494308,3.590566335341652,3.7089366221956768,3.803398276572394,3.5413538455328744,3.5680008037903526,3.663077580910172,3.8188021800107377,3.649881165546818,3.6475944608988606,3.675040827904063,3.772969908337477,3.93336624541106,3.437266728718848,3.435113230166888,3.460960779676641,3.5531852534828667,3.704238114610416,3.47,-0.6772009029345254,-6.138339288571286,717.9487179487822,57.50420341698114,61.80217098740323,48.908268276136944,41.17647058823529,48.14814814814818,57.14285714285713,-1.1235955056179785,2.0289855072463716,34.693877551020414,-0.07261362803335134,0.0409040274121239,3.595314069184565,3.5431524548572755,3.544,3.5520000000000005,3.5045,3.606,3.6867500000000013,3.7738333333333336,-0.049999999999999815,0.05000000000000026,0.010000000000000231,0.025034766660570442,3.5109999999999992,3.627528966356008,3.39447103364399,93.68421052631538,45857904,0.08232882620162242,0.13587250607992565,2.137926673128157,0.8842975206611573,0.4901960784313726,33.33333333333333,3.59,64.25630512547173,63.95115477261427,3.5109999999999992,3.5450000000000004,3.5460000000000003,3.55,0,0,1,1,0,0,0,0,0,1.0,0,0.0,1,0,0.0,1,1,0,0,1.0
20190902,5604,000415XSHE20190902,20200210004725,0,442560,3.74,162455200.0,000415.XSHE,3.56,1500,3.69,3.56,354739.65625,618452.125,4.8295454545,3.52,3.0,3.5923826314218883,3.579318114804608,3.566159434062407,3.5829928636290918,3.615195619238784,3.5673102103751453,3.619501885027716,3.686628851516295,3.5982150787769087,3.7081940095605517,3.800414111399436,3.5683804190723523,3.579619774857937,3.664390869646261,3.8156218792697314,3.7001541103645463,3.675431831644522,3.6870083681036747,3.774322595735649,3.9300905356478233,3.4846111524792325,3.4613290065001814,3.472231181612199,3.554459143556873,3.70115322289164,3.58,2.8428093645484918,-1.4265106587594254,-454.48544854485067,66.61896389414903,63.40776862298515,73.04135443647672,11.904761904761958,78.94736842105263,68.18181818181817,4.532577903682724,6.9565217391304275,47.22222222222222,-0.06540759381834638,0.057648273720039674,3.60232784183756,3.5657443848792334,3.588,3.5639999999999996,3.512,3.6,3.68175,3.772,0.1299999999999999,0.05000000000000026,0.0,0.02683158294806105,3.5045,3.6458647763765786,3.3631352236234218,533.3333333333288,46300464,0.29632684859419456,0.18932783739790848,2.4694011442655173,1.0420168067226894,0.6643835616438358,50.0,3.57,57.50420341698114,61.80217098740323,3.5045,3.5520000000000005,3.544,3.52,0,0,1,1,0,0,0,0,0,1.0,0,0.0,1,0,0.0,0,1,0,0,1.0
20190903,5605,000415XSHE20190903,20200210004725,0,257483,3.73,95312720.0,000415.XSHE,3.67,1500,3.71,3.7,354739.65625,618452.125,0.5420054201,3.69,4.0,3.631588420947926,3.611988586103456,3.58533817618742,3.594538966935538,3.6625978096193923,3.5851464340782524,3.6253404730904437,3.6876449884068903,3.6068139188709933,3.70826483271504,3.798034792678398,3.5941294337864704,3.5920369391571816,3.666615705273273,3.8130139316334417,3.7405360735763638,3.701953316800064,3.699798047331897,3.776614176431471,3.927404349582445,3.522640768319488,3.486305550772877,3.4842758309824657,3.5566172341150746,3.698623513684439,3.6,2.656336469286112,-0.7543737627735392,-263.3112582781438,74.71567289912963,67.17707004836664,89.7928786006556,7.1428571428571965,72.41379310344827,62.50000000000002,6.916426512968293,7.5362318840579645,49.074074074074076,-0.05679927521882231,0.06886654879619254,3.610303557257,3.587937556436274,3.614,3.576,3.5245,3.5946666666666665,3.677000000000001,3.7685,0.009999999999999787,0.020000000000000014,0.03000000000000025,0.025106215237514384,3.512,3.6752758402213863,3.3487241597786124,408.10810810810256,46042981,0.5199389575190916,0.4081329030566431,3.018706696071774,1.188679245283019,0.7709923664122139,66.66666666666666,3.56,66.61896389414903,63.40776862298515,3.512,3.5639999999999996,3.588,3.69,0,0,1,1,0,0,0,0,0,1.0,0,0.0,1,0,0.0,0,1,0,0,1.0
20190904,5606,000415XSHE20190904,20200210004725,0,197523,3.75,73576272.0,000415.XSHE,3.68,1500,3.74,3.69,354739.65625,618452.125,0.8086253368999999,3.71,4.0,3.667725613965284,3.643991439577592,3.6059597526957634,3.6077626972141257,3.701298904809696,3.604503129818471,3.632737861923319,3.6899212932587653,3.6170590020347633,3.709509349079156,3.796507561292125,3.6206513549162023,3.6061286592374495,3.670195426967259,3.8112111185066895,3.7777573823842423,3.729270895563689,3.714312519014573,3.780301289776277,3.9255474520618914,3.557693845546326,3.5120318142687164,3.4979447994603263,3.560089564158241,3.69687478495149,3.55,2.6908292147171844,0.17141632740516646,-166.7329357190181,82.16338977589034,72.17250995754122,102.1451494125886,2.9411764705881738,73.33333333333333,63.15789473684214,4.469273743016763,4.7619047619047725,54.36893203883497,-0.04715520470323556,0.07715256412469401,3.6199107011638887,3.6113317785230006,3.642,3.595,3.5394999999999994,3.5896666666666657,3.674,3.7661666666666673,0.05000000000000026,0.009999999999999787,0.009999999999999787,0.02472435186476451,3.5245,3.7078548472225368,3.3411451527774627,317.0212765957432,45845458,0.6849924844137748,0.6024657209664332,2.952403987717158,1.105769230769231,0.6846153846153853,66.66666666666666,3.7,74.71567289912963,67.17707004836664,3.5245,3.576,3.614,3.71,0,0,1,1,0,0,0,0,0,1.0,0,0.0,1,1,0.0,0,1,0,0,2.0
20190905,5607,000415XSHE20190905,20200210004725,0,369796,3.89,141735072.0,000415.XSHE,3.76,1500,3.81,3.76,354739.65625,618452.125,1.8716577540000001,3.74,4.0,3.715150409310189,3.6854935796831936,3.633165119002995,3.626147906558296,3.7556494524048483,3.6301902385911617,3.644174128896008,3.6951421065953407,3.631900617262858,3.713450158919189,3.796862625468648,3.6550783812950756,3.625544977405312,3.677015162237149,3.811181214346032,3.826604921589495,3.764730732733928,3.7343113267274712,3.7873256171042637,3.9255166507764128,3.603695897030883,3.545426029856223,3.516778628083153,3.566704707370034,3.6968457779156494,3.52,3.1402273957769387,2.139295480135104,-180.73330545099682,82.55337096170467,75.63279695892905,96.39451896725592,16.666666666666682,90.62500000000006,71.66666666666669,5.833333333333332,6.128133704735383,63.63636363636363,-0.03614321769816285,0.08809589604058173,3.633991389966564,3.641896120288693,3.694,3.62,3.5575,3.5869999999999997,3.6727500000000006,3.7648333333333337,0.05000000000000026,0.08000000000000007,0.0,0.0264510320971512,3.5394999999999994,3.752467133614555,3.326532866385444,2344.444444444403,46215254,0.8574017595178949,0.7711971219658349,3.1090222401163383,1.3195876288659796,0.9230769230769232,66.66666666666666,3.69,82.16338977589034,72.17250995754122,3.5394999999999994,3.595,3.642,3.74,0,0,1,1,0,0,0,0,0,1.0,0,0.0,1,1,0.0,0,1,0,0,2.0
20190906,5608,000415XSHE20190906,20200210004725,0,197585,3.83,74862984.0,000415.XSHE,3.76,1500,3.79,3.83,354739.65625,618452.125,-0.5249343832,3.81,4.0,3.7401002728734594,3.711620184762396,3.6540764364692615,3.6410435514166326,3.7728247262024235,3.6501664587672655,3.6535822496123953,3.699266362830326,3.6440621082426383,3.716452113471378,3.796682030061577,3.6796095846959695,3.641207360509568,3.682526617737776,3.810658221399216,3.852303281059663,3.7899978722368495,3.750443581324855,3.7930024162699096,3.9249779680411927,3.627897264687256,3.5692212971550914,3.531971139694281,3.572050819205643,3.6963384747572388,3.69,1.120597652081105,1.6739993561540758,-126.06594482167915,80.61697598997365,77.29418996927727,87.26254803136645,20.833333333333357,93.54838709677419,68.85245901639344,6.760563380281696,6.760563380281696,67.74193548387098,-0.025087824308611038,0.08844314711641449,3.6455475833023754,3.6646813325519703,3.748,3.6460000000000004,3.5765000000000007,3.5839999999999987,3.6695,3.7645,-0.040000000000000036,0.0,0.03000000000000025,0.026598281082478633,3.5575,3.7819348457793485,3.3330651542206517,1469.2307692307404,46017669,0.8764221751780223,0.8669119673479586,2.9662199544210184,1.2156862745098038,0.9152542372881356,66.66666666666666,3.76,82.55337096170467,75.63279695892905,3.5575,3.62,3.694,3.81,0,0,1,1,0,0,0,0,0,1.0,0,0.0,1,1,0.0,1,1,0,0,2.0
20190909,5609,000415XSHE20190909,20200210004725,0,197400,3.85,75613096.0,000415.XSHE,3.8,1500,3.84,3.83,354739.65625,618452.125,1.3192612137000002,3.79,4.0,3.7734001819156386,3.7437151385717966,3.6788662449400262,3.6591305012878483,3.8064123631012117,3.673895651421358,3.665609201250305,3.705385216620312,3.659134253762436,3.721297128629363,3.7978219766389034,3.708771478387612,3.66013999284199,3.690208246140812,3.811382709759729,3.886602187373109,3.8200346227392408,3.76994419262725,3.800914493525037,3.9257241910525216,3.6601981764581697,3.597508334035984,3.55033579305673,3.5795019987565877,3.6970412284669374,3.71,1.6410799364743205,3.126007089912977,-129.95981207901684,82.69201908103506,79.09346633986318,89.88912456337877,10.416666666666725,89.4736842105263,74.60317460317462,9.090909090909086,7.865168539325838,70.83333333333334,-0.013729865603775626,0.09086366963868328,3.659951466020717,3.691653435236283,3.778,3.6830000000000003,3.5955000000000004,3.587333333333333,3.66575,3.7646666666666655,0.009999999999999787,0.010000000000000231,0.03000000000000025,0.02588307334952956,3.5765000000000007,3.8216509738916007,3.3313490261084007,794.117647058807,45820269,0.8856061432289839,0.8810141592035031,3.0205134085338763,1.2599999999999991,1.1320754716981127,83.33333333333334,3.83,80.61697598997365,77.29418996927727,3.5765000000000007,3.6460000000000004,3.748,3.79,0,0,1,1,0,0,0,0,0,1.0,0,0.0,1,1,0.0,0,1,0,0,2.0
20190910,5610,000415XSHE20190910,20200210004725,0,191897,3.87,73530040.0,000415.XSHE,3.8,1500,3.85,3.86,354739.65625,618452.125,0.2604166667,3.84,4.0,3.7989334546104265,3.7702863539288467,3.7016840789480225,3.6764822738980443,3.8282061815506063,3.695908694993689,3.6775053818148016,3.711672815897689,3.6738162342422487,3.726344300055663,3.7991950825168272,3.734449391408047,3.67822189828561,3.69800296584126,3.812336223098995,3.9129014582487387,3.846482873150289,3.7885685552341775,3.8089430548164978,3.9267063097919648,3.684965450972113,3.6224159096658055,3.567875241337042,3.587062876866021,3.697966136406025,3.74,1.156069364161851,3.5057533068071787,-113.31249999999977,84.9525741241988,81.04650226797506,92.76471783664628,8.333333333333341,88.8888888888889,82.75862068965516,4.3360433604336075,9.065155807365448,70.83333333333334,-0.002586830483907647,0.08914428095894382,3.674029135204368,3.716014445199932,3.806,3.71,3.615,3.588333333333333,3.6615,3.7655,-0.009999999999999787,0.010000000000000231,0.05000000000000026,0.02323198142469461,3.5955000000000004,3.8559995201531088,3.3350004798468915,420.00000000000017,45628372,0.8477917779475365,0.8666989605882602,2.777366000237226,1.2886597938144329,1.265306122448979,83.33333333333334,3.83,82.69201908103506,79.09346633986318,3.5955000000000004,3.6830000000000003,3.778,3.84,1,0,1,1,0,0,0,0,0,2.0,0,0.0,1,1,0.0,1,1,0,0,2.0
20190911,5611,000415XSHE20190911,20200210004725,0,310499,3.96,121484896.0,000415.XSHE,3.85,1500,3.9,3.86,354739.65625,618452.125,1.2987012987,3.85,4.0,3.8326223030736166,3.8027147654466353,3.728126201754953,3.6968020671800397,3.8641030907753033,3.721420108119477,3.6918598733106207,3.71986095433692,3.6912149854543834,3.73315432750446,3.8018478435032255,3.764549502061129,3.6993436222584086,3.707856479702662,3.814500760800255,3.9476009721658256,3.877485987122963,3.8103239309261614,3.8190921740937416,3.9289357836242624,3.717643633981409,3.6516130169992946,3.5883633135906563,3.596620785311582,3.700065737976247,3.81,1.6154247003647808,4.912035293484678,-123.35498446766412,85.52393830502145,82.5389809469905,91.49385302108328,10.909090909090922,89.99999999999999,80.76923076923075,5.121293800539083,12.391930835734858,75.2577319587629,0.008640975090344206,0.08982244459401482,3.6907677177818217,3.744319915169173,3.838,3.74,3.6375,3.5933333333333337,3.65925,3.766,0.040000000000000036,0.06000000000000005,0.009999999999999787,0.024663605356318542,3.615,3.8918302729110383,3.3381697270889616,911.7647058823453,45938871,0.8435234089479685,0.8456575934477525,2.9544117453246703,1.4777777777777783,1.686746987951805,83.33333333333334,3.86,84.9525741241988,81.04650226797506,3.615,3.71,3.806,3.85,1,0,1,1,0,0,0,0,0,2.0,0,0.0,1,1,0.0,0,1,0,0,2.0
20190912,5612,000415XSHE20190912,20200210004725,0,176868,3.93,68956392.0,000415.XSHE,3.86,1500,3.92,3.9,354739.65625,618452.125,0.5128205128,3.9,4.0,3.8617482020490783,3.832036074084976,3.7537093748542927,3.717092788345491,3.8920515453876514,3.746242594604542,3.706578591161549,3.7285626519744457,3.708813832727123,3.7404816087787953,3.804957110779457,3.792813228959106,3.720358515376656,3.7182049441074105,3.817105680286668,3.9776006481105513,3.90659762582788,3.831969270837956,3.8297510924306333,3.931618850695268,3.7458957559876067,3.6790288320903333,3.608747759915356,3.606658795784188,3.7025925098780688,3.79,1.55440414507771,5.518169582772546,-100.86139389193406,87.0159588700143,84.03130692133178,92.9852627673793,7.272727272727282,86.66666666666664,80.76923076923075,4.812834224598923,9.49720670391061,74.46808510638299,0.019632726810823783,0.0879340137638366,3.70774788683502,3.7713476205277616,3.86,3.7769999999999997,3.661,3.599666666666667,3.65925,3.763833333333333,0.020000000000000014,0.010000000000000231,0.040000000000000036,0.02447748865611734,3.6375,3.926214391743813,3.3487856082561867,214.893617021277,45762003,0.8258613266091283,0.8346923677785484,2.833032407712482,1.5517241379310345,1.7073170731707292,83.33333333333334,3.86,85.52393830502145,82.5389809469905,3.6375,3.74,3.838,3.9,1,0,1,1,0,0,0,0,0,2.0,0,0.0,1,1,0.0,0,1,0,0,2.0
20190913,5613,000415XSHE20190913,20200204232032,0,176868,3.93,68956392.0,000415.XSHE,3.86,1500,3.92,3.9,,,0.0,3.92,4.0,3.881165468032719,3.8540270555637317,3.7758814582070537,3.7355388984959013,3.906025772693826,3.7679622702789737,3.7203477143124157,3.736886014932079,3.7250589225173436,3.7475215456894313,3.807984555232629,3.8159380964210867,3.7393719901026885,3.728048605370464,3.8196462807734166,3.9976004320737006,3.9304162393137205,3.8515531498057696,3.8398900635315782,3.9342356691966187,3.764730503991738,3.7014599535284542,3.627190830399608,3.6162071472093498,3.705056892350214,3.84,0.8749356664951058,5.580693815987929,-76.21067515022948,86.74627143058424,84.9362950910826,90.36622410958749,8.000000000000009,100.0,89.36170212765958,2.8871391076115454,8.888888888888882,74.46808510638299,0.02985557180499172,0.08178275995334347,3.723470265587981,3.7942172173696447,3.886,3.8169999999999997,3.6845,3.6086666666666662,3.65875,3.761333333333333,0.020000000000000014,0.010000000000000231,0.040000000000000036,0.023138202941831627,3.661,3.9536755883226333,3.3683244116773663,244.18604651162903,45762003,0.7569784636033461,0.7914198951062372,2.8058528934986886,1.5168539325842696,1.5454545454545434,66.66666666666666,3.9,87.0159588700143,84.03130692133178,3.661,3.7769999999999997,3.86,3.92,1,0,1,1,0,0,0,0,0,2.0,0,,1,1,,0,1,0,0,0.0
20190916,5614,000415XSHE20190916,20200210004725,0,195736,3.95,76330856.0,000415.XSHE,3.85,1500,3.87,3.92,354739.65625,618452.125,-1.2755102041,3.92,4.0,3.8774436453551466,3.8580202916728,3.7884305971127796,3.7477626349962727,3.888012886346913,3.7807169864941024,3.7300027004858087,3.7426735795002486,3.736208236169856,3.752324622329061,3.809616540621244,3.8257675334354353,3.7518127529500513,3.734973063645076,3.8208895824827147,3.993766954715801,3.940540559438498,3.864367135538553,3.8470222555544282,3.935516269957197,3.7611203359944914,3.710994507432372,3.6392583703615498,3.6229238717357233,3.7062628950082335,3.85,-0.5652620760534491,4.245232194806581,-57.06246910763814,80.44989523943711,83.44082847386744,74.46802877057644,19.99999999999996,61.53846153846164,85.71428571428574,2.110817941952509,9.014084507042265,71.42857142857143,0.038194814847235886,0.06671394433795336,3.734324319988872,3.805876107005084,3.892,3.835,3.699500000000001,3.6196666666666673,3.65875,3.758666666666667,-0.049999999999999815,0.03000000000000025,0.020000000000000014,0.02084413348950919,3.6845,3.982860520176514,3.3861394798234863,143.4782608695665,45957739,0.5682851733029747,0.6626318184531603,2.7709733301575774,1.5222222222222224,1.5222222222222213,66.66666666666666,3.9,86.74627143058424,84.9362950910826,3.6845,3.8169999999999997,3.886,3.92,1,0,1,1,0,0,0,1,0,2.0,0,0.0,1,1,0.0,1,1,0,0,2.0
20190917,5615,000415XSHE20190917,20200210004725,0,188334,3.87,71465944.0,000415.XSHE,3.74,1500,3.77,3.85,354739.65625,618452.125,-2.5839793282,3.87,1.0,3.8416290969034312,3.8360152187546,3.785973184164409,3.7497842136329758,3.8290064431734567,3.77937736318234,3.732583171422208,3.7438616847393686,3.738807602618328,3.753017774394588,3.80857400007858,3.81562798190172,3.7535448717167137,3.7366816946867782,3.819633049581908,3.9568779698105336,3.930096821358772,3.866151217868216,3.848782145527382,3.9342220410693653,3.726380223996328,3.701159142444668,3.6409385255652116,3.6245812438461753,3.70504405809445,3.9,-2.7347781217750224,1.6227289880855875,-7.607796810395366,58.17871803841259,75.02012499538247,24.49590412447279,42.222222222222186,31.818181818181774,59.523809523809526,-1.8229166666666623,7.102272727272728,64.81481481481481,0.04323380047273269,0.0403118850039744,3.7369669629526583,3.8003567059273786,3.8760000000000003,3.841,3.7085,3.63,3.65625,3.755333333333333,-0.08000000000000007,0.020000000000000014,0.029999999999999805,0.022675158677723704,3.699500000000001,3.994950503468856,3.404049496531145,68.42105263157927,45769405,0.21805178094220096,0.39316847712258784,2.7522351438558754,1.2970297029702975,1.2970297029702966,50.0,3.92,80.44989523943711,83.44082847386744,3.699500000000001,3.835,3.892,3.87,0,0,1,1,0,0,0,1,0,1.0,0,0.0,1,1,0.0,1,1,0,0,2.0
20190918,5616,000415XSHE20190918,20200210004725,0,104348,3.8,39389508.0,000415.XSHE,3.74,1500,3.74,3.75,354739.65625,618452.125,-0.7957559681999999,3.77,2.0,3.8077527312689536,3.8120114140659496,3.779843426275822,3.7488947396663423,3.784503221586729,3.7744551927845467,3.733061676491744,3.743693785402874,3.7388993254938416,3.7525072734379368,3.806769421129144,3.8018774397377717,3.7522548839341696,3.7368435632386423,3.8176668014440827,3.9219853132070233,3.915933762929904,3.864822530452195,3.848948870135802,3.9321968054874064,3.693520149330885,3.6878211165456376,3.639687237416144,3.6247382563414834,3.70313679740076,3.92,-2.7055150884495225,0.8793224362086506,15.040800426456876,38.785812025608394,62.942020672124464,-9.526605267423733,48.888888888888815,10.000000000000023,53.488372093023294,-2.8571428571428537,1.3550135501355085,63.063063063063076,0.04536292567779713,0.017033001640515508,3.737191632363573,3.791071058861628,3.844,3.841,3.7179999999999986,3.64,3.6525,3.751500000000001,-0.009999999999999787,0.049999999999999815,0.0,0.022407778998579316,3.7085,3.995037955600999,3.4219620443990015,26.470588235294386,45665057,-0.10625554235206393,0.055898119295068535,1.92098986217109,1.3636363636363649,1.3399999999999996,33.33333333333333,3.85,58.17871803841259,75.02012499538247,3.7085,3.841,3.8760000000000003,3.77,0,0,1,0,0,0,0,0,0,1.0,0,0.0,1,0,0.0,1,1,0,0,1.0
20190919,5617,000415XSHE20190919,20200210004725,0,114180,3.78,42871376.0,000415.XSHE,3.73,1500,3.78,3.78,354739.65625,618452.125,1.0695187166,3.74,2.0,3.798501820845969,3.804008560549462,3.779864302772379,3.751722490605765,3.782251610793364,3.775148293686479,3.73608995542776,3.7452723164723145,3.7420609158404696,3.7535854195776266,3.806064962678376,3.7978997234218133,3.754897275940439,3.7389487552757834,3.816736756963983,3.912456875471349,3.9118367151244673,3.867544194218653,3.851117217934056,3.9312388596729018,3.6845467662205897,3.6839627317191583,3.642250357662226,3.6267802926175086,3.7022346542550633,3.92,-0.9433962264151068,2.002266717038139,21.60825445553037,33.10358482866644,52.99587539097178,-6.68099629594424,45.00000000000005,18.181818181818052,54.54545454545451,-3.07692307692308,1.8867924528301845,60.19417475728156,0.04609137983781733,0.005827633280161615,3.7403626225588638,3.7893678190367615,3.816,3.838,3.7289999999999996,3.651,3.64975,3.7481666666666666,0.0,0.0,0.049999999999999815,0.020318456830516973,3.7179999999999986,3.9962013659204416,3.4397986340795565,27.13178294573643,45779237,-0.2381013126117007,-0.1721784274818823,1.5893688702552968,1.3300000000000018,1.3299999999999987,33.33333333333333,3.75,38.785812025608394,62.942020672124464,3.7179999999999986,3.841,3.844,3.74,0,0,1,0,0,0,0,0,0,1.0,0,0.0,1,0,0.0,0,1,0,0,1.0
20190920,5618,000415XSHE20190920,20200210004725,0,105861,3.79,39875196.0,000415.XSHE,3.75,1500,3.78,3.76,354739.65625,618452.125,0.0,3.78,2.0,3.7923345472306464,3.798006420412096,3.779882395736062,3.754293173277969,3.7811258053966816,3.775754756975669,3.7389228615291947,3.7467822157561272,3.7449793069296646,3.754621285476543,3.8053790426078926,3.7946452282542102,3.75728801156516,3.7409512550184267,3.8158296765451194,3.9061045836475663,3.908484585101837,3.870006651912114,3.8531797926689797,3.930304566841472,3.6785645108137266,3.6808058714065837,3.6445693712182052,3.6287227173678738,3.701354786248765,3.87,-0.2111932418162738,2.079395085066149,22.594417077175862,29.315433364038476,45.10239471532735,-2.258489338539277,62.06896551724142,18.181818181818052,45.9459459459459,-3.5714285714285747,1.069518716577529,59.40594059405942,0.04579868217355172,-0.002341581314124902,3.7432987245915412,3.78792661610803,3.788,3.8370000000000006,3.7415000000000007,3.6633333333333336,3.64725,3.7458333333333336,0.020000000000000014,0.010000000000000231,0.009999999999999787,0.019529692189509583,3.7289999999999996,3.9923837504478965,3.4656162495521032,29.914529914529734,45673376,-0.26729404604881946,-0.2526976793302601,1.4913335971507715,1.3473684210526342,1.4777777777777776,16.666666666666664,3.78,33.10358482866644,52.99587539097178,3.7289999999999996,3.838,3.816,3.78,0,0,1,0,0,0,0,0,0,1.0,0,0.0,1,0,0.0,0,1,0,0,1.0
20190923,5619,000415XSHE20190923,20200210004725,0,202079,3.81,75216072.0,000415.XSHE,3.67,1500,3.78,3.76,354739.65625,618452.125,0.0,3.78,2.0,3.7882230314870977,3.7935048153090714,3.7798980763045873,3.756630157525427,3.7805629026983407,3.7762854123537113,3.7415729994950535,3.748226467244992,3.747673206396613,3.7556165291833454,3.8047111730655803,3.7919824594807183,3.7594510580827634,3.7428560718467967,3.8149449931736337,3.9018697224317114,3.9057419332651393,3.872234589825247,3.855141754002201,3.9293933429688432,3.674576340542485,3.678222985696297,3.646667526340281,3.630570389691393,3.7004966433784245,3.77,0.26525198938992656,2.195306585919756,40.828625235404886,32.18730040361184,40.79736327808885,14.96717465465784,62.06896551724142,23.529411764705713,48.571428571428534,-3.5714285714285747,-0.7874015748031562,61.855670103092784,0.04477690556324833,-0.008174212882427173,3.74601733758476,3.786707136706795,3.77,3.831,3.7569999999999997,3.674,3.64825,3.7415000000000007,0.020000000000000014,0.03000000000000025,0.08999999999999986,0.02193131255987995,3.7415000000000007,3.973801528191272,3.509198471808729,23.52941176470562,45875455,-0.24705694210897905,-0.2571754940788993,1.3119552080770918,1.267326732673271,1.336734693877552,16.666666666666664,3.76,29.315433364038476,45.10239471532735,3.7415000000000007,3.8370000000000006,3.788,3.78,0,0,1,0,0,0,1,0,0,2.0,0,0.0,1,0,0.0,0,1,0,0,1.0
20190924,5620,000415XSHE20190924,20200210004725,0,165372,3.78,62053204.0,000415.XSHE,3.73,1500,3.74,3.76,354739.65625,618452.125,-1.0582010581999999,3.78,2.0,3.7721486876580648,3.780128611481804,3.774578332797309,3.7551183250231164,3.7602814513491705,3.7717497358094967,3.741471515656664,3.747868794756079,3.747082959750721,3.7550041162741943,3.8030082474585916,3.7825311032114968,3.757598576360597,3.7427167512689037,3.813094499515026,3.885313148287808,3.8960070363078416,3.870326533651415,3.854998253806971,3.927487334500477,3.6589842270283235,3.669055170115152,3.644870619069778,3.630435248730837,3.698701664529575,3.74,-0.637619553666313,1.2671937615076647,51.86168531512757,29.791533602407927,37.1287533861952,15.117094034833373,75.86206896551715,36.363636363636324,35.29411764705883,-3.3591731266149845,-1.319261213720312,59.00000000000002,0.04261148734910068,-0.017323345713181143,3.745571608874778,3.779521423367288,3.764,3.82,3.765,3.6833333333333327,3.64625,3.736333333333334,-0.01999999999999957,0.020000000000000014,0.010000000000000231,0.021450029137420046,3.7569999999999997,3.9749449471770335,3.5390550528229663,51.111111111110795,45710083,-0.2746344379586205,-0.26084569003379976,1.3587685552467552,1.1862745098039251,1.1442307692307712,16.666666666666664,3.76,32.18730040361184,40.79736327808885,3.7569999999999997,3.831,3.77,3.78,0,0,0,0,0,0,0,0,0,0.0,0,0.0,1,0,0.0,1,1,0,0,1.0
20190925,5621,000415XSHE20190925,20200210004725,0,107663,3.72,39696052.0,000415.XSHE,3.66,1500,3.68,3.72,354739.65625,618452.125,-1.6042780749,3.74,2.0,3.74143245843871,3.755096458611353,3.7619678884243353,3.7482893863846516,3.720140725674585,3.7602810188333096,3.7375056114207488,3.7449179775927712,3.7419227320775876,3.752062778381089,3.799771188314944,3.7638890844457698,3.7502082357548256,3.7396573975484704,3.809808215576384,3.853675432191872,3.876805756979144,3.8627144828274704,3.851847119474925,3.9241024620436753,3.6291894846855484,3.650972411912397,3.637701988682181,3.627467675622016,3.6955139691090917,3.78,-1.918976545842219,-0.18985625169512424,126.54127481713688,22.159872976317924,32.139126582902776,2.201365763148232,93.33333333333331,28.57142857142844,28.20512820512815,-2.3872679045092804,-4.166666666666658,57.28155339805829,0.03878838637830143,-0.030584807766394013,3.740714452661832,3.764210435156936,3.752,3.798,3.769,3.691,3.6445,3.730833333333334,-0.040000000000000036,0.0,0.020000000000000014,0.020259951099515932,3.765,3.973413051414732,3.556586948585267,28.301886792452716,45602420,-0.3867251691940433,-0.3306798035763319,1.0186304976050038,1.0666666666666695,0.9908256880733955,16.666666666666664,3.76,29.791533602407927,37.1287533861952,3.765,3.82,3.764,3.74,0,0,0,0,0,0,1,0,0,1.0,0,0.0,0,0,0.0,1,0,0,0,0.0
20190926,5622,000415XSHE20190926,20200210004725,0,126248,3.72,46202180.0,000415.XSHE,3.61,1500,3.62,3.68,354739.65625,618452.125,-1.6304347825999999,3.68,2.0,3.7009549722924735,3.721322343958515,3.743038836634424,3.7366267148951375,3.6700703628372926,3.7427458914791463,3.7299246042323135,3.7394867611756943,3.732544060379312,3.7468838458955562,3.7950403675698143,3.7377274327283576,3.737807451397223,3.7338204513265936,3.80512159296956,3.811983621461248,3.849859255710209,3.84994167493914,3.845835064866392,3.9192752407586466,3.5899263231236986,3.6255956097465063,3.625673227855306,3.621805837786796,3.6909679451804727,3.78,-2.6881720430107547,-1.6571583808747608,238.8302193338768,15.753640807741384,26.677297991182318,-6.09367355914047,97.14285714285707,0.0,14.999999999999938,-3.208556149732623,-5.974025974025973,57.281553398058264,0.033081023704643935,-0.04565890138926007,3.731772641353548,3.742024214363562,3.72,3.7680000000000002,3.7725,3.6966666666666663,3.641750000000001,3.7238333333333338,-0.06000000000000005,0.040000000000000036,0.010000000000000231,0.02151291084695081,3.769,3.9645377201462666,3.5734622798537323,26.984126984127123,45728668,-0.5555227400786067,-0.471123954636325,1.0894102505210148,1.1153846153846179,1.0183486238532111,16.666666666666664,3.72,22.159872976317924,32.139126582902776,3.769,3.798,3.752,3.68,0,0,0,0,0,0,1,0,0,1.0,1,0.0,0,0,0.0,1,0,1,0,1.0
20190927,5623,000415XSHE20190927,20200210004725,0,77286,3.65,28042704.0,000415.XSHE,3.61,1500,3.63,3.62,354739.65625,618452.125,0.2762430939,3.62,2.0,3.677303314861649,3.6984917579688856,3.7279669917498337,3.7269333771773976,3.6500351814186462,3.728652655044253,3.7234778555721646,3.734726467211533,3.7246560557347497,3.7423001656643575,3.790697200002188,3.7181406267777466,3.7275400750736787,3.72875603906676,3.8007976030196935,3.7876224143074984,3.8296848455810792,3.839366277325888,3.8406187202387625,3.914821531110285,3.566984215415799,3.6065964079744135,3.615713872821468,3.6168933578947566,3.6867736749291034,3.78,-1.6260162601626031,-1.219113965385882,617.8137651822002,13.06652976926349,22.140375250542707,-5.081161193294953,94.28571428571428,5.882352941176362,12.8205128205127,-3.9682539682539666,-6.9230769230769225,52.68817204301075,0.026575977497091053,-0.052040369660423004,3.72423392717921,3.72478971984609,3.69,3.739,3.778,3.7026666666666666,3.64125,3.717166666666667,0.009999999999999787,0.020000000000000014,0.010000000000000231,0.02082912493589217,3.7725,3.9440342531391326,3.600965746860868,21.212121212121293,45651382,-0.6269478441828582,-0.5912352921307324,0.8425694148229609,1.1584158415841608,1.0566037735849056,16.666666666666664,3.68,15.753640807741384,26.677297991182318,3.7725,3.7680000000000002,3.72,3.62,0,0,0,0,0,0,1,0,0,1.0,1,0.0,0,0,1.0,0,0,1,0,1.0
20190930,5624,000415XSHE20190930,20200210004725,0,95907,3.64,34607232.0,000415.XSHE,3.57,1500,3.58,3.63,354739.65625,618452.125,-1.3774104683000001,3.63,2.0,3.644868876574433,3.668868818476665,3.7082380595165225,3.7135757974339967,3.615017590709323,3.710071073163721,3.714221219728799,3.7279992295066835,3.713528666832077,3.7359354532853635,3.7851525368442354,3.693024149181793,3.7134886393523754,3.721499646917161,3.7953458103525413,3.754214942871666,3.803814873657247,3.824893298532946,3.833144636324677,3.909206184663117,3.5355228102772003,3.5822334247063385,3.602083980171804,3.6098546575096466,3.6814854360419647,3.74,-1.9178082191780776,-2.4257290814936177,-1319.4771241829626,10.099908735064576,18.12688641205,-5.954046618906264,97.43589743589735,4.545454545454462,11.36363636363626,-5.291005291005284,-8.6734693877551,48.95833333333333,0.019053671149265563,-0.06017845078260393,3.7135499325733434,3.7025143783313066,3.65,3.71,3.7725,3.703,3.64225,3.712000000000001,-0.049999999999999815,0.010000000000000231,0.010000000000000231,0.020200452870296638,3.778,3.9666663722023614,3.589333627797638,15.789473684210652,45747289,-0.6989023640118419,-0.6629251040973501,0.5949699144228201,1.1057692307692328,1.027777777777778,16.666666666666664,3.62,13.06652976926349,22.140375250542707,3.778,3.739,3.69,3.63,0,0,0,0,0,0,1,0,0,1.0,1,0.0,0,0,1.0,1,0,1,0,2.0
20191001,5625,000415XSHE20191001,20200204232032,0,95907,3.64,34607232.0,000415.XSHE,3.57,1500,3.58,3.63,,,0.0,3.58,2.0,3.623245917716288,3.6466516138574985,3.6911396515809862,3.701432543121816,3.5975087953546616,3.693812189018256,3.705561786197909,3.7215644803976984,3.703257230921917,3.7298203374702505,3.7797537858746497,3.6724743038760126,3.7007754356045295,3.714597225116324,3.7900286298500094,3.7319432952477767,3.7826485329922934,3.8117986986726655,3.8260351418698137,3.9037294887455096,3.5145485401848,3.5623000747597318,3.589752172536393,3.6031593083628337,3.676327770954509,3.68,-1.050304035378657,-2.2712382616291933,-282.92369477911376,8.122161378931972,14.791978067677322,-5.217471998558724,97.36842105263152,5.555555555555445,12.8205128205127,-5.291005291005284,-8.6734693877551,51.64835164835166,0.011244670411185416,-0.062472005904641165,3.703657344975317,3.6836660124341822,3.6180000000000003,3.6910000000000003,3.766,3.7026666666666666,3.64525,3.706666666666667,-0.049999999999999815,0.010000000000000231,0.010000000000000231,0.018707484270797516,3.7725,3.977575595817737,3.5674244041822627,26.126126126126138,45747289,-0.7029863945044323,-0.7009443792581371,0.3891554233880724,1.0660377358490591,1.2577319587628857,16.666666666666664,3.63,10.099908735064576,18.12688641205,3.7725,3.71,3.65,3.58,0,0,0,0,0,0,1,0,0,1.0,1,,0,0,,1,0,0,0,0.0
20191008,5626,000415XSHE20191008,20200210004725,0,124759,3.6,44542652.0,000415.XSHE,3.54,1500,3.57,3.58,354739.65625,618452.125,-0.2793296089,3.58,2.0,3.605497278477525,3.6274887103931235,3.6749876980368548,3.6894841301107415,3.583754397677331,3.6783356653909736,3.696815864507721,3.714974720380406,3.6930066746971537,3.7235528732557306,3.7742339494042647,3.653842612262193,3.6883206322136224,3.7075437019399176,3.784595824174701,3.713662196831851,3.7634578906300575,3.798970251180031,3.8187700129981152,3.8981336988999415,3.4973323601232,3.544227333894326,3.5776710132472136,3.5963173908817203,3.6710579494494593,3.62,-0.7230255839822093,-2.3736600306278888,-168.8111361926256,9.118477956324996,12.900811363893213,1.5538111411885611,92.68292682926834,7.692307692307534,16.66666666666652,-4.5454545454545565,-7.751937984496131,52.80898876404493,0.0034801628679648976,-0.06211606034576416,3.693756800903072,3.6661789335981534,3.596,3.674,3.7575,3.703333333333333,3.6485,3.7018333333333335,-0.010000000000000231,0.020000000000000014,0.029999999999999805,0.018783878464838772,3.766,3.988069808843975,3.543930191156024,44.32989690721627,45872048,-0.6643818845171446,-0.6836841395107884,0.4150754296996701,0.9000000000000021,1.0899999999999996,16.666666666666664,3.63,8.122161378931972,14.791978067677322,3.766,3.6910000000000003,3.6180000000000003,3.58,0,1,0,0,0,0,1,0,1,3.0,1,1.0,0,0,1.0,1,0,1,0,3.0
20191009,5627,000415XSHE20191009,20200210004725,0,101414,3.58,36052392.0,000415.XSHE,3.52,1500,3.58,3.56,354739.65625,618452.125,0.2801120448,3.57,2.0,3.5969981856516835,3.6156165327948435,3.6623226716319413,3.6795310273734008,3.581877198838665,3.666043707217102,3.6892793571201263,3.7091062542769104,3.684313853566603,3.717923348814329,3.7691225296831,3.6404166827599753,3.6780043815266112,3.701322057942848,3.779544075429647,3.7049081312212335,3.7496291832427744,3.78834451297241,3.8123617196811335,3.892930397692536,3.4890882400821335,3.5312041822771763,3.567664250080812,3.5902823962045627,3.6661577531667566,3.63,-0.22296544035673252,-1.9339286692598772,-112.37976610615179,12.975537028354598,12.925719918713677,13.075171247636447,86.046511627907,25.0,21.42857142857134,-2.7173913043478284,-5.039787798408487,42.46575342465753,-0.003697816722634544,-0.057423836724795535,3.6853303712065473,3.652920636121515,3.588,3.654,3.746,3.704,3.65175,3.697166666666667,0.020000000000000014,0.0,0.040000000000000036,0.019137104795718743,3.7575,3.991029441398723,3.523970558601276,37.931034482758214,45770634,-0.570830557535434,-0.6176062210262894,0.6197808260400732,0.8750000000000023,1.0388349514563109,33.33333333333333,3.58,9.118477956324996,12.900811363893213,3.7575,3.674,3.596,3.57,0,1,0,0,0,0,1,0,1,3.0,0,1.0,0,0,1.0,0,0,1,0,2.0
20191010,5628,000415XSHE20191010,20200210004725,0,184344,3.67,67061252.0,000415.XSHE,3.57,1500,3.66,3.58,354739.65625,618452.125,2.2346368715000002,3.58,3.0,3.617998790434456,3.626712399596133,3.662012982081016,3.677755479430365,3.6209385994193326,3.6652882438149637,3.6873903663381817,3.7069711997431316,3.682443557138403,3.7156518449392575,3.766250884165123,3.643977285894525,3.676289678524076,3.6993063477992942,3.776592369863483,3.7265387541474895,3.7532966044713607,3.786578368879799,3.810285538233273,3.889890140959388,3.509458826721422,3.534657967317689,3.5660009881683536,3.5883271573653155,3.663294598767578,3.58,1.8363939899833133,0.3784762218199473,-32.804614275414465,26.59907596762105,17.483505268349468,44.830217366164206,59.99999999999998,60.000000000000064,31.250000000000046,1.104972375690609,-2.1390374331550817,46.83544303797469,-0.008847109055622016,-0.04119433866389978,3.683454047413469,3.6540097690258975,3.594,3.642,3.7395,3.708333333333333,3.658,3.6928333333333336,0.08000000000000007,0.009999999999999787,0.010000000000000231,0.02081114417467616,3.746,3.981497346057232,3.5105026539427673,99.99999999999926,45954978,-0.3212060130583121,-0.44601828529687293,0.9419467854157988,0.9906542056074784,1.1958762886597938,50.0,3.56,12.975537028354598,12.925719918713677,3.746,3.654,3.588,3.58,0,0,0,0,0,0,1,0,0,1.0,0,1.0,0,0,1.0,0,0,1,0,2.0
20191011,5629,000415XSHE20191011,20200210004725,0,171866,3.73,63254048.0,000415.XSHE,3.63,1500,3.7,3.66,354739.65625,618452.125,1.0928961749,3.66,4.0,3.645332526956304,3.6450342996970986,3.6670779178035455,3.67977770857306,3.6604692997096655,3.6696272133380936,3.6882038910905566,3.7066681041021257,3.6837940527431416,3.7150380470985023,3.764507439844989,3.6541632339137022,3.678547804378927,3.699340184492012,3.7747012002372236,3.754692502764993,3.7637881309311134,3.788904238510295,3.810320390026772,3.8879422362443408,3.5359725511476143,3.5445383368962906,3.5681913702475585,3.588359978957252,3.6614601642301072,3.58,2.2664455500276475,1.4977780216162644,10.247180225581868,46.30414588317596,27.090385473291636,84.73166670294461,37.93103448275858,92.85714285714272,38.888888888888935,1.9283746556473909,-2.1164021164021065,47.49999999999999,-0.011796584115543842,-0.023595800479374613,3.684679673530991,3.66108518917576,3.6180000000000003,3.634,3.7325,3.716,3.6639999999999997,3.688,0.040000000000000036,0.029999999999999805,0.03000000000000025,0.01981014317367516,3.7395,3.9709195324513455,3.5080804675486528,199.99999999999758,45783112,-0.03326895449701338,-0.17723748377766274,1.1774016003218524,1.0384615384615397,1.2083333333333328,50.0,3.58,26.59907596762105,17.483505268349468,3.7395,3.642,3.594,3.66,0,0,0,1,0,0,1,0,0,1.0,0,1.0,0,0,1.0,0,0,1,0,2.0
20191014,5630,000415XSHE20191014,20200210004725,0,691007,4.06,272064160.0,000415.XSHE,3.73,1500,3.95,3.74,354739.65625,618452.125,6.7567567568,3.7,4.0,3.7468883513042015,3.721275724772824,3.704800862096407,3.704343371430055,3.8052346498548335,3.704673811670832,3.705093962633102,3.71724775174986,3.7042714333013618,3.7242522413299337,3.7693888230069614,3.7079517368384827,3.704400394438077,3.711567492565573,3.779029565663466,3.859295001843329,3.8191902889436378,3.8155324062712186,3.82291451734254,3.892400452633369,3.634481700765076,3.5967131847333285,3.593268382604933,3.600220467788605,3.6656586786935614,3.57,6.9880823401950165,8.278508771929813,202.4525198145663,57.412640465327215,37.19780380397015,97.84231378804131,20.37037037037028,97.43589743589735,63.934426229508226,10.33519553072626,4.4973544973545065,57.14285714285715,-0.009197149179826251,0.020795479485740728,3.704333031047214,3.7055336216102583,3.6919999999999997,3.655,3.7375,3.728333333333333,3.676250000000001,3.686833333333333,0.21,0.10999999999999943,0.010000000000000231,0.026827675157700064,3.7325,3.977765162630163,3.487234837369838,862.9629629629454,46474119,0.6045210533460649,0.2856260494245258,1.9948090118683088,1.1619047619047622,1.3402061855670084,66.66666666666666,3.66,46.30414588317596,27.090385473291636,3.7325,3.634,3.6180000000000003,3.7,0,0,0,1,0,0,0,0,0,0.0,0,0.0,0,0,1.0,0,1,1,0,1.0
20191015,5631,000415XSHE20191015,20200210004725,0,328178,3.96,128578128.0,000415.XSHE,3.88,1500,3.93,3.91,354739.65625,618452.125,-0.5063291139,3.95,4.0,3.8079255675361345,3.7734567935796175,3.7348274138168858,3.724857610390959,3.8676173249274166,3.732839585211978,3.7196040295599984,3.726497849499866,3.7216351692012566,3.732320780885623,3.773615432927832,3.748324148322395,3.72588607115826,3.722222736830667,3.7827572307088118,3.9221633345622187,3.860773872772067,3.837662653293008,3.8338894189355868,3.8962399476300766,3.6936878005100513,3.635874423872723,3.614109489023512,3.610556054725747,3.669274513787548,3.58,4.410201912858659,7.624055208675648,270.486529955771,63.583735618860146,45.993114408933494,98.76497803871344,24.074074074073987,95.0,66.10169491525423,9.776536312849164,3.9682539682539777,57.14285714285715,-0.003554157789500833,0.04514393112260335,3.7210491028214943,3.740066910593295,3.764,3.6800000000000006,3.7390000000000008,3.739333333333333,3.68825,3.685833333333333,0.020000000000000014,0.029999999999999805,0.03000000000000025,0.027232863784760572,3.7375,3.987051597871061,3.4879484021289384,1065.2173913043184,46145941,1.0130698922268442,0.8087954727864546,2.170960360742942,1.1809523809523812,1.245098039215684,66.66666666666666,3.74,57.412640465327215,37.19780380397015,3.7375,3.655,3.6919999999999997,3.95,0,0,1,1,0,0,0,0,0,1.0,0,1.0,1,0,0.0,0,1,0,0,2.0
20191016,5632,000415XSHE20191016,20200210004725,0,247872,4.03,97491248.0,000415.XSHE,3.87,1500,3.87,3.94,354739.65625,618452.125,-1.5267175572999998,3.93,4.0,3.8286170450240897,3.797592595184714,3.7528504253079684,3.738052373082689,3.868808662463709,3.7499846370604812,3.7293069953948375,3.732737073434655,3.7330478484934684,3.7377199659489317,3.776151868903415,3.770447030445596,3.7396112072384255,3.729431383814537,3.7849113731604462,3.9434755563748127,3.883560441358964,3.8517995434555785,3.8413143253289728,3.89845871435526,3.7137585336733667,3.657333619532228,3.6274228710212726,3.6175484423001008,3.671364031965633,3.66,1.2558869701726856,5.899737302977214,383.7223219628987,63.99409535084506,51.993441389570684,87.99540327339382,35.18518518518512,82.2222222222222,66.10169491525423,8.403361344537823,3.4759358288770024,51.51515151515152,0.002751496577073561,0.050445234932595145,3.7320825026124944,3.7600566166558655,3.822,3.705,3.7365000000000013,3.75,3.69875,3.685000000000001,-0.06999999999999984,0.0900000000000003,0.0,0.028328556676676,3.7390000000000008,3.9821686657445823,3.4958313342554197,1131.9999999999825,45898069,1.051625843771467,1.0323478679991556,1.946619052152173,1.144144144144145,1.2666666666666642,66.66666666666666,3.91,63.583735618860146,45.993114408933494,3.7390000000000008,3.6800000000000006,3.764,3.93,0,0,1,1,0,0,0,0,0,1.0,0,1.0,1,0,0.0,1,1,0,0,2.0
20191017,5633,000415XSHE20191017,20200210004725,0,167169,3.95,65067164.0,000415.XSHE,3.85,1500,3.88,3.92,354739.65625,618452.125,0.2583979328,3.87,4.0,3.8457446966827273,3.818194446388535,3.769803701933572,3.7509567028024446,3.8744043312318532,3.76623655742792,3.7390291247242033,3.739139809372279,3.744351860147817,3.7432995751274047,3.778884714458588,3.7903657521827596,3.752981568453814,3.7367761943601696,3.7872592404898184,3.9611170375832088,3.904076724748243,3.865571015507428,3.848879480190975,3.900877017704513,3.7303723557822455,3.6766547796172766,3.6403921214002,3.624672908529365,3.673641463275124,3.7,0.3621314019658623,6.039901612462411,577.4469258340281,64.88495245611894,56.29061174508678,82.0736338781833,33.3333333333333,78.94736842105263,74.07407407407405,8.379888268156419,5.434782608695644,51.5151515151515,0.009295215380024346,0.05234975042360628,3.743039354270828,3.778509444862656,3.866,3.73,3.7345000000000006,3.762000000000001,3.7095,3.6839999999999997,-0.040000000000000036,0.03000000000000025,0.029999999999999805,0.02980394788964922,3.7365000000000013,3.9741951829549778,3.498804817045024,503.92156862744713,45730900,0.945677082208388,0.9986514629899276,1.8115909085610509,0.991525423728814,1.155963302752292,66.66666666666666,3.94,63.99409535084506,51.993441389570684,3.7365000000000013,3.705,3.822,3.87,0,0,1,1,0,0,0,0,0,1.0,0,1.0,1,0,0.0,1,1,0,0,2.0
20191018,5634,000415XSHE20191018,20200210004725,0,273435,3.9,103886344.0,000415.XSHE,3.74,1500,3.77,3.87,354739.65625,618452.125,-2.8350515464,3.88,1.0,3.820496464455152,3.806145834791401,3.769829875009096,3.7526879116385863,3.822202165615927,3.7667069877494304,3.741027245709738,3.740481556790875,3.7463247939826,3.7443466506126053,3.778650906183362,3.7866628881495306,3.754602371458213,3.738396867806015,3.78683308640365,3.9351113583888058,3.9002627747940166,3.8672404426019593,3.8505487738401953,3.90043807899576,3.705881570521497,3.673063001505045,3.6419643003144655,3.6262449617718335,3.6732280938115407,3.95,-2.8350515463917496,2.9042471885576857,587.9003558719004,58.68873373617807,57.089985742117186,61.886229724299824,53.703703703703674,57.77777777777776,60.93750000000002,3.005464480874313,4.1436464088397775,43.80952380952381,0.01386894437592237,0.03658983196718418,3.7450364391396564,3.7772002994991705,3.88,3.749000000000001,3.7295,3.7646666666666673,3.7145,3.6823333333333337,-0.10000000000000007,0.029999999999999805,0.029999999999999805,0.0320926724573181,3.7345000000000006,3.9646716750601607,3.5043283249398405,210.28037383177497,46004335,0.5981598574020763,0.7719184698052322,1.5462877929334788,0.9677419354838716,1.067796610169491,50.0,3.92,64.88495245611894,56.29061174508678,3.7345000000000006,3.73,3.866,3.88,0,0,1,1,0,0,0,0,0,1.0,0,1.0,1,0,0.0,1,1,0,0,2.0
20191021,5635,000415XSHE20191021,20200210004725,0,156383,3.76,58087188.0,000415.XSHE,3.68,1500,3.72,3.75,354739.65625,618452.125,-1.3262599469,3.77,2.0,3.786997642970101,3.7846093760935515,3.763185891674549,3.7497162833078064,3.7711010828079643,3.760868614280752,3.7396706492123366,3.7395910543217066,3.7442998098300917,3.7433918800003463,3.7771074612838,3.7745423630314336,3.751306907509812,3.737499459620356,3.785182886739362,3.900607572259205,3.8877786339223768,3.8638461147351055,3.8496244434089664,3.898738373341544,3.6733877136809983,3.6613060921404905,3.6387677002845167,3.6253744758317454,3.6716274001371816,3.93,-2.973395931142396,1.3955516790231053,-114.28571428569691,51.47150150313107,55.21715766245515,43.980189184482924,62.9629629629629,3.999999999999922,60.93750000000002,0.540540540540541,2.4793388429752152,40.740740740740755,0.016138828566758013,0.01815907352668513,3.743181888092274,3.768400253422375,3.834,3.763,3.727,3.765,3.71775,3.6798333333333337,-0.029999999999999805,0.009999999999999787,0.040000000000000036,0.03228790282915685,3.7295,3.958942803330154,3.500057196669845,37.278106508875695,45847952,0.20136917505985666,0.3997645162309665,1.2715415108245682,0.9296875000000008,0.9296874999999994,33.33333333333333,3.87,58.68873373617807,57.089985742117186,3.7295,3.749000000000001,3.88,3.77,0,0,1,1,0,0,0,0,0,1.0,0,1.0,1,0,0.0,1,1,0,0,2.0
20191022,5636,000415XSHE20191022,20200210004725,0,146337,3.75,54337100.0,000415.XSHE,3.68,1500,3.72,3.72,354739.65625,618452.125,0.0,3.72,2.0,3.7646650953134007,3.768457032070164,3.7574277727846086,3.7470148030070964,3.7455505414039822,3.755760037495657,3.738401575069605,3.7387392693511967,3.742430593689316,3.7424745513728817,3.7756046333552784,3.764625569752991,3.7483252972707817,3.736645827443753,3.7835734327457984,3.8776050481728026,3.8775643368455808,3.860775056188906,3.8487452022670654,3.897080635728172,3.651725142453999,3.6516868026604015,3.635875538352658,3.62454645262044,3.6700662297634237,3.87,-1.8987341772151916,1.2410189418680562,69.00800985828205,44.51841596807382,51.65091043099471,30.25342704223202,62.9629629629629,4.347826086956438,60.93750000000002,-5.822784810126581,3.910614525139669,40.740740740740755,0.01680893273172893,0.005360833319767375,3.7414647111965493,3.7609540605881633,3.792,3.778,3.7260000000000004,3.764333333333333,3.722,3.677000000000001,0.0,0.029999999999999805,0.040000000000000036,0.03248895099035681,3.727,3.9563817778290153,3.4976182221709835,35.714285714285886,45701615,-0.07839959466083869,0.061484790199508976,1.3611893806366682,0.9603174603174608,0.9296874999999992,16.666666666666664,3.75,51.47150150313107,55.21715766245515,3.727,3.763,3.834,3.72,0,0,1,1,0,0,0,0,0,1.0,0,1.0,0,0,1.0,0,0,0,0,2.0
20191023,5637,000415XSHE20191023,20200210004725,0,186207,3.71,68362856.0,000415.XSHE,3.62,1500,3.64,3.7,354739.65625,618452.125,-2.1505376344,3.72,2.0,3.723110063542267,3.736342774052623,3.741770736413328,3.737286184551906,3.692775270701991,3.7412900328087,3.7320530863554366,3.734446257640276,3.734551317251676,3.738455941515121,3.7720360903722447,3.741966375252448,3.7380086022926116,3.7319313968367407,3.7800284097150367,3.834803365448536,3.854225366510022,3.8501488603613914,3.843889338741843,3.8934292620064883,3.6114167616359985,3.629707383994874,3.6258683442238335,3.6199734549316394,3.6666275574235856,3.88,-2.8296849973304825,-1.0385514653906864,312.84916201117187,31.194095493867394,44.831972118618935,3.918342244364311,77.77777777777774,3.999999999999922,54.92957746478875,-7.3791348600508915,1.6759776536312865,39.639639639639626,0.015126533567608498,-0.013459193312963491,3.733948806663472,3.7423457435745986,3.7460000000000004,3.784,3.719,3.758666666666666,3.7239999999999998,3.6728333333333336,-0.06000000000000005,0.009999999999999787,0.020000000000000014,0.033285500809252994,3.7260000000000004,3.9569025768587274,3.495097423141273,8.108108108108041,45887822,-0.3652419159414583,-0.22182075530114848,1.26117632029787,0.8421052631578948,0.7753623188405788,16.666666666666664,3.72,44.51841596807382,51.65091043099471,3.7260000000000004,3.778,3.792,3.72,0,0,1,0,0,0,0,0,0,1.0,0,1.0,1,0,1.0,1,0,0,0,3.0
20191024,5638,000415XSHE20191024,20200210004725,0,119502,3.7,43850960.0,000415.XSHE,3.62,1500,3.67,3.64,354739.65625,618452.125,0.8241758242,3.64,2.0,3.7054067090281775,3.7197570805394666,3.732201304891552,3.7311692586835514,3.6813876353509953,3.7323787787076133,3.72804966142928,3.731644246438525,3.7295858313092403,3.7357713947890376,3.7693509300992902,3.7288815797520023,3.731531592550459,3.728910353088607,3.777311658857875,3.816568910299024,3.840748027144563,3.843477540326973,3.8407776636812656,3.890631008623612,3.594244507757333,3.6170151323594415,3.6195856447739447,3.6170430424959488,3.6639923090921385,3.77,-0.9179265658747486,-0.3637943204647961,205.840886203421,24.583942450457037,38.082628895898296,-2.4134304404254863,72.2222222222222,11.111111111111057,56.16438356164382,-5.167958656330754,2.801120448179274,45.19230769230768,0.012501981085441548,-0.0209964198573356,3.7292118580217335,3.7312156291785072,3.7040000000000006,3.785,3.7135000000000007,3.7546666666666666,3.727500000000001,3.6693333333333333,0.029999999999999805,0.03000000000000025,0.020000000000000014,0.0327330968843561,3.719,3.949067381434223,3.4889326185657783,10.3448275862069,45768320,-0.4803557523835005,-0.4227988341624794,1.5118885526579726,0.8778625954198472,0.8088235294117636,33.33333333333333,3.7,31.194095493867394,44.831972118618935,3.719,3.784,3.7460000000000004,3.64,0,0,0,0,0,0,0,0,0,0.0,0,1.0,0,0,1.0,0,0,0,0,2.0
20191025,5639,000415XSHE20191025,20200210004725,0,145871,3.69,53337420.0,000415.XSHE,3.61,1500,3.69,3.68,354739.65625,618452.125,0.5449591281,3.67,2.0,3.700271139352119,3.7123178104046,3.726574464239345,3.727426598803228,3.6856938176754976,3.727081431369162,3.7255948445628735,3.7298336270281536,3.7265407673623754,3.7339764381306435,3.7672627477282568,3.721812201615275,3.727576202783748,3.727012287084285,3.775155815429285,3.8112792735326813,3.833466567663733,3.839403488867261,3.838822655696813,3.888410489892163,3.5892630051715555,3.6101578355668167,3.615748916700236,3.6152019184717568,3.6619011409664064,3.72,0.05422993492407212,0.05422993492407212,177.45277269957268,22.73850131617771,32.96791970265811,2.27966454321691,68.51851851851849,27.777777777777718,52.238805970149244,-4.896907216494844,3.0726256983240186,47.57281553398057,0.009715082309352323,-0.022295190208713768,3.7263072759460494,3.724874763151045,3.688,3.784,3.709000000000001,3.7496666666666663,3.733,3.6685,0.009999999999999787,0.0,0.07000000000000027,0.032198415861870194,3.7135000000000007,3.9417016651998846,3.4852983348001167,17.647058823529452,45914191,-0.4540307826859522,-0.4671932675347264,1.552149022694002,0.8432835820895517,0.8161764705882341,33.33333333333333,3.64,24.583942450457037,38.082628895898296,3.7135000000000007,3.785,3.7040000000000006,3.67,0,0,0,0,0,0,1,0,0,1.0,0,1.0,0,0,1.0,0,0,1,0,2.0
20191028,5640,000415XSHE20191028,20200210004725,0,265209,3.85,99694640.0,000415.XSHE,3.71,1500,3.76,3.76,354739.65625,618452.125,1.8970189702000002,3.69,3.0,3.7201807595680787,3.72423835780345,3.7310312023407657,3.730387817093844,3.7228469088377487,3.7311962524480164,3.7278145320104312,3.7311452084617125,3.729114554488346,3.7349969699686585,3.767071622788039,3.7287554376852254,3.73066418347101,3.7286214438118814,3.7747815977643637,3.831786182355122,3.8406181008157834,3.842584108975141,3.8404800871262377,3.888025045697295,3.608575336781037,3.616892774554669,3.61874425796688,3.616762800497524,3.661538149831433,3.72,1.7316017316017212,1.7866811044937692,-35.03444397581885,27.063762782213693,30.999867395843307,19.19155355495447,55.55555555555557,59.99999999999991,54.285714285714256,-0.26525198938992656,2.73224043715846,49.0566037735849,0.008067188339444323,-0.013183151759264015,3.7288030332833793,3.730278645743191,3.696,3.765,3.71,3.746666666666667,3.7375,3.6674999999999986,0.0,0.0900000000000003,0.049999999999999815,0.027567389737442532,3.709000000000001,3.937910462845192,3.4800895371548086,148.64864864864916,46179400,-0.2575019664692607,-0.3557663745776064,1.3439073315120238,0.9015151515151508,0.976377952755904,50.0,3.68,22.73850131617771,32.96791970265811,3.709000000000001,3.784,3.688,3.69,0,0,0,0,0,0,1,0,0,1.0,0,0.0,0,0,1.0,0,1,0,0,1.0
20191029,5641,000415XSHE20191029,20200210004725,0,189161,3.74,69904520.0,000415.XSHE,3.66,1500,3.68,3.72,354739.65625,618452.125,-2.1276595745,3.76,1.0,3.7067871730453854,3.713178768352587,3.724227042028664,3.725807106448949,3.7014234544188738,3.724796720892014,3.724729723493629,3.7289215037459855,3.725336511835396,3.73284022604832,3.7647802642936163,3.719890812651548,3.7258390231404377,3.7262496660649607,3.772441311399812,3.817990788236748,3.8314875370310943,3.8376141938346513,3.8380371560469095,3.885614550741807,3.5955835578540247,3.6082940882720016,3.614063852446225,3.614462176083012,3.6592680720578183,3.64,-0.21691973969631254,-0.5028929865354266,100.55055055055037,24.905253619515033,28.968329470400548,16.779101917743994,77.55102040816318,42.85714285714283,24.5283018867924,-1.075268817204302,-0.540540540540541,45.614035087719316,0.00592484581037579,-0.01713874023254826,3.7251879937809065,3.722543469475008,3.688,3.74,3.7100000000000013,3.7393333333333336,3.739500000000001,3.666333333333333,-0.040000000000000036,0.020000000000000014,0.020000000000000014,0.02770567937125157,3.71,3.938910462845192,3.481089537154808,84.31372549019656,45990239,-0.21304313509951986,-0.2352725507843903,1.0451129032258064,0.9370078740157473,0.9838709677419344,50.0,3.76,27.063762782213693,30.999867395843307,3.71,3.765,3.696,3.76,0,0,0,0,0,0,1,0,0,1.0,0,1.0,1,0,0.0,1,1,0,0,2.0
20191030,5642,000415XSHE20191030,20200210004725,0,179791,3.66,64772552.0,000415.XSHE,3.58,1500,3.58,3.66,354739.65625,618452.125,-2.7173913043,3.68,2.0,3.6645247820302576,3.679884076264441,3.704996769758176,3.712551914953589,3.6407117272094367,3.7066971307805114,3.715392321977911,3.7224466557570297,3.7141567801557502,3.726846491693484,3.759917625759575,3.694456119442176,3.7119495923651575,3.7191155360130113,3.7676896740812986,3.7744605254911647,3.805289803025441,3.823308080136112,3.8306890020934024,3.8807203643037385,3.5545890385693504,3.58362243585891,3.6005911045942027,3.6075420699326206,3.65465898385886,3.67,-2.6115342763873683,-3.2746136388198304,270.81829121540267,16.60350241301002,24.84672045127037,0.11706633648932295,100.0,39.999999999999964,21.31147540983601,-3.7634408602150566,-9.367088607594939,41.935483870967744,0.0019759521213963275,-0.0315911495118357,3.714433327574913,3.700613704940392,3.676,3.7110000000000003,3.7080000000000006,3.7280000000000006,3.740250000000001,3.6638333333333337,-0.08000000000000007,0.0,0.0,0.025805949317695358,3.7100000000000013,3.942688633155985,3.4773113668440168,71.96261682243029,45810448,-0.3757314181614289,-0.2943872766304744,0.4977758624877086,0.8507462686567157,0.8931297709923653,50.0,3.72,24.905253619515033,28.968329470400548,3.7100000000000013,3.74,3.688,3.68,0,0,0,0,0,0,1,0,0,1.0,0,1.0,0,0,0.0,1,0,0,0,1.0
20191031,5643,000415XSHE20191031,20200210004725,0,188324,3.57,66474032.0,000415.XSHE,3.51,1500,3.51,3.55,354739.65625,618452.125,-1.9553072625999999,3.58,2.0,3.613016521353505,3.6374130571983305,3.6789972004570846,3.694138104503263,3.5753558636047185,3.682109989432948,3.702141204430948,3.71320984463716,3.6984524124514615,3.718342707705504,3.7533408461343214,3.660918643179962,3.69271629785419,3.7089147781587184,3.761326966079291,3.7214070169941103,3.7707462024753613,3.8034977867898165,3.82018222150348,3.8741667750616697,3.5046260257128994,3.551091083884563,3.5819348089185636,3.5976473348139573,3.648487157096912,3.69,-3.6772777167947286,-5.1966292134831376,692.6434923201281,11.069001608673346,20.254147503738032,-7.301290181456017,100.0,26.470588235294084,20.967741935483808,-3.5714285714285805,-10.687022900763367,40.94488188976376,-0.004019558014877422,-0.047964081090189986,3.699290118124919,3.6712885195649463,3.644,3.674,3.702,3.7143333333333337,3.74,3.6615,-0.040000000000000036,0.020000000000000014,0.0,0.0249380314394682,3.7080000000000006,3.9542194143441987,3.4617805856558017,35.38461538461543,45998772,-0.6242744843351328,-0.5000029512482809,0.26260635466511345,0.8721804511278187,0.8175182481751816,50.0,3.66,16.60350241301002,24.84672045127037,3.7080000000000006,3.7110000000000003,3.676,3.58,0,0,0,0,0,0,1,0,0,1.0,0,1.0,0,0,1.0,1,0,1,0,3.0
20191101,5644,000415XSHE20191101,20200210004725,0,163243,3.57,57558424.0,000415.XSHE,3.46,1500,3.56,3.5,354739.65625,618452.125,1.4245014244999998,3.51,2.0,3.5953443475690032,3.618059792898748,3.6631309070628064,3.681943731366603,3.5676779318023595,3.666846240753829,3.6929708041450806,3.7065485470442403,3.6878022268782726,3.712133189756268,3.748252929130788,3.642569798965424,3.6800766504395055,3.7016506426387807,3.7563559298798026,3.7032046779960734,3.7518468929343856,3.7904789499526914,3.812700161917944,3.8690466077761965,3.487484017141933,3.5332927049964606,3.56967435092632,3.590601123359617,3.643665251983408,3.76,-1.6030956329463746,-3.8409594295283616,-1406.1288305190806,15.926342952790785,18.811545986755615,10.155936884861118,82.45614035087719,32.43243243243245,25.75757575757576,-2.9972752043596698,-8.010335917312663,45.23809523809523,-0.010176670958802,-0.049256903551396634,3.688972331597148,3.6541672088626473,3.6180000000000003,3.653,3.701000000000001,3.7040000000000006,3.7367500000000007,3.6618333333333335,0.06000000000000005,0.009999999999999787,0.040000000000000036,0.023783887249678917,3.702,3.9503465320877273,3.4536534679122743,40.298507462686636,45835529,-0.6806546248069669,-0.6524645545710499,0.4102776859782065,0.8823529411764692,0.841726618705035,50.0,3.55,11.069001608673346,20.254147503738032,3.702,3.674,3.644,3.51,0,0,0,0,0,0,1,0,0,1.0,0,0.0,0,0,1.0,0,0,0,0,1.0
20191104,5645,000415XSHE20191104,20200210004725,0,129135,3.58,45931840.0,000415.XSHE,3.54,1500,3.55,3.55,354739.65625,618452.125,-0.2808988764,3.56,2.0,3.5802295650460016,3.6010448446740613,3.6480467861210992,3.669948846696912,3.55883896590118,3.6522404606596006,3.6837468812970102,3.699742088477098,3.6772020555799436,3.705775025452101,3.7430357467852415,3.6257389264262563,3.667688398016696,3.694253050314937,3.751260721734623,3.687636451997382,3.734511094219044,3.777719049957197,3.8050806418243854,3.8637985433866615,3.472822678094622,3.516966758633468,3.5576577460761944,3.583425458805489,3.638722900082584,3.68,-0.7270693512304196,-4.090344194088728,-261.3333333333339,18.309869660834867,18.644320544782037,17.640967892940534,84.21052631578952,16.129032258064576,30.357142857142843,-3.7940379403794067,-8.50515463917526,47.1074380165289,-0.01624865684502825,-0.04857588708980996,3.678678084812173,3.63814148442224,3.576,3.636,3.6995,3.6966666666666663,3.73275,3.6633333333333336,0.0,0.03000000000000025,0.009999999999999787,0.0227601101786506,3.701000000000001,3.952592925178751,3.4494070748212504,-0.6711409395971826,45706394,-0.6504898140322761,-0.6655722194196215,0.4841620998010933,0.9218749999999988,0.8923076923076909,33.33333333333333,3.5,15.926342952790785,18.811545986755615,3.701000000000001,3.653,3.6180000000000003,3.56,0,0,0,0,0,0,1,0,0,1.0,0,0.0,0,0,1.0,0,0,0,0,1.0
20191105,5646,000415XSHE20191105,20200210004725,0,162864,3.62,58283624.0,000415.XSHE,3.53,1500,3.58,3.56,354739.65625,618452.125,0.8450704225,3.55,3.0,3.5801530433640014,3.5957836335055466,3.638973881304953,3.6617716788153736,3.5694194829505896,3.64321040307715,3.677053534116558,3.694535910717225,3.6697249743814866,3.7008426715128033,3.738745332396156,3.617422757985118,3.6593371220151054,3.68867973078738,3.7470320619387065,3.6875576346649215,3.725945440724672,3.769117235675559,3.7993401227110017,3.859443023796868,3.4727484520630814,3.508900075245565,3.5495570083546517,3.5780193388637582,3.634621100080545,3.58,0.6749156355455574,-3.2955159373311687,-108.39243498817996,22.462990030300173,19.91721037328808,27.554549344324364,75.51020408163264,30.769230769230838,37.03703703703704,-4.787234042553185,-5.039787798408487,47.96747967479676,-0.02143331675268994,-0.041477279261293534,3.6713685970483088,3.6291966406649716,3.556,3.622,3.6999999999999993,3.6913333333333336,3.72875,3.665666666666667,0.020000000000000014,0.040000000000000036,0.03000000000000025,0.023392356228990014,3.6995,3.950099281722833,3.4489007182771663,32.173913043478336,45869258,-0.518291889230162,-0.5843908516312191,0.736468734364405,0.9531249999999984,0.9685039370078726,33.33333333333333,3.55,18.309869660834867,18.644320544782037,3.6995,3.636,3.576,3.55,0,0,0,0,0,0,1,0,0,1.0,0,0.0,0,0,0.0,0,0,0,0,0.0
20191106,5647,000415XSHE20191106,20200210004725,0,122747,3.6,43697544.0,000415.XSHE,3.52,1500,3.54,3.58,354739.65625,618452.125,-1.1173184358,3.58,4.0,3.5667686955760005,3.5818377251291595,3.6257773637976256,3.6507015261957942,3.554709741475295,3.6303091026925065,3.6682113706251673,3.687816958077346,3.659746130198296,3.694535115767204,3.733515192069941,3.603345892896915,3.6479716818231918,3.6814270609928736,3.741920159174788,3.6737717564432812,3.711446269683823,3.757410832277887,3.79186987282266,3.854177763950031,3.45976563470872,3.4952455161100078,3.5385325313684954,3.570984249163087,3.629662554399544,3.51,-0.22547914317926865,-4.3656797060730375,-80.30671680306729,21.812933524473625,20.54911809034993,24.340564392721017,81.8181818181818,40.00000000000005,34.48275862068966,-3.80434782608696,-4.838709677419359,48.360655737704924,-0.02637935526152737,-0.039568308070699415,3.6616375898595455,3.615474080562669,3.5480000000000005,3.612,3.698,3.6833333333333336,3.722,3.6671666666666667,-0.040000000000000036,0.020000000000000014,0.020000000000000014,0.023179715762112262,3.6999999999999993,3.9549980392081467,3.4450019607918514,61.7021276595747,45746511,-0.4474874037692264,-0.4828896464996942,0.7582640056204168,0.9687499999999982,1.015999999999999,33.33333333333333,3.56,22.462990030300173,19.91721037328808,3.6999999999999993,3.622,3.556,3.58,0,0,0,0,0,0,1,0,0,1.0,0,0.0,0,0,0.0,1,0,0,0,0.0
20191107,5648,000415XSHE20191107,20200210004725,0,112989,3.58,39955952.0,000415.XSHE,3.51,1500,3.53,3.54,354739.65625,618452.125,-0.2824858757,3.54,4.0,3.5545124637173338,3.5688782938468697,3.6130070486246093,3.6397286601779952,3.5423548707376478,3.6177704648559432,3.659294508004189,3.680955351204418,3.6497656586445806,3.688082758286137,3.728159529120732,3.590010276006567,3.636736283554316,3.6740403750907813,3.736687562651953,3.6611478376288535,3.6977105842867637,3.745838372060945,3.7842615863435056,3.8487881895315117,3.447877089805813,3.4823099677263696,3.527634195047686,3.5638191638380587,3.6245869357723945,3.56,-0.6193693693693886,-4.635833153231052,-65.17840106849869,20.524861665888384,20.541032615529414,20.49251976660633,82.05128205128209,57.1428571428571,39.215686274509785,-1.3966480446927447,-5.107526881720441,47.96747967479674,-0.031015971261780094,-0.03709292800202186,3.6518866572773567,3.6023242220145657,3.5520000000000005,3.5980000000000003,3.6915,3.675000000000001,3.7155,3.669166666666667,-0.010000000000000231,0.040000000000000036,0.020000000000000014,0.022982882082711882,3.698,3.962973583589007,3.433026416410994,110.81081081081156,45633522,-0.404463297159344,-0.4259753504642852,0.6703995525297286,0.9999999999999982,1.0495867768595026,33.33333333333333,3.58,21.812933524473625,20.54911809034993,3.698,3.612,3.5480000000000005,3.54,0,0,0,0,0,0,1,0,0,1.0,0,0.0,0,0,0.0,1,0,0,0,0.0
20191108,5649,000415XSHE20191108,20200210004725,0,182797,3.6,65290196.0,000415.XSHE,3.52,1500,3.57,3.56,354739.65625,618452.125,1.1331444759,3.53,4.0,3.559674975811556,3.5691587203851523,3.607272775474661,3.6333896910709047,3.556177435368824,3.6117991567489502,3.653533572003919,3.676131205499878,3.643629838748844,3.6834520618827593,3.723997436249134,3.586372044005373,3.630380447025333,3.6689652348424513,3.7325718203642517,3.6664652250859024,3.6939632053255353,3.7392918604360936,3.779034191887725,3.8445489749751776,3.452884726537209,3.478780882685212,3.5214690336145735,3.558896277797177,3.6205946657533232,3.55,0.45019696117051256,-3.6073010044281233,-37.805474095797045,26.778479205830322,22.62018147896305,35.095074659564865,71.79487179487184,53.84615384615375,40.384615384615394,1.7094017094017109,-1.923076923076931,50.0,-0.034506719845216034,-0.02792598866748761,3.6458209789605154,3.5973512647815555,3.554,3.5860000000000003,3.685,3.668,3.70875,3.6710000000000003,0.009999999999999787,0.03000000000000025,0.040000000000000036,0.0230557567610385,3.6915,3.9616481075262238,3.4213518924737767,161.8181818181829,45816319,-0.2857129766622791,-0.3450881369108115,0.9810792741551064,0.9842519685039356,1.0826446280991728,50.0,3.54,20.524861665888384,20.541032615529414,3.6915,3.5980000000000003,3.5520000000000005,3.53,0,0,0,0,0,0,1,0,0,1.0,0,1.0,0,0,0.0,0,0,0,0,1.0
20191111,5650,000415XSHE20191111,20200210004725,0,149203,3.55,52382972.0,000415.XSHE,3.47,1500,3.48,3.55,354739.65625,618452.125,-2.5210084034,3.57,1.0,3.533116650541037,3.5468690402888643,3.59030307207804,3.619445173700822,3.518088717684412,3.5953242621553314,3.6423378576810848,3.667603761782492,3.6310429280758547,3.675473549652063,3.7175764510846823,3.567031672368033,3.6160584996895873,3.659747418508674,3.7263354791206886,3.639110150057269,3.6740426225390737,3.724540254680275,3.7695398410639336,3.838125543494309,3.427123151024806,3.460020722196992,3.5075767446989,3.549954995953413,3.6145454147470684,3.58,-1.6949152542372896,-5.986600389020952,-67.46602717825719,21.185652803886878,22.142005253937658,19.27294790378532,94.87179487179485,33.333333333333414,32.2033898305085,-2.247191011235957,-5.177111716621252,46.2686567164179,-0.0384535197633782,-0.03157439934529724,3.6335379434819584,3.5792972240459315,3.54,3.5580000000000003,3.6614999999999993,3.6593333333333335,3.699500000000001,3.6713333333333327,-0.06999999999999984,0.0,0.009999999999999787,0.021631203080431982,3.685,3.940207758502754,3.4297922414972453,70.21276595744706,45667116,-0.3346609193861225,-0.3101869480242008,0.7477239954466744,0.9612403100775182,1.0239999999999996,33.33333333333333,3.56,26.778479205830322,22.62018147896305,3.685,3.5860000000000003,3.554,3.57,0,0,0,0,0,0,1,0,0,1.0,0,1.0,0,0,0.0,1,0,0,0,1.0
20191112,5651,000415XSHE20191112,20200210004725,0,178786,3.51,61630336.0,000415.XSHE,3.41,1500,3.46,3.5,354739.65625,618452.125,-0.5747126437,3.48,2.0,3.508744433694025,3.525151780216648,3.5729293291343014,3.604950157909839,3.489044358842206,3.5784087293859157,3.6305741249274663,3.6585775112702095,3.6178857797623283,3.6670236065284514,3.71079812342456,3.547571368301118,3.601195785433436,3.6500036419960553,3.7197592944510425,3.6140067667048457,3.653998509350152,3.70923165899644,3.7595037512559366,3.8313520732845734,3.4034821006832034,3.441144227252084,3.4931599118704333,3.540503532736173,3.608166515617511,3.54,-1.5927189988623571,-6.456147939872388,-81.66089965397933,22.0602764724325,22.114762326769277,21.951304763758955,88.63636363636368,20.0,22.222222222222285,-2.53521126760563,-6.233062330623307,42.18749999999999,-0.042710711018676864,-0.03405753004238929,3.6206832810018135,3.560943804961942,3.5160000000000005,3.536,3.638,3.6519999999999997,3.6885,3.6715,-0.040000000000000036,0.009999999999999787,0.049999999999999815,0.022347463447358332,3.6614999999999993,3.899457979483773,3.423542020516225,38.98305084745756,45845902,-0.4180803183713588,-0.3763706188787407,0.535647445365669,0.939393939393938,0.9541984732824424,33.33333333333333,3.55,21.185652803886878,22.142005253937658,3.6614999999999993,3.5580000000000003,3.54,3.48,0,0,0,0,0,0,1,0,0,1.0,0,1.0,0,0,1.0,1,0,0,0,2.0
20191113,5652,000415XSHE20191113,20200210004725,0,107710,3.47,37048548.0,000415.XSHE,3.43,1500,3.44,3.46,354739.65625,618452.125,-0.5780346821,3.46,2.0,3.4858296224626835,3.5038638351624862,3.555205418583061,3.589954689008944,3.464522179421103,3.561107638212676,3.618279020093437,3.649074141214983,3.604202258242149,3.6581207199979238,3.70367185701865,3.5280129377009146,3.585843805868347,3.6397595618986864,3.712851657551017,3.590404511136564,3.633853325831942,3.6934191200443975,3.748952348755647,3.824237207277548,3.3812547337888024,3.4221725495698867,3.478268491692296,3.5305667750417253,3.6014661078244865,3.53,-1.601830663615562,-6.9415138235134926,-77.34561041435123,19.468755743526398,21.232760132354983,15.940746965869224,93.18181818181822,22.222222222222218,25.000000000000046,-3.910614525139669,-8.510638297872338,39.68253968253968,-0.047161022519723525,-0.035602492008373315,3.6072993342609374,3.542337065737028,3.4960000000000004,3.522,3.6165,3.646,3.6765,3.6713333333333327,-0.020000000000000014,0.010000000000000231,0.009999999999999787,0.02127561727352437,3.638,3.865708146538502,3.410291853461497,38.31775700934586,45738192,-0.4899397365425833,-0.4540100274569711,0.44342459880064505,0.9389312977099226,0.9538461538461538,16.666666666666664,3.5,22.0602764724325,22.114762326769277,3.638,3.536,3.5160000000000005,3.46,0,0,0,0,0,0,1,0,0,1.0,0,1.0,0,0,1.0,1,0,0,0,2.0
20191114,5653,000415XSHE20191114,20200210004725,0,106471,3.46,36552120.0,000415.XSHE,3.41,1500,3.43,3.44,354739.65625,618452.125,-0.2906976744,3.44,2.0,3.4672197483084557,3.4853978763718643,3.5385113627719864,3.5754133536444943,3.447261089710552,3.5447191834360914,3.6061319865390216,3.6395491785534624,3.5908020845312136,3.64917480940977,3.6964699660444746,3.5101924035734755,3.5710015386427902,3.629527388147531,3.7058676660065473,3.571236340757709,3.6154981756806803,3.6781315848020735,3.738413209791957,3.817043695986744,3.363203155859201,3.404886631466271,3.463871492483506,3.5206415665031052,3.594691636026351,3.57,-1.3233601841196727,-7.166829057053159,-73.1321839080459,16.153773670287446,19.539764644999142,9.38179172086405,95.45454545454544,22.222222222222282,30.769230769230827,-3.107344632768358,-6.7934782608695645,24.509803921568626,-0.05155114001629596,-0.03512093997257948,3.594166050241609,3.5250544402390243,3.4760000000000004,3.514,3.594,3.639333333333333,3.66425,3.6710000000000003,-0.009999999999999787,0.020000000000000014,0.020000000000000014,0.02102394151164452,3.6165,3.8236134954559935,3.4093865045440057,33.333333333333385,45631721,-0.5218831678516062,-0.5059114521970948,0.4737129916565373,0.9461538461538452,0.9765624999999998,16.666666666666664,3.46,19.468755743526398,21.232760132354983,3.6165,3.522,3.4960000000000004,3.44,0,0,0,0,0,0,1,0,0,1.0,0,1.0,0,0,1.0,1,0,1,0,3.0
20191115,5654,000415XSHE20191115,20200210004725,0,112107,3.45,38266652.0,000415.XSHE,3.38,1500,3.38,3.44,354739.65625,618452.125,-1.4577259475,3.43,2.0,3.438146498872303,3.459048407278898,3.5173765144023883,3.5576485033131764,3.4136305448552764,3.52412928550658,3.5915428261171494,3.6282644316598334,3.574586539567275,3.6386189345309563,3.6881418090433047,3.486521057469208,3.5528109159149053,3.617355320433017,3.6978215507965086,3.5412908938384717,3.591116689193284,3.659395243392352,3.725875980046008,3.8087561973204043,3.3350021039061337,3.3819254257451314,3.446226588437458,3.508834660820027,3.586886904272613,3.48,-1.6870273414775987,-8.366317844168536,-68.795423641393,10.769182446858297,16.61623724561886,-0.9249271506628318,100.0,0.0,32.43243243243249,-4.249291784702549,-5.586592178770955,23.809523809523807,-0.05635361718542034,-0.038419817352995,3.5783018983718615,3.5027383725099432,3.438,3.4960000000000004,3.5745000000000005,3.6326666666666654,3.6519999999999997,3.6678333333333337,-0.06000000000000005,0.010000000000000231,0.0,0.020005059788354845,3.594,3.8045682787126314,3.383431721287369,14.285714285714306,45743828,-0.5924317974012896,-0.5571574826264478,0.5017667705394457,0.8518518518518514,0.8939393939393938,16.666666666666664,3.44,16.153773670287446,19.539764644999142,3.594,3.514,3.4760000000000004,3.43,0,0,0,0,0,0,1,0,0,1.0,0,1.0,0,0,1.0,1,0,1,0,3.0
20191118,5655,000415XSHE20191118,20200210004725,0,123812,3.45,42324900.0,000415.XSHE,3.37,1500,3.44,3.4,354739.65625,618452.125,1.775147929,3.38,2.0,3.438764332581535,3.4542863054591733,3.5070596458154033,3.5469531848301603,3.426815272427638,3.5136131248182583,3.5817658695934624,3.6200790215876655,3.5642337288313306,3.630829956706212,3.6816117614369017,3.478062683383897,3.542067019161105,3.608703841387504,3.6914555865793113,3.541927262558981,3.5824045638854134,3.6483290297359376,3.716964956629129,3.8021992541766902,3.3356014026040888,3.3737208028823797,3.4358050085862715,3.5004427261458786,3.580711918981932,3.46,0.291545189504354,-6.602953953084294,-48.262440922991296,17.32438250080406,16.852285664013927,18.268576174384318,75.86206896551731,37.5,34.21052631578949,-3.6414565826330505,-1.9943019943019895,29.52380952380952,-0.060077093369647665,-0.02978780947381857,3.5680573133072784,3.493086315200721,3.4300000000000006,3.4849999999999994,3.5605,3.628,3.64375,3.6653333333333338,0.040000000000000036,0.010000000000000231,0.029999999999999805,0.02120388062032341,3.5745000000000005,3.7817172772719503,3.3672827227280515,47.826086956521976,45867640,-0.5004155944934815,-0.5464236959473856,0.7304606578491809,0.8370370370370371,0.9076923076923082,16.666666666666664,3.44,10.769182446858297,16.61623724561886,3.5745000000000005,3.4960000000000004,3.438,3.38,0,0,0,0,0,0,1,0,0,1.0,0,1.0,0,0,1.0,0,0,1,0,2.0
20191119,5656,000415XSHE20191119,20200210004725,0,95859,3.49,33212924.0,000415.XSHE,3.42,1500,3.48,3.45,354739.65625,618452.125,1.1627906977,3.44,3.0,3.4525095550543567,3.4607147290943803,3.503451693040016,3.5408665316637813,3.453407636213819,3.509411484215976,3.5752003296196904,3.613988629344724,3.5577542112289198,3.6249150564432235,3.67630618876751,3.4784149227686427,3.5361558744790935,3.6024256052222596,3.68623446098476,3.556084841705988,3.5827673704517022,3.642240550713467,3.7104983733789285,3.7968214948143033,3.348934268402726,3.3740624750855828,3.4300711982447214,3.4943528370655916,3.575647427155217,3.44,1.3395457192778175,-5.383360522022837,-20.483726485518122,27.4916173193766,20.39872954913482,41.677392859860156,56.00000000000005,55.555555555555564,41.463414634146375,0.0,-2.247191011235957,31.48148148148149,-0.06215397737962197,-0.016615072079794513,3.5615345493585915,3.491073035939072,3.434,3.475,3.5485,3.625,3.63725,3.6641666666666666,0.029999999999999805,0.010000000000000231,0.03000000000000025,0.020701408392750045,3.5605,3.756895010119911,3.3641049898800888,106.66666666666772,45771781,-0.2993383693135012,-0.39987698190349136,0.6598704876120977,0.6204379562043801,0.6444444444444456,33.33333333333333,3.4,17.32438250080406,16.852285664013927,3.5605,3.4849999999999994,3.4300000000000006,3.44,0,0,0,0,0,0,1,0,0,1.0,0,1.0,0,0,1.0,0,0,1,0,2.0
20191120,5657,000415XSHE20191120,20200210004725,0,100178,3.51,34733700.0,000415.XSHE,3.43,1500,3.45,3.49,354739.65625,618452.125,-0.8620689655,3.48,4.0,3.4516730367029047,3.4580360468207845,3.4963248006346803,3.5326059378761654,3.451703818106909,3.5019850486889785,3.5671228889990654,3.6068586889384315,3.549465425749773,3.618055642465058,3.670350762747312,3.473248573174344,3.5279505531001334,3.5949902098455646,3.680401511330815,3.5552232278039915,3.5774460303695736,3.6337890696931368,3.702839916140932,3.7908135566707393,3.348122845601817,3.3690511159791137,3.4221120365071287,3.4871405035501977,3.5699894659908904,3.43,0.4074505238649661,-6.015037593984954,-20.066587664352816,29.921947778135127,23.573135625468264,42.61957208346888,67.99999999999997,52.63157894736848,34.14634146341465,-0.28901734104045623,-2.8169014084506943,34.00000000000001,-0.0634269066146023,-0.01018343387984269,3.5532727308875844,3.4847541073330612,3.4360000000000004,3.466,3.5389999999999997,3.6206666666666663,3.629,3.662333333333333,-0.040000000000000036,0.01999999999999957,0.020000000000000014,0.02076036196681046,3.5485,3.7446530015064767,3.352346998493523,122.22222222222324,45871959,-0.18078117059187174,-0.2400597699526865,0.5709322746823593,0.5857142857142862,0.6691729323308284,33.33333333333333,3.45,27.4916173193766,20.39872954913482,3.5485,3.475,3.434,3.48,0,0,0,0,0,0,1,0,0,1.0,0,1.0,0,0,1.0,1,0,1,0,3.0
20191121,5658,000415XSHE20191121,20200210004725,0,84696,3.47,29179028.0,000415.XSHE,3.43,1500,3.46,3.44,354739.65625,618452.125,0.2898550725,3.45,4.0,3.4544486911352696,3.458527035115589,3.4914814938833905,3.5260053980692416,3.4558519090534547,3.4967369176028567,3.560211734870093,3.6004735285498044,3.5425834699228678,3.611857381976232,3.6648152163592247,3.4708397416881,3.521479071852501,3.588405321560415,3.674959498705363,3.558082151869328,3.574964933938743,3.6271234440080766,3.696057481207228,3.7852082836665235,3.3508152304012118,3.3667145494374564,3.4158346996969264,3.4807531619136025,3.5647107137442022,3.38,0.5229517722254443,-5.5728399104852375,-25.955555555555378,36.61463185209009,27.920301034342213,54.00329348758586,64.00000000000007,57.89473684210521,39.473684210526315,0.5813953488372098,-3.3519553072625725,36.45833333333333,-0.06382509660823213,-0.003185519949038651,3.546363639710726,3.480945783127974,3.4419999999999997,3.459,3.528499999999999,3.614,3.6210000000000004,3.6611666666666665,0.020000000000000014,0.010000000000000231,0.009999999999999787,0.019933428498111114,3.5389999999999997,3.728343603007865,3.349656396992135,122.95081967213221,45787263,-0.09181277556083377,-0.13629697307635275,0.4919899292156766,0.567164179104478,0.6279069767441874,50.0,3.49,29.921947778135127,23.573135625468264,3.5389999999999997,3.466,3.4360000000000004,3.45,0,0,0,0,0,0,1,0,0,1.0,0,1.0,0,0,1.0,0,0,1,0,2.0
20191122,5659,000415XSHE20191122,20200210004725,0,131317,3.49,45488636.0,000415.XSHE,3.43,1500,3.48,3.46,354739.65625,618452.125,0.5780346821,3.46,4.0,3.4629657940901795,3.463895276336692,3.4899506280322714,3.5218230891538567,3.467925954526727,3.4946448029025,3.5550367842333133,3.5952355490476386,3.5377693568518773,3.6066865042516745,3.659951658033982,3.4725052431993544,3.517528684057025,3.5831172570940537,3.6701456839225135,3.566854767912885,3.5766804004953348,3.6230545445787365,3.690610774806876,3.7802500544401902,3.3590768202674735,3.3683300859033736,3.4120028235353144,3.4756237393812315,3.560041313404839,3.44,0.5199306759098599,-4.8400328137817885,-12.42603550295795,50.60023075853629,35.480277609073575,80.84013705746173,56.00000000000005,81.2500000000001,43.589743589743605,1.457725947521861,-1.6949152542372896,37.75510204081632,-0.06318958458970672,0.0050840961482031275,3.5414478145469683,3.4808002780313636,3.4620000000000006,3.45,3.5180000000000002,3.6066666666666665,3.6135000000000006,3.6613333333333333,0.020000000000000014,0.010000000000000231,0.029999999999999805,0.01941667007060218,3.528499999999999,3.703611393118779,3.3533886068812184,164.0000000000019,45918580,0.002360239411223052,-0.04472626807480535,0.7129924237184188,0.5846153846153851,0.5846153846153862,66.66666666666666,3.44,36.61463185209009,27.920301034342213,3.528499999999999,3.459,3.4419999999999997,3.46,0,0,0,1,0,0,0,0,0,0.0,0,1.0,0,0,1.0,0,0,1,0,2.0
20191125,5660,000415XSHE20191125,20200210004725,0,180005,3.54,63154652.0,000415.XSHE,3.45,1500,3.54,3.48,354739.65625,618452.125,1.724137931,3.48,4.0,3.488643862726786,3.4829214572525187,3.496623877627969,3.5234755355944145,3.503962977263364,3.500314202539687,3.5540666691214864,3.5928340034368724,3.537940944786349,3.6040713472221975,3.65679503545414,3.484777017163108,3.5196688093849278,3.5810139762601985,3.666932210245416,3.59330317860859,3.589320327678001,3.6252588736664753,3.6884443955480037,3.7769401765527784,3.3839845468449825,3.3802337066482147,3.4140787451033794,3.4735835569723923,3.5569242439380533,3.48,1.6657093624353771,-3.034951243563049,30.888888888889305,67.06682050569086,46.00912524127934,109.18221103451391,26.086956521739157,81.2500000000001,46.34146341463416,4.733727810650891,0.2832861189801765,44.79166666666666,-0.0608381959637596,0.01881110900757707,3.54134056902497,3.489907927565,3.4819999999999998,3.4560000000000004,3.507000000000001,3.5930000000000004,3.6085,3.6606666666666654,0.06000000000000005,0.0,0.029999999999999805,0.019660192377245467,3.5180000000000002,3.654249770642009,3.381750229357991,189.3617021276624,46098585,0.1754171871967738,0.08888871330399843,1.058361333677953,0.6583333333333341,0.6722689075630269,83.33333333333334,3.46,50.60023075853629,35.480277609073575,3.5180000000000002,3.45,3.4620000000000006,3.48,0,0,1,1,0,0,0,0,0,1.0,0,1.0,0,0,1.0,0,0,1,0,2.0
20191126,5661,000415XSHE20191126,20200210004725,0,309196,3.56,108684224.0,000415.XSHE,3.48,1500,3.48,3.54,354739.65625,618452.125,-1.6949152541999999,3.54,4.0,3.4857625751511905,3.482191092939389,3.4944073606109063,3.5195232141767403,3.491981488631682,3.4977749272222263,3.5492881743394538,3.5879281772004865,3.5334839490335517,3.5992058041938764,3.652142534521136,3.4839084685879977,3.5158908275387435,3.576086465223116,3.6623166001158975,3.5903354524057263,3.588425722645638,3.6213675523649065,3.6833690591798094,3.7721860981193753,3.3811896978966547,3.379391214530357,3.4104141027125814,3.4688038712664215,3.552447102112421,3.45,-0.05743825387708856,-4.4585987261146345,35.33042846768289,64.00945928449565,52.009236589018094,88.00990467545073,52.173913043478315,50.0,50.0,1.1627906976744196,-2.521008403361341,40.404040404040416,-0.05835319520195376,0.01988000609444673,3.5367968231712688,3.4883836310165384,3.4819999999999998,3.458,3.4970000000000008,3.5780000000000007,3.6035,3.6586666666666665,-0.06000000000000005,0.020000000000000014,0.0,0.019068869541553502,3.507000000000001,3.618013512691024,3.3959864873089773,133.33333333333462,46407781,0.18195668242447666,0.17868693481062525,0.5788449406807308,0.6722689075630259,0.7155172413793123,66.66666666666666,3.48,67.06682050569086,46.00912524127934,3.507000000000001,3.4560000000000004,3.4819999999999998,3.54,0,0,1,1,0,0,0,0,0,1.0,0,1.0,1,0,1.0,1,1,1,0,4.0
20191127,5662,000415XSHE20191127,20200210004725,0,110666,3.52,38568472.0,000415.XSHE,3.46,1500,3.47,3.5,354739.65625,618452.125,-0.2873563218,3.48,1.0,3.480508383434127,3.479143319704542,3.4911530458627853,3.5150211037970367,3.480990744315841,3.494303061319448,3.544172808253038,3.5828008651482923,3.528600568338663,3.594138909911764,3.6473493099284746,3.481379656117453,3.5115202725350536,3.5709115157000366,3.6575680420883456,3.584923634937151,3.5858210458009765,3.6168658807111056,3.678038861171038,3.767295083350996,3.376093131931103,3.3769382664339287,3.4061746643590025,3.4637841702290357,3.5478410008256946,3.46,-0.458978772231772,-4.497165189629518,16.66666666666576,60.216832505453254,54.745101894496486,71.1602937273668,56.52173913043474,56.25000000000002,51.35135135135138,-0.28735632183907434,-0.28735632183907434,38.77551020408165,-0.05594126221213309,0.01929546391856532,3.531848910343768,3.4855553800909167,3.486,3.4610000000000003,3.4915,3.5646666666666667,3.59975,3.6573333333333333,-0.029999999999999805,0.020000000000000014,0.010000000000000231,0.01963518547212116,3.4970000000000008,3.601742541500577,3.392257458499424,116.39344262295172,46297115,0.1202130093573172,0.15108484589089693,0.6006053960827772,0.6638655462184885,0.7368421052631601,50.0,3.54,64.00945928449565,52.009236589018094,3.4970000000000008,3.458,3.4819999999999998,3.48,0,0,1,1,0,0,0,0,0,1.0,0,1.0,0,0,1.0,1,1,1,0,3.0
20191128,5663,000415XSHE20191128,20200210004725,0,130522,3.47,44810804.0,000415.XSHE,3.41,1500,3.42,3.47,354739.65625,618452.125,-1.4409221902,3.47,2.0,3.460338922289418,3.4643574897784064,3.48166597308108,3.50638282163367,3.450495372157921,3.4850151786545167,3.5361616593334877,3.5757225666635835,3.5202466784664583,3.5873099330524783,3.6413664333514086,3.4702197186415518,3.5028040561031446,3.563549978348815,3.6517021645059167,3.5641490899581005,3.574326310200799,3.6078881777862386,3.67045647769928,3.7612532294410936,3.356528754620735,3.366113127082305,3.3977199344200497,3.4566434789983504,3.5421510995707397,3.48,-1.6676250718803989,-5.613512170889203,-33.5881104033961,48.91648482819688,52.80222953906328,41.1449954064641,73.68421052631587,40.0,47.5,-0.8695652173913114,-1.156069364161851,32.29166666666669,-0.054371783544476984,0.012555829341248813,3.523563805873859,3.4754699370000064,3.478,3.46,3.487,3.5493333333333337,3.5944999999999987,3.6556666666666655,-0.05000000000000026,0.0,0.009999999999999787,0.019931845489511588,3.4915,3.600330142883302,3.382669857116697,81.81818181818197,46427637,-0.03421073925322922,0.04300113505204398,0.6302799815734248,0.666666666666668,0.7727272727272753,50.0,3.5,60.216832505453254,54.745101894496486,3.4915,3.4610000000000003,3.486,3.47,0,0,1,1,0,0,0,0,0,1.0,0,1.0,0,0,1.0,1,0,1,0,3.0
20191129,5664,000415XSHE20191129,20200210004725,0,86796,3.44,29664506.0,000415.XSHE,3.4,1500,3.42,3.41,354739.65625,618452.125,0.0,3.42,2.0,3.446892614859612,3.453268117333805,3.4734438433369363,3.4985298378487912,3.43524768607896,3.476888281322702,3.5286673587313264,3.5689520202869063,3.5125353955075003,3.5807487592072835,3.6355410008947926,3.4610888607067243,3.4949179555218928,3.55654754038058,3.645981123407005,3.5502993933054,3.564921526527926,3.5997654941875497,3.6632439665919976,3.755360557109215,3.343485836413824,3.3572561948855224,3.3900704168562363,3.4498511141691623,3.5366016897047943,3.54,-1.3271783035199023,-5.378486055776866,-47.26976365118286,36.777656552131255,47.460705210085926,15.411559236221876,73.68421052631587,33.33333333333333,48.71794871794869,-1.156069364161851,-0.5813953488372098,35.22727272727273,-0.05328868929712136,0.0086647539788451,3.5158924128461657,3.4669361005384665,3.466,3.464,3.4799999999999995,3.537666666666667,3.5905,3.651166666666666,0.009999999999999787,0.020000000000000014,0.010000000000000231,0.01903043021562667,3.487,3.5941447618878306,3.3798552381121687,67.08860759493655,46340841,-0.15212138234174946,-0.09316606079748936,0.8082529857100123,0.6465517241379319,0.7363636363636389,33.33333333333333,3.47,48.91648482819688,52.80222953906328,3.487,3.46,3.478,3.42,0,0,1,0,0,0,0,0,0,1.0,0,1.0,0,0,1.0,0,0,1,0,2.0
20191202,5665,000415XSHE20191202,20200210004725,0,145140,3.49,50216984.0,000415.XSHE,3.42,1500,3.47,3.42,354739.65625,618452.125,1.4619883041,3.42,3.0,3.4545950765730744,3.4574510880003535,3.4729846642253444,3.495936216226174,3.45262384303948,3.4760272461573636,3.5248823678454353,3.564649758535302,3.5092634420069237,3.5764056706109195,3.631184658765983,3.462709067850956,3.49254481690076,3.552325709142503,3.6416359104833753,3.5582329288702668,3.566590339886485,3.597321161407783,3.658895480416778,3.7508849877978765,3.3509572242758816,3.358827795815428,3.387768472393737,3.445755937868228,3.5323868331688737,3.48,0.5214368482039337,-3.83549495621324,9.296953948318468,39.10177103475422,44.67439381830869,27.95652546764525,47.36842105263152,29.411764705882444,61.53846153846158,-0.28735632183907434,1.1661807580174937,43.37349397590364,-0.0516480524719302,0.013125094601529191,3.5124929748575604,3.467407469686395,3.4520000000000004,3.467,3.4760000000000004,3.5293333333333337,3.58775,3.647166666666666,0.05000000000000026,0.020000000000000014,0.0,0.018722139886560255,3.4799999999999995,3.5822545842493128,3.377745415750686,74.6478873239433,46485981,-0.11894063891166096,-0.1355310106267052,1.1113930158430458,0.7431192660550475,0.82692307692308,33.33333333333333,3.41,36.777656552131255,47.460705210085926,3.4799999999999995,3.464,3.466,3.42,0,0,1,0,0,0,0,0,0,1.0,0,1.0,0,0,1.0,0,0,1,0,2.0
20191203,5666,000415XSHE20191203,20200210004725,0,85151,3.5,29626670.0,000415.XSHE,3.44,1500,3.5,3.46,354739.65625,618452.125,0.8645533140999999,3.47,4.0,3.469730051048716,3.4680883160002653,3.476586708995298,3.4963056511147035,3.4763119215197404,3.4790238403876934,3.52327705379089,3.5618388994685497,3.5085508695448526,3.5734093698026483,3.62773243090372,3.469489237332601,3.493254834338783,3.5497732355257954,3.638138727508477,3.573821952580177,3.573573914452578,3.5980524793689463,3.656266432591569,3.7472828893337313,3.3656381495172547,3.365404560212623,3.3884571893086197,3.443280038460021,3.528994565683223,3.47,1.2731481481481364,-2.8749028749028427,53.57001972386432,46.90118068983614,45.416656108817854,49.87022985187272,31.57894736842109,57.14285714285714,58.33333333333335,-1.1299435028248601,3.550295857988169,49.36708860759496,-0.0491476148162039,0.020003501245810438,3.511567569312556,3.472421705119257,3.4560000000000004,3.469,3.472,3.522,3.5860000000000003,3.643166666666666,0.040000000000000036,0.0,0.020000000000000014,0.0184249313479724,3.4760000000000004,3.5673454979733537,3.3846545020266463,78.46153846153817,46400830,-0.0015798042951344164,-0.060260221603397675,1.433800314189885,0.7169811320754731,0.669724770642204,33.33333333333333,3.42,39.10177103475422,44.67439381830869,3.4760000000000004,3.467,3.4520000000000004,3.47,0,0,1,1,0,0,0,0,0,1.0,0,1.0,0,0,1.0,0,0,1,0,2.0
20191204,5667,000415XSHE20191204,20200210004725,0,78267,3.51,27251930.0,000415.XSHE,3.46,1500,3.49,3.48,354739.65625,618452.125,-0.2857142857,3.5,4.0,3.4764867006991444,3.473566237000199,3.4783751477959246,3.4957324101042766,3.4831559607598703,3.4803958603392315,3.5211301470947043,3.558715469056873,3.5071238795798645,3.5701384141241133,3.6241078932483592,3.473218466908492,3.4929448501160416,3.546857467939171,3.634480981150243,3.5807813017201187,3.5774150209157463,3.597733195619523,3.6532631919773455,3.743515410584751,3.3721920996781702,3.369021912901237,3.38815650461256,3.440451743900996,3.5254465517157363,3.42,0.8670520231213945,-2.996275501695448,94.90049751243805,50.01745379322414,46.950255336953276,56.151850705765845,36.84210526315782,57.14285714285714,51.51515151515154,0.2873563218390871,1.4534883720930312,45.33333333333335,-0.04628687453453654,0.02288592225333892,3.5099699715857,3.475126058177833,3.46,3.4730000000000003,3.4695,3.517,3.58375,3.637833333333333,0.010000000000000231,0.01999999999999957,0.020000000000000014,0.017538755524709255,3.472,3.5583655023721854,3.3856344976278145,89.83050847457591,46322563,0.07433788979792402,0.0363790427513948,1.3637916140198785,0.7549019607843149,0.7378640776699045,33.33333333333333,3.46,46.90118068983614,45.416656108817854,3.472,3.469,3.4560000000000004,3.5,0,0,1,1,0,0,0,0,0,1.0,0,1.0,1,0,1.0,0,1,1,0,3.0
20191205,5668,000415XSHE20191205,20200210004725,0,88476,3.52,30944170.0,000415.XSHE,3.48,1500,3.51,3.49,,,0.5730659026,3.49,4.0,3.4876578004660965,3.4826746777501487,3.4825917947564684,3.49702946373116,3.496577980379935,3.484096377796828,3.5204120730885933,3.556597405184835,3.5073451196121823,3.5677800449427752,3.6211050539523497,3.4799060183796744,3.4945691501049896,3.5450595426738456,3.6314073766773975,3.5922875344800786,3.5843031989310647,3.5994062246081397,3.6514113289540613,3.74034959797772,3.3830280664521135,3.375508837828284,3.38973207560184,3.4387077563936304,3.522465155377076,3.42,0.9200690051753762,-2.293731210332908,348.53801169591736,56.26163586214938,50.05404884535197,68.67680989574417,26.315789473684358,90.90909090909105,59.374999999999964,1.1527377521613713,0.8620689655172358,47.368421052631575,-0.042925682810840575,0.026889533789567696,3.5099721959126846,3.4804912799966283,3.478,3.478,3.4685,3.5116666666666663,3.58,3.633166666666667,0.01999999999999957,0.010000000000000231,0.010000000000000231,0.01752228730014854,3.4695,3.5534702328209233,3.3855297671790767,205.88235294117686,46411039,0.14664586580768452,0.11049187780280427,1.3524429646982148,0.8421052631578957,0.8617021276595759,50.0,3.48,50.01745379322414,46.950255336953276,3.4695,3.4730000000000003,3.46,3.49,0,0,1,1,0,0,0,0,0,1.0,0,1.0,1,0,1.0,0,1,1,0,3.0
20191206,5669,000415XSHE20191206,20200210004725,0,89704,3.52,31272878.0,000415.XSHE,3.47,1500,3.5,3.51,354739.65625,618452.125,-0.28490028489999997,3.51,4.0,3.4917718669773974,3.4870060083126115,3.48491288878894,3.4972995124828725,3.4982889901899674,3.4860843305722238,3.5190951651473945,3.5541366484376686,3.506780110411245,3.5651220039646274,3.61791807884834,3.4835594695833696,3.4950863739045146,3.5428615162019503,3.6281627500927702,3.596525022986719,3.5880662536708714,3.59993896512165,3.649147361688009,3.737007632595554,3.3870187109680754,3.379052685495868,3.390233782687379,3.436575670715892,3.5193178675899874,3.47,0.17172295363480902,-2.4199843871974718,-1288.2629107980713,58.341090574766255,52.816396088490066,69.3904795473186,37.5,83.33333333333358,56.25000000000002,2.3391812865497097,1.4492753623188357,44.594594594594575,-0.03948872488834429,0.02749566337997028,3.5092335147339675,3.4834926215356083,3.494,3.4799999999999995,3.465,3.505333333333333,3.575,3.6275,-0.009999999999999787,0.010000000000000231,0.029999999999999805,0.01722672079768548,3.4685,3.54019379331574,3.3968062066842606,200.000000000002,46500743,0.16468718707477667,0.15566652644123058,1.37457349614428,0.8315789473684226,0.9120879120879148,50.0,3.49,56.26163586214938,50.05404884535197,3.4685,3.478,3.478,3.51,0,0,1,1,0,0,0,0,0,1.0,0,1.0,1,0,1.0,1,1,0,0,3.0
20191209,5670,000415XSHE20191209,20200210004725,0,127395,3.51,44479200.0,000415.XSHE,3.47,1500,3.49,3.5,354739.65625,618452.125,-0.2857142857,3.5,4.0,3.491181244651598,3.4877545062344595,3.485591170283748,3.496635920438976,3.494144495094984,3.4865737892506963,3.5172180577185306,3.551348098505596,3.505489332687304,3.562176043024838,3.6145518136154897,3.484730475113666,3.49460195734218,3.5402829056555136,3.6247513241645537,3.595916681991146,3.589272389367076,3.5994400160624456,3.6464913928251783,3.733493863889491,3.3864458073120502,3.3801885608602564,3.3897638986219145,3.4340744184858485,3.516008784439617,3.5,-0.2287021154945685,-2.5629571723714,-206.66666666667115,63.89406038317757,56.5089508533859,78.66427944276089,43.74999999999986,62.50000000000021,51.61290322580649,2.0467836257310026,0.8670520231213945,46.47887323943664,-0.036253990561651836,0.025877874613539603,3.507808809938859,3.4844937566839773,3.498,3.475,3.4655,3.4963333333333333,3.5635000000000003,3.6215,-0.009999999999999787,0.009999999999999787,0.020000000000000014,0.01583047972148714,3.465,3.537242646684628,3.392757353315372,104.25531914893686,46628138,0.13564893165849826,0.15016805936663746,1.0360516128696011,0.7765957446808528,0.8764044943820251,50.0,3.51,58.341090574766255,52.816396088490066,3.465,3.4799999999999995,3.494,3.5,0,0,1,1,0,0,0,0,0,1.0,0,0.0,1,0,0.0,1,1,0,0,1.0
20191210,5671,000415XSHE20191210,20200210004725,0,73672,3.5,25661198.0,000415.XSHE,3.47,1500,3.49,3.5,354739.65625,618452.125,0.0,3.49,4.0,3.490787496434399,3.488315879675844,3.486179014245915,3.496032654944523,3.4920722475474917,3.4870020655943588,3.5154620539947543,3.548680789874917,3.5042978455575104,3.55934560996504,3.6112741343098187,3.485688570547545,3.494163675690544,3.5378300809893903,3.6214241309753055,3.5955111213274313,3.5902592276639718,3.5989885859612603,3.643964983419072,3.7300668549045657,3.3860638715413667,3.3811179134311184,3.3893387654198275,3.4316951785597087,3.512781407046047,3.49,-0.17162471395880388,-2.4594745667970708,-85.41666666666468,67.59604025545177,60.20464732074119,82.37882612487293,43.74999999999986,40.0,40.0,0.5763688760806921,0.2873563218390871,47.14285714285717,-0.033232946007719324,0.02416835643146012,3.506489638832277,3.4853408710402882,3.4960000000000004,3.4760000000000004,3.467,3.49,3.5525000000000007,3.6146666666666665,-0.009999999999999787,0.0,0.020000000000000014,0.014391228000642681,3.4655,3.5384657453878186,3.3925342546121806,82.60869565217419,46554466,0.09804247670104434,0.11684570417977128,0.7891946193032199,0.729166666666668,0.8651685393258449,33.33333333333333,3.5,63.89406038317757,56.5089508533859,3.4655,3.475,3.498,3.49,0,0,1,1,0,0,0,0,0,1.0,0,0.0,1,0,0.0,1,1,0,0,1.0
20191211,5672,000415XSHE20191211,20200210004725,0,88781,3.5,30936866.0,000415.XSHE,3.47,1500,3.49,3.48,354739.65625,618452.125,0.0,3.49,4.0,3.4905249976229333,3.4887369097568834,3.4866884790131265,3.495484231767748,3.4910361237737457,3.4873768073950644,3.5138193408338028,3.5461294511847035,3.5031980112838563,3.5566261742801366,3.6080827097227193,3.486472466811627,3.4937671351485875,3.5354969063069808,3.618179090704312,3.595240747551621,3.5910666408159764,3.5985801492030447,3.6415618134961902,3.7267244634254415,3.3858092476942447,3.3818782928072784,3.38895412109413,3.4294319991177717,3.5096337179831822,3.51,-0.17162471395880388,-2.3885439391396623,-46.293333333332356,70.06402683696791,63.491107159483434,83.20986619193687,43.74999999999986,50.0,52.631578947368496,-0.28571428571427965,-1.4124293785310684,43.93939393939396,-0.030428461604764857,0.02243587522363575,3.5052681841039597,3.486057660111013,3.4960000000000004,3.478,3.4695,3.4869999999999988,3.543,3.6075000000000013,0.010000000000000231,0.009999999999999787,0.009999999999999787,0.013521720226268793,3.467,3.5395189630372634,3.3944810369627363,76.74418604651159,46643247,0.06557561400375829,0.08180904535240131,0.6807437392632749,0.7021276595744698,0.7977528089887655,16.666666666666664,3.5,67.59604025545177,60.20464732074119,3.467,3.4760000000000004,3.4960000000000004,3.49,0,0,1,1,0,0,0,0,0,1.0,0,0.0,1,0,0.0,0,1,0,0,1.0
20191212,5673,000415XSHE20191212,20200210004725,0,107843,3.49,37324304.0,000415.XSHE,3.43,1500,3.44,3.49,354739.65625,618452.125,-1.4326647564,3.49,1.0,3.473683331748622,3.4765526823176622,3.4804633484780427,3.4904402106979533,3.4655180618868733,3.4814547064706813,3.5090568027154934,3.5415151272201517,3.4983366258004827,3.5520525988181704,3.6036594805194904,3.478022927391331,3.4886464556106267,3.5308385206334703,3.6137796069832175,3.577893831701081,3.582363615213071,3.5933058492789467,3.6367636762524738,3.7221929951927137,3.3694728317961635,3.3736822395695913,3.383987061942308,3.4249133650144654,3.5053662187737213,3.5,-1.206203331418732,-3.6846231380893637,168.09605488850696,53.37601789131194,60.1194107367596,39.88923220041664,75.0,0.0,43.478260869565155,-1.432664756446999,-1.1494252873563229,46.774193548387096,-0.028635096794248305,0.014346918484132387,3.5004335037999628,3.4789718662477807,3.4819999999999998,3.4799999999999995,3.47,3.4846666666666666,3.5320000000000014,3.5995000000000004,-0.05000000000000026,0.0,0.009999999999999787,0.013511520307868142,3.4695,3.5410541752799936,3.3979458247200065,33.333333333332966,46751090,-0.05031765801026843,0.007628977996744928,0.8949815724239687,0.6808510638297889,0.7752808988764059,16.666666666666664,3.48,70.06402683696791,63.491107159483434,3.4695,3.478,3.4960000000000004,3.49,0,0,1,1,0,0,0,0,0,1.0,0,0.0,1,1,0.0,1,1,0,0,2.0
20191213,5674,000415XSHE20191213,20200210004725,0,280929,3.58,99076184.0,000415.XSHE,3.46,1500,3.55,3.46,354739.65625,618452.125,3.1976744186,3.44,3.0,3.499122221165748,3.4949145117382474,3.4897349020143036,3.4958547369981385,3.5077590309434363,3.4900228681618457,3.5116982993144927,3.5418840347323184,3.502310731508137,3.551972104746869,3.602247388926872,3.4911096678656346,3.4944896503143763,3.5317732269440323,3.612204801872521,3.604095887800721,3.595842957901604,3.599324339823807,3.6377264237523534,3.720570945928696,3.3941485545307764,3.3863763778296656,3.3896549608049447,3.4258200301357116,3.503838657816345,3.49,1.6609392898052644,-0.5880705684682259,-300.66157760814383,62.2506785942079,60.829833355909024,65.09236907080565,16.666666666666792,64.70588235294113,72.41379310344833,1.1396011396011407,2.3054755043227555,56.338028169014095,-0.025749242369528025,0.02308683539776224,3.5041050961110765,3.4898992714404296,3.492,3.4930000000000003,3.4785000000000004,3.4843333333333324,3.5265,3.5941666666666667,0.08999999999999986,0.03000000000000025,0.0,0.01572221135473413,3.47,3.5370149237110664,3.4029850762889335,148.88888888888775,47032019,0.061734304040284425,0.005708323015007996,1.613082458951952,0.7912087912087933,0.9404761904761928,16.666666666666664,3.49,53.37601789131194,60.1194107367596,3.47,3.4799999999999995,3.4819999999999998,3.44,0,0,1,1,0,0,0,0,0,1.0,0,0.0,0,0,0.0,0,0,0,0,0.0
20191216,5675,000415XSHE20191216,20200210004725,0,261094,3.65,94048184.0,000415.XSHE,3.54,1500,3.65,3.55,354739.65625,618452.125,2.8169014085,3.55,4.0,3.549414814110498,3.533685883803685,3.51110358174573,3.509867942725581,3.5788795154717183,3.510020009641615,3.5206209896813,3.546584728874392,3.5136714444690496,3.555816335933267,3.6035040365866906,3.519998819162792,3.5093001598082445,3.5375403866053,3.6131380166411,3.655897258533814,3.625598783737676,3.614579164602492,3.643666598203459,3.7215321571403335,3.4429323696871834,3.4143988545879083,3.404021155013997,3.4314141750071405,3.5047438761418666,3.49,3.5754824063564237,2.172209159108719,-472.47208931419317,74.83378572947194,65.49781748043,93.50572222755581,0.0,80.76923076923069,79.48717948717953,4.285714285714283,6.725146198830409,63.291139240506354,-0.02067578854992016,0.040587630556862916,3.514912126028775,3.5145301527572865,3.524,3.511,3.4890000000000008,3.4876666666666662,3.52475,3.592166666666667,0.10000000000000007,0.0,0.009999999999999787,0.016718618918588685,3.4785000000000004,3.5766631295344644,3.3803368704655363,337.4999999999968,46770925,0.3630750786791928,0.2124046913597386,2.796274089720882,0.8863636363636391,0.9761904761904784,33.33333333333333,3.46,62.2506785942079,60.829833355909024,3.4785000000000004,3.4930000000000003,3.492,3.55,0,0,1,1,0,0,0,0,0,1.0,0,0.0,1,0,0.0,0,1,0,0,1.0
20191217,5676,000415XSHE20191217,20200210004725,0,317460,3.76,117401752.0,000415.XSHE,3.63,1500,3.73,3.66,354739.65625,618452.125,2.1917808219,3.65,4.0,3.6096098760736663,3.5827644128527636,3.5402897708463,3.5298799479323453,3.654439757735859,3.5375175084364128,3.5341293129276674,3.554559305879853,3.5303121025868145,3.5626470678574527,3.6068328777291465,3.5581808520422844,3.5303191922074593,3.5469286604294314,3.6160234977116894,3.7178981723558766,3.664926277603553,3.636228767973683,3.6533365202423145,3.724504202643041,3.501321579791456,3.4514354264810163,3.4244096164412348,3.4405208006165484,3.5075427927803395,3.49,4.42329227323628,4.3181563933325835,-432.95310519645074,80.19222078934494,70.39595191673499,99.78475853456484,8.333333333333282,85.29411764705875,80.95238095238098,6.876790830945553,9.064327485380119,67.44186046511628,-0.013173671062407716,0.060016939900099535,3.5308445611377537,3.547679360025396,3.572,3.534,3.5015,3.4926666666666666,3.525,3.592,0.06999999999999984,0.029999999999999805,0.03000000000000025,0.018489587895991973,3.4890000000000008,3.632565316145649,3.3454346838543523,757.1428571428531,47088385,0.7202460702671952,0.5416605744731939,3.374939164203967,1.0602409638554238,1.250000000000002,50.0,3.55,74.83378572947194,65.49781748043,3.4890000000000008,3.511,3.524,3.65,1,0,1,1,0,0,0,0,0,2.0,0,0.0,1,1,0.0,0,1,0,0,2.0
20191218,5677,000415XSHE20191218,20200210004725,0,237043,3.76,88091072.0,000415.XSHE,3.65,1500,3.69,3.73,354739.65625,618452.125,-1.072386059,3.73,4.0,3.6364065840491104,3.6095733096395732,3.56025113473346,3.544436316302132,3.6722198788679297,3.556577819881862,3.544185486287174,3.5604480317111635,3.542595787003213,3.567641300490493,3.6090214862099583,3.5821479698527785,3.545526888187701,3.5539077501645813,3.6178500780151053,3.7454987815705842,3.6896124089483617,3.6518926948333323,3.660524982669519,3.7263855803555583,3.5273143865276366,3.4746835307571957,3.43916108154207,3.4472905176596433,3.509314575674652,3.44,2.1594684385381893,3.136005366426285,-257.87654320987616,79.72410678885623,73.50533687410874,92.16164661835123,19.444444444444407,76.31578947368416,72.09302325581397,5.730659025787957,6.340057636887599,68.2352941176471,-0.005150738811309163,0.06418345800878841,3.542633852905328,3.5695748430984127,3.612000000000001,3.554,3.5135,3.4976666666666665,3.52625,3.5905,-0.040000000000000036,0.029999999999999805,0.040000000000000036,0.020037952949843087,3.5015,3.664628783481028,3.3383712165189725,443.589743589745,46851342,0.8398227200847979,0.7800343951759965,1.88805912622688,1.097560975609758,1.2337662337662354,50.0,3.66,80.19222078934494,70.39595191673499,3.5015,3.534,3.572,3.73,0,0,1,1,0,0,0,0,0,1.0,0,0.0,1,1,0.0,1,1,0,0,2.0
20191219,5678,000415XSHE20191219,20200210004725,0,152196,3.74,56577984.0,000415.XSHE,3.68,1500,3.72,3.7,354739.65625,618452.125,0.8130081301000001,3.69,4.0,3.664271056032741,3.6371799822296804,3.581550983435665,3.560396651183756,3.696109939433965,3.577005592396629,3.5555283581396133,3.5673850738106787,3.556242264926043,3.5736161514516507,3.611941973414959,3.607211975334091,3.562143375026967,3.562009811132162,3.6203722983110285,3.774199187713722,3.715428334594114,3.6690076762777766,3.668870105466127,3.728983467260359,3.5543429243517584,3.4989956160740685,3.455279073776158,3.455149516798197,3.5117611293616973,3.55,1.4176663031624877,3.9396479463537295,-187.24360775498755,82.44233381883349,76.48433585568364,94.35832974513315,11.764705882352828,88.8888888888889,75.55555555555556,6.59025787965616,6.285714285714293,67.07317073170735,0.003268426732147543,0.06735332434765365,3.555772086023452,3.5927171749294264,3.668,3.575,3.5265,3.5039999999999996,3.5275,3.5895,0.020000000000000014,0.020000000000000014,0.020000000000000014,0.020511255036048403,3.5135,3.697595084127741,3.3294049158722587,821.7391304347877,46699146,0.8641698408655405,0.8519962804751692,1.9935326756411085,1.1481481481481497,1.3200000000000018,66.66666666666666,3.73,79.72410678885623,73.50533687410874,3.5135,3.554,3.612000000000001,3.69,0,0,1,1,0,0,0,0,0,1.0,0,0.0,1,1,0.0,0,1,0,0,2.0
20191220,5679,000415XSHE20191220,20200210004725,0,412575,3.84,156252512.0,000415.XSHE,3.71,1500,3.79,3.72,354739.65625,618452.125,1.8817204301,3.72,4.0,3.7061807040218264,3.67538498667226,3.6093441856442423,3.5812696828943236,3.743054969716983,3.6036298933470494,3.5706555608402835,3.577063983644997,3.5742236291625016,3.5821017925711938,3.6166277109566702,3.640446161636983,3.5838440059767795,3.573131283759861,3.624560636624336,3.817366125142482,3.7496595464860927,3.691359326156083,3.6803252222726575,3.7332974557230663,3.594995282901172,3.5312327767878737,3.476328685797476,3.465937345247065,3.5158238175256056,3.65,1.9913885898815888,5.842269883824833,-189.024206886182,84.22984856214916,79.06617342450548,94.55719883743653,12.195121951219475,87.5,78.00000000000003,10.174418604651166,8.595988538681942,68.2352941176471,0.012603956768292323,0.07468424028915825,3.5731223018735667,3.623068378786437,3.716,3.6039999999999996,3.5420000000000003,3.5113333333333334,3.53,3.589666666666666,0.06999999999999984,0.049999999999999815,0.010000000000000231,0.022512762763149795,3.5265,3.7418694500155487,3.3111305499844508,644.8275862069028,47111721,0.9272457854883528,0.8957078131769466,2.519457820805875,1.3037974683544309,1.4931506849315077,83.33333333333334,3.7,82.44233381883349,76.48433585568364,3.5265,3.575,3.668,3.72,0,0,1,1,0,0,0,0,0,1.0,0,0.0,1,1,0.0,0,1,0,0,2.0
20191223,5680,000415XSHE20191223,20200210004725,0,276264,3.83,103923984.0,000415.XSHE,3.67,1500,3.7,3.78,354739.65625,618452.125,-2.3746701847,3.79,1.0,3.7041204693478846,3.6815387400041946,3.621431627558344,3.5920633480857487,3.7215274848584916,3.615676156678669,3.5790003633667165,3.5824090278343452,3.58389873461154,3.5867252516860493,3.6188217185630736,3.651274132248441,3.5949064815980387,3.5793200016252342,3.6264233369545984,3.8152440834283214,3.7608123562158937,3.70275367604598,3.686699601673992,3.735216037063237,3.5929968552674483,3.5417359082809874,3.4870592871500974,3.4719404015764774,3.5176306368459613,3.73,-0.6977992485238809,3.4733486212875597,-117.72449459332371,78.10445188696123,78.7455995786574,76.82215650356892,34.14634146341458,58.0645161290323,67.24137931034484,4.225352112676067,5.413105413105424,63.736263736263744,0.02055983800190611,0.06364704986891029,3.582520649882932,3.6349040128192933,3.7260000000000004,3.625,3.5500000000000007,3.5186666666666677,3.5285,3.5889999999999995,-0.07999999999999963,0.05000000000000026,0.03000000000000025,0.025690955282316547,3.5420000000000003,3.7680973241770017,3.3159026758229984,210.52631578947518,46835457,0.7544347030276614,0.8408402442580071,1.6591733275141158,1.2738095238095246,1.3875000000000008,66.66666666666666,3.72,84.22984856214916,79.06617342450548,3.5420000000000003,3.6039999999999996,3.716,3.79,0,0,1,1,0,0,0,0,0,1.0,0,0.0,1,1,0.0,1,1,0,0,2.0
20191224,5681,000415XSHE20191224,20200210004725,0,118987,3.74,44182344.0,000415.XSHE,3.68,1500,3.73,3.7,354739.65625,618452.125,0.8108108108,3.7,2.0,3.712746979565257,3.6936540550031465,3.6359074105505647,3.604603043714317,3.7257637424292462,3.629966637093836,3.588742275407573,3.5888260266241563,3.595137293487575,3.5923438692669887,3.621747462811413,3.665587926385088,3.607772530969654,3.586670245448394,3.6289807854248552,3.824129388952215,3.77555556417664,3.716005706898744,3.6942703528118463,3.737850208987601,3.6013645701782986,3.5556202885935355,3.499539355040564,3.4790701380849423,3.5201113618621096,3.69,0.10735373054213644,4.4291393695055685,-85.10266491917851,76.45987849374653,77.98369255035378,73.41225038053202,26.82926829268292,50.0,69.99999999999997,2.1917808219178103,6.571428571428571,64.51612903225808,0.027665694102594632,0.05684684880550815,3.5934450461878997,3.6495341646932484,3.7260000000000004,3.649,3.5625,3.5276666666666667,3.52975,3.5898333333333325,0.029999999999999805,0.010000000000000231,0.020000000000000014,0.02643993551692021,3.5500000000000007,3.7866326266599777,3.313367373340024,114.43298969072231,46716470,0.5976691779994827,0.6760519405135721,1.9849042284457752,1.27710843373494,1.3333333333333337,66.66666666666666,3.78,78.10445188696123,78.7455995786574,3.5500000000000007,3.625,3.7260000000000004,3.7,0,0,1,1,0,0,0,0,0,1.0,0,0.0,1,1,0.0,0,1,0,0,2.0
20191225,5682,000415XSHE20191225,20200210004725,0,138627,3.74,51356148.0,000415.XSHE,3.68,1500,3.7,3.72,354739.65625,618452.125,-0.8042895442,3.73,2.0,3.7084979863768375,3.69524054125236,3.6444530891438234,3.6132754942857432,3.712881871214623,3.6387208074571067,3.5959201931232143,3.5936596776404968,3.603203655526992,3.5965656783153426,3.6238067401058496,3.6718446670423446,3.616556099448735,3.5921985261582288,3.6307343462785617,3.8197529259681433,3.7820000070536155,3.7250527824321966,3.6999644819429762,3.739656376666919,3.5972430467855316,3.5616893270310737,3.5080594164652728,3.4844325703734818,3.5218123158902053,3.72,-0.7510729613733912,3.687927362403336,-64.27546628407447,72.02588390811175,75.9977563362731,64.08213905178907,34.14634146341458,52.000000000000036,66.66666666666666,-0.8042895442359197,6.0171919770773625,61.7021276595745,0.033324582007333486,0.04527110323791088,3.601338005729537,3.6572981393558255,3.728,3.67,3.5740000000000003,3.5363333333333333,3.53275,3.591166666666666,-0.020000000000000014,0.020000000000000014,0.020000000000000014,0.027201958284673644,3.5625,3.8023666296090393,3.3226333703909607,113.63636363636441,46855097,0.408968591573726,0.5033188847866044,1.9581546081403904,1.2380952380952386,1.2380952380952386,50.0,3.7,76.45987849374653,77.98369255035378,3.5625,3.649,3.7260000000000004,3.73,0,0,1,1,0,0,0,0,0,1.0,0,0.0,1,1,0.0,1,1,0,0,2.0
20191226,5683,000415XSHE20191226,20200210004725,0,144610,3.73,53375172.0,000415.XSHE,3.66,1500,3.72,3.7,354739.65625,618452.125,0.5405405405,3.7,2.0,3.712331990917892,3.7014304059392695,3.654526010591312,3.6229777220779487,3.716440935607312,3.648880706524968,3.6039253419539743,3.599152735134388,3.6121879897172233,3.6014062399500353,3.626338141682012,3.6806001821255543,3.626407899501236,3.5984327443944126,3.6329384364939066,3.823701950645429,3.7910181875893216,3.735200136486273,3.7063857267262454,3.741926589588724,3.6009620311903547,3.5701821766617883,3.517615662516199,3.4904797620625803,3.523950283399089,3.79,-0.21459227467811176,4.341972399865373,-49.68314321926457,68.01725593874119,73.3375895370958,57.37658874203196,29.26829268292677,50.0,67.69230769230771,0.8130081300813075,6.59025787965616,60.00000000000002,0.03802302488027183,0.03758754298350672,3.6101277830829037,3.66694457945493,3.728,3.698,3.5890000000000013,3.5460000000000003,3.538,3.5926666666666662,0.020000000000000014,0.009999999999999787,0.040000000000000036,0.027339492668269537,3.5740000000000003,3.8109725722525716,3.337027427747429,93.93939393939459,46999707,0.2889901880393446,0.3489793898065353,2.338359808206882,1.2804878048780497,1.2530120481927711,66.66666666666666,3.72,72.02588390811175,75.9977563362731,3.5740000000000003,3.67,3.728,3.7,0,0,1,1,0,0,0,0,0,1.0,0,0.0,1,1,0.0,0,1,0,0,2.0
20191227,5684,000415XSHE20191227,20200210004725,0,228110,3.82,85939264.0,000415.XSHE,3.71,1500,3.71,3.72,354739.65625,618452.125,-0.2688172043,3.72,2.0,3.7115546606119283,3.703572804454452,3.661922542512471,3.63088883825268,3.7132204678036564,3.6565206182093464,3.610768868279525,3.6039721814328933,3.619711990508206,3.6056648187755234,3.628539769532485,3.685945603557272,3.6343690519296894,3.6038750495459038,3.634841191148378,3.822901300430286,3.7965239716639902,3.743400123487581,3.7119913010322816,3.7438864268828302,3.60020802079357,3.5753672354505537,3.5253379803718,3.495758798059527,3.5257959554139267,3.7,-0.053879310344821664,4.09652076318744,-62.810276465156406,58.04324999090684,68.23947635503279,37.65079726265489,31.707317073170728,27.777777777777718,72.13114754098359,-0.2688172043010815,6.303724928366755,63.529411764705884,0.04162697295046828,0.028831584561571574,3.617525725076763,3.673568490308017,3.712,3.714,3.6035,3.5570000000000004,3.5417500000000004,3.5948333333333333,-0.010000000000000231,0.09999999999999963,0.0,0.02692417054686184,3.5890000000000013,3.818196422310647,3.359803577689355,91.6666666666672,47227817,0.1901738126601302,0.23958200034973745,1.7085466252719188,1.3658536585365846,1.3658536585365846,50.0,3.7,68.01725593874119,73.3375895370958,3.5890000000000013,3.698,3.728,3.72,0,0,1,1,0,0,0,0,0,1.0,0,0.0,1,0,0.0,1,1,0,0,1.0
20191230,5685,000415XSHE20191230,20200210004725,0,186928,3.8,70179272.0,000415.XSHE,3.68,1500,3.79,3.71,354739.65625,618452.125,2.1563342318000003,3.71,2.0,3.7377031070746183,3.7251796033408384,3.678999536844141,3.6453534893206174,3.751610233901828,3.6732055409331785,3.6223321671002,3.6120603474575494,3.6328110681614207,3.6128936494117783,3.63278872296584,3.7048645847286767,3.6491910469840056,3.6129543154217134,3.6386722728484178,3.849834200286857,3.816010522270537,3.758666778393526,3.721342944884365,3.747832441033871,3.6255720138623797,3.593718647186817,3.5397153155744854,3.5045656859590624,3.529512104662965,3.73,1.6085790884718634,6.299433443652916,-53.951571354971364,63.256903502709854,66.57861873759182,56.61347303294591,12.195121951219475,76.47058823529409,70.68965517241382,0.0,10.174418604651166,67.3913043478261,0.04553746495384082,0.031283936026980305,3.630301597293299,3.6914810302606296,3.73,3.728,3.6195,3.5686666666666667,3.54775,3.5983333333333336,0.08000000000000007,0.009999999999999787,0.029999999999999805,0.0270766988296536,3.6035,3.8378053563194823,3.369194643680516,127.02702702702776,47040889,0.2569672556110197,0.22357053413557493,2.130324165609901,1.4390243902439013,1.4390243902439013,50.0,3.72,58.04324999090684,68.23947635503279,3.6035,3.714,3.712,3.71,0,0,1,1,0,0,0,0,0,1.0,0,0.0,1,0,0.0,0,1,0,0,1.0
20191231,5686,000415XSHE20191231,20200210004725,0,148797,3.82,56405696.0,000415.XSHE,3.76,1500,3.8,3.78,354739.65625,618452.125,0.2638522427,3.79,2.0,3.7584687380497463,3.743884702505629,3.695132931931589,3.6594122630187433,3.7758051169509135,3.6890548483165313,3.633794607932445,3.6202316366985263,3.645671755225927,3.6202311533564138,3.6371890197298966,3.7221619329598266,3.663553804414101,3.6220784951572402,3.6426556735188274,3.871222800191239,3.833826790948621,3.773460418546524,3.730740850011957,3.751935343724392,3.645714675908253,3.610497074971032,3.5536471902816773,3.5134161403025224,3.533376003313262,3.7,1.4957264957264969,6.532099803756673,-59.190303030302886,68.0971949277325,67.08481080097204,70.12196318125339,9.756097560975627,73.3333333333333,65.3061224489796,2.7027027027026933,7.042253521126762,71.59090909090911,0.049490853368819115,0.031627107319826375,3.642871849345647,3.7081762563743794,3.744,3.735,3.6345,3.579333333333333,3.55325,3.6021666666666667,0.020000000000000014,0.020000000000000014,0.020000000000000014,0.025170391506385646,3.6195,3.8596228852067207,3.3793771147932787,189.65517241379447,46892092,0.3360991533533783,0.296533204482199,1.9801816727345447,1.4320987654320971,1.4024390243902416,66.66666666666666,3.71,63.256903502709854,66.57861873759182,3.6195,3.728,3.73,3.79,0,0,1,1,0,0,0,0,0,1.0,0,0.0,1,0,0.0,0,1,0,0,1.0
20200101,5687,000415XSHE20200101,20200204232032,0,148797,3.82,56405696.0,000415.XSHE,3.76,1500,3.8,3.78,,,0.0,3.8,2.0,3.7723124920331634,3.7579135268792223,3.709115207674044,3.672192966380676,3.787902558475457,3.7029229922769646,3.644517536452932,3.6280476524942418,3.6575431586700864,3.627280912048319,3.6414735192106895,3.7363143087853126,3.6765486801841862,3.6307575929544473,3.646540718617128,3.8854818667941586,3.848403738048873,3.786845140589712,3.739680320743081,3.7559369401756415,3.6591431172721687,3.6242248795217535,3.56625221977866,3.5218348651658142,3.5371444970586143,3.72,0.9564293304994576,6.436614195283191,-42.62145656731357,71.32405587774757,68.49789249323054,76.9763826467816,10.526315789473696,91.66666666666649,58.536585365853654,1.8766756032171537,4.109589041095888,71.59090909090911,0.053151085604374634,0.029281857884444082,3.6545109716163395,3.7223029861629366,3.764,3.746,3.65,3.591,3.55975,3.605833333333334,0.020000000000000014,0.020000000000000014,0.020000000000000014,0.023768309064508608,3.6345,3.875331891575846,3.393668108424154,200.0000000000003,46892092,0.3678233958800422,0.35196127461671023,1.852577825654172,1.532467532467531,1.4374999999999978,50.0,3.78,68.0971949277325,67.08481080097204,3.6345,3.735,3.744,3.8,0,0,1,1,0,0,0,0,0,1.0,0,,1,0,,0,1,0,0,0.0
20200102,5688,000415XSHE20200102,20200210004725,0,236901,3.88,91110248.0,000415.XSHE,3.81,1500,3.82,3.83,354739.65625,618452.125,0.5263157895,3.8,2.0,3.7882083280221095,3.7734351451594166,3.723899846650839,3.6856299694369774,3.803951279237729,3.7175576182423447,3.655838985714033,3.6363934067336223,3.6700398387723867,3.634838523340542,3.6461715844946183,3.7515298890061652,3.6902107106428352,3.6399889298834975,3.6508236638364577,3.901854577862773,3.86407578567635,3.8009170319621206,3.749188597780004,3.7603483737515515,3.674562078181446,3.63898399233598,3.57950438932355,3.5307892619869934,3.5412989539213644,3.71,0.9513742071881498,6.906974140826187,-52.57517381869691,71.79179482758926,69.59585993801679,76.18366460673424,17.647058823529434,91.66666666666649,66.66666666666666,3.2432432432432337,2.412868632707771,70.58823529411767,0.05663364404764878,0.02786046754619317,3.6667694181632777,3.737333295984023,3.784,3.7559999999999993,3.6654999999999993,3.603,3.5669999999999997,3.6085,-0.010000000000000231,0.049999999999999815,0.009999999999999787,0.023987866571686445,3.65,3.8926911617673783,3.407308838232621,425.00000000000176,47128993,0.388446634832407,0.3781350153562246,1.1754294078938534,1.6133333333333315,1.5454545454545436,66.66666666666666,3.78,71.32405587774757,68.49789249323054,3.65,3.746,3.764,3.8,0,0,1,1,0,0,0,0,0,1.0,0,0.0,1,1,0.0,1,1,0,0,2.0
20200103,5689,000415XSHE20200103,20200210004725,0,164176,3.84,62359944.0,000415.XSHE,3.78,1500,3.8,3.82,354739.65625,618452.125,-0.5235602093999999,3.82,2.0,3.792138885348073,3.7800763588695623,3.73404653376406,3.696027244942707,3.801975639618864,3.727862915962052,3.665139696313128,3.643506736875639,3.6800367742514335,3.6413154439938538,3.650219700692129,3.7603426364595895,3.7006668334387567,3.647794347937961,3.6545070301614837,3.905903051908515,3.8731529155533777,3.8116868384419194,3.7572281783761,3.7641422410663288,3.6783747187876314,3.6475323573658014,3.589646828435593,3.5383605174998225,3.5448718192566395,3.79,-0.052603892688076484,6.2818146221401845,-30.947775628627127,69.07331776384737,69.42167921329364,68.37659486495482,32.000000000000036,84.6153846153846,60.52631578947365,2.150537634408592,2.9810298102981,67.85714285714289,0.0593741106821018,0.02192373307562423,3.676638350151183,3.7469743273710967,3.802000000000001,3.7569999999999992,3.6805,3.613666666666666,3.57275,3.6101666666666667,-0.020000000000000014,0.020000000000000014,0.020000000000000014,0.022136734784434682,3.6654999999999993,3.9024367004075136,3.428563299592485,174.07407407407425,46964817,0.33991790950370204,0.36418227216805454,1.2574635228402475,1.6849315068493134,1.6133333333333315,50.0,3.83,71.79179482758926,69.59585993801679,3.6654999999999993,3.7559999999999993,3.784,3.82,0,0,1,1,0,0,0,0,0,1.0,0,0.0,1,1,0.0,1,1,0,0,2.0
20200106,5690,000415XSHE20200106,20200210004725,0,185528,3.82,70259952.0,000415.XSHE,3.75,1500,3.8,3.77,354739.65625,618452.125,0.0,3.8,2.0,3.7947592568987147,3.785057269152172,3.7428403292621857,3.7054793135842794,3.8009878198094316,3.736880051466795,3.67384036106712,3.6503107917940896,3.6892647146936315,3.6475383677588,3.654161287516021,3.76755306619421,3.710127135016017,3.655219013892207,3.658099449169843,3.9086020346056767,3.880579658180036,3.8214309490664977,3.7648755843089736,3.7678424326449385,3.6809164791917537,3.6545264742083834,3.5988233209655363,3.5455624434754407,3.548356465694748,3.8,-0.10515247108307056,6.2580392595492365,-20.72803390003572,67.26099972135276,68.70145271598001,64.38009373209826,34.782608695652215,59.999999999999815,51.61290322580642,2.4258760107816677,2.150537634408592,68.67469879518072,0.06137046314971655,0.01597081974091799,3.685776250139984,3.755132123160158,3.804,3.767,3.6959999999999993,3.6223333333333327,3.5807500000000005,3.6076666666666672,0.029999999999999805,0.020000000000000014,0.020000000000000014,0.01965451572326824,3.6805,3.905835305711288,3.4551646942887118,141.5094339622643,47150345,0.27188140258347154,0.3058996560435868,1.2893883407178393,1.6891891891891881,1.55128205128205,50.0,3.82,69.07331776384737,69.42167921329364,3.6805,3.7569999999999992,3.802000000000001,3.8,0,0,1,1,0,0,0,0,0,1.0,0,0.0,1,0,0.0,0,1,0,0,1.0
20200107,5691,000415XSHE20200107,20200210004725,0,217780,3.81,82421712.0,000415.XSHE,3.76,1500,3.8,3.78,354739.65625,618452.125,0.0,3.8,2.0,3.79650617126581,3.788792951864129,3.7504616186938944,3.714072103258435,3.800493909904716,3.7447700450334467,3.6819796926111765,3.6568190182378246,3.697782813563351,3.6535172552976714,3.6579991483708634,3.7734525087043536,3.7186864554906816,3.662281501019416,3.661603166474292,3.910401356403785,3.886656083965484,3.8302470491554015,3.7721499460499985,3.771451261468521,3.6826109861278353,3.6602489334432233,3.6071258618259616,3.5524130559888336,3.5517550714800628,3.8,-0.10515247108307056,6.186776951880613,-18.66350336101236,66.05278769302302,67.81856437499434,62.52123432908039,36.36363636363644,50.0,72.72727272727269,0.2638522427440577,0.2638522427440577,67.90123456790124,0.06265589147878912,0.010283426632580668,3.694237268648133,3.762034873443212,3.804,3.774,3.7115,3.633,3.58925,3.6055000000000006,0.020000000000000014,0.010000000000000231,0.020000000000000014,0.01936172610848061,3.6959999999999993,3.9045449591814663,3.4874550408185314,93.74999999999987,47368125,0.2062547337997661,0.23906806819161885,1.1028170309114835,1.5921052631578934,1.4024390243902425,33.33333333333333,3.77,67.26099972135276,68.70145271598001,3.6959999999999993,3.767,3.804,3.8,0,0,1,1,0,0,0,0,0,1.0,0,0.0,1,0,0.0,0,1,0,0,1.0
20200108,5692,000415XSHE20200108,20200210004725,0,292505,3.79,108809904.0,000415.XSHE,3.66,1500,3.68,3.79,354739.65625,618452.125,-3.1578947368,3.8,2.0,3.7576707808438736,3.7615947138980967,3.741066736201375,3.71097463932585,3.740246954952358,3.736673789404265,3.681851970507229,3.657826887010093,3.696414904827709,3.6545557943056055,3.6585781181505768,3.75646114348538,3.715002031158236,3.66314581804286,3.6620574092773963,3.87040090426919,3.869154977789942,3.826452092092983,3.7730401925841455,3.7719191315557183,3.644940657418557,3.6437673091808183,3.6035519702234886,3.5532514435015736,3.552195686999074,3.82,-2.6455026455026363,2.776071049544773,40.75117370892004,47.06549482565172,60.90087452521347,19.39473542652823,90.90909090909088,12.500000000000036,41.93548387096776,-3.1578947368420964,-0.540540540540541,59.78260869565218,0.061371006688439235,-0.010279078322799132,3.6931826561556784,3.749414123682718,3.78,3.772,3.721,3.64,3.59525,3.6023333333333336,-0.10999999999999988,0.0,0.020000000000000014,0.021272713182511158,3.7115,3.894573755628708,3.528426244371292,47.57281553398064,47660630,-0.05201989449287571,0.07711741965344521,1.0859250848093829,1.3448275862068957,1.193548387096774,16.666666666666664,3.78,66.05278769302302,67.81856437499434,3.7115,3.774,3.804,3.8,0,0,1,1,0,0,0,0,0,1.0,0,0.0,1,0,0.0,1,1,0,0,1.0
20200109,5693,000415XSHE20200109,20200210004725,0,149634,3.74,55539676.0,000415.XSHE,3.68,1500,3.71,3.72,354739.65625,618452.125,0.8152173912999999,3.68,2.0,3.7417805205625823,3.748696035423572,3.7369245047078574,3.710886035750773,3.725123477476179,3.733339565728732,3.6836679724099888,3.660095283227046,3.697459912148655,3.6567300768818565,3.659931325567667,3.7480136628516743,3.714525647238404,3.665431387894428,3.663241176949559,3.8540339361794596,3.8604540727372254,3.8259614166555567,3.775394329531261,3.7731384122580462,3.629527104945705,3.635573252966125,3.603089877821252,3.5554684462575947,3.553343941641072,3.8,-1.2772751463544452,3.4982982759582395,47.19642242862,38.95275412619203,53.58483439220632,9.688593594163462,77.27272727272731,17.64705882352935,51.61290322580642,-2.368421052631575,-0.5361930294906171,61.70212765957446,0.05888121075426815,-0.019918367473368587,3.694428385329332,3.743350412346916,3.758,3.7710000000000004,3.7345,3.649666666666666,3.60225,3.5995000000000013,-0.010000000000000231,0.020000000000000014,0.029999999999999805,0.02100824342625808,3.721,3.8514568894309535,3.590543110569046,25.423728813559386,47510996,-0.2068168661881102,-0.12941838034049294,0.8532893426438878,1.3033707865168531,1.3033707865168542,33.33333333333333,3.79,47.06549482565172,60.90087452521347,3.721,3.772,3.78,3.68,0,0,1,0,0,0,0,0,0,1.0,0,0.0,0,0,0.0,1,0,0,0,0.0
20200110,5694,000415XSHE20200110,20200210004725,0,138192,3.75,50965660.0,000415.XSHE,3.66,1500,3.68,3.73,354739.65625,618452.125,-0.8086253368999999,3.71,2.0,3.721187013708388,3.7315220265676783,3.7293345707468095,3.708078214318885,3.7025617387380896,3.726672120012641,3.6834313290286986,3.6609607056954347,3.696116841983373,3.6576426228864896,3.6604594485790436,3.735647542333188,3.711237490358556,3.6661420518995778,3.6636549750495697,3.83282262411964,3.8477169686031836,3.8225746150693127,3.776126313456565,3.7735646243010574,3.609551403297136,3.623578116063193,3.5999003656477995,3.5561577903425903,3.553745325798083,3.8,-1.4461703267273538,2.59269584611093,74.7535172260993,28.99880578109772,45.38949152183679,-3.7825657003804167,90.90909090909088,16.666666666666625,43.74999999999999,-3.6649214659685785,-0.540540540540541,59.793814432989706,0.0551538844068339,-0.029818610779474036,3.6933596160456776,3.7336041950627754,3.734,3.7680000000000002,3.741000000000001,3.658333333333333,3.60975,3.5980000000000003,-0.049999999999999815,0.020000000000000014,0.020000000000000014,0.02048893603143797,3.7345,3.8376309846748295,3.6313690153251703,36.752136752136934,47372804,-0.3230482596298538,-0.264932562908982,0.8535962259346285,1.2105263157894737,1.2580645161290334,16.666666666666664,3.72,38.95275412619203,53.58483439220632,3.7345,3.7710000000000004,3.758,3.71,0,0,1,0,0,0,0,0,0,1.0,0,0.0,0,0,0.0,1,0,0,0,0.0
20200113,5695,000415XSHE20200113,20200210004725,0,178570,3.73,65768088.0,000415.XSHE,3.63,1500,3.73,3.68,354739.65625,618452.125,1.3586956522,3.68,2.0,3.724124675805592,3.73114151992576,3.729423294647236,3.7100711039262593,3.716280869369045,3.727088105011061,3.686435759413944,3.6639624141434597,3.698723238753882,3.66048016708702,3.6622894630901217,3.7346207164544265,3.713024396038693,3.669257073758135,3.6652931238137776,3.8358484160797595,3.84665933794806,3.8244151279198544,3.779334785970879,3.775251917528191,3.612400935531424,3.622582094960794,3.6016336641575317,3.5591793615453904,3.555334330099364,3.8,0.26881720430106953,3.8823594942349136,95.90438711557992,32.66587052073183,41.14828452146847,15.701042519258552,59.99999999999997,34.782608695652144,52.777777777777786,-1.8421052631578907,0.26881720430106953,61.764705882352935,0.05151830451623561,-0.029084639124786288,3.6960737185608132,3.7330497035146553,3.72,3.762,3.745,3.667,3.617,3.5981666666666667,0.049999999999999815,0.0,0.05000000000000026,0.020003674265962303,3.741000000000001,3.8355515732285825,3.6464484267714177,43.33333333333347,47551374,-0.2850007802473368,-0.3040245199385953,0.8816735261484326,1.2395833333333321,1.2872340425531912,33.33333333333333,3.73,28.99880578109772,45.38949152183679,3.741000000000001,3.7680000000000002,3.734,3.68,0,0,1,0,0,0,1,0,0,2.0,0,0.0,0,0,0.0,0,0,0,0,0.0
20200114,5696,000415XSHE20200114,20200210004725,0,201159,3.78,75535640.0,000415.XSHE,3.71,1500,3.75,3.71,354739.65625,618452.125,0.5361930295,3.73,3.0,3.732749783870395,3.7358561399443193,3.7321668553609375,3.7137010035693274,3.7331404346845214,3.729952091884678,3.690536678161432,3.6677031787459184,3.702667605003584,3.6639907487698817,3.6645976351140654,3.7374169498263496,3.716545882130247,3.6731957530870063,3.6673846516208446,3.8447322773865062,3.84953945832114,3.8280422585941536,3.783391625679617,3.77740619116947,3.6207672903542836,3.6252944413315586,3.6050495056663387,3.5629998804943965,3.5573631120722187,3.68,1.078167115902966,4.3405676126877655,18.506609503395566,37.777247013821246,40.02460535225273,33.28253033695826,51.999999999999964,40.0,43.3333333333333,-1.315789473684206,1.078167115902966,65.65656565656568,0.04833248031474832,-0.025486593611898357,3.700068257926679,3.7356574414354777,3.71,3.7569999999999997,3.7460000000000004,3.6753333333333336,3.62375,3.598666666666667,0.040000000000000036,0.029999999999999805,0.0,0.02029139356420791,3.745,3.8393186089804128,3.650681391019587,71.4285714285715,47752533,-0.1743366749280208,-0.2296687275876788,1.2915719048550651,1.3440860215053747,1.3440860215053758,50.0,3.68,32.66587052073183,41.14828452146847,3.745,3.762,3.72,3.73,0,0,1,0,0,0,0,0,0,1.0,0,0.0,0,0,0.0,0,0,0,0,0.0
20200115,5697,000415XSHE20200115,20200210004725,0,129740,3.76,48139924.0,000415.XSHE,3.69,1500,3.7,3.76,354739.65625,618452.125,-1.3333333333,3.75,4.0,3.72183318924693,3.72689210495824,3.727877941312813,3.7124554577902966,3.7165702173422615,3.726208080399093,3.6911472150542433,3.669107388365661,3.702462404618693,3.6654028762691024,3.665529276295275,3.7306138680397405,3.714970083832128,3.674503277326664,3.668189968864774,3.8334881849243376,3.842532284080933,3.826419186347092,3.784738375646465,3.778235667930717,3.610178193569522,3.618695451998548,3.6035209813171636,3.5642681790068638,3.5581442697988312,3.71,-0.3769520732363972,2.8577782719893063,112.05367840881937,36.295942453658654,38.781717719388034,31.32439192219988,71.9999999999999,55.555555555555586,35.29411764705883,-2.631578947368412,-2.3746701846965657,58.064516129032285,0.0446876801379332,-0.029158401414520918,3.7000632017839616,3.730171681214635,3.714,3.747,3.7465,3.6823333333333337,3.63,3.5996666666666663,-0.05999999999999961,0.0,0.010000000000000231,0.020604338087678743,3.7460000000000004,3.8392255329831917,3.6527744670168083,108.0000000000003,47622793,-0.1609761021166607,-0.16765638852234074,0.9725356118176876,1.2886597938144313,1.2886597938144324,50.0,3.71,37.777247013821246,40.02460535225273,3.7460000000000004,3.7569999999999997,3.71,3.75,0,0,0,0,0,0,0,0,0,0.0,0,0.0,1,0,0.0,1,1,0,0,1.0
20200116,5698,000415XSHE20200116,20200210004725,0,99795,3.71,36766896.0,000415.XSHE,3.66,1500,3.68,3.7,354739.65625,618452.125,-0.5405405405,3.7,1.0,3.7078887928312874,3.71516907871868,3.7214942158044377,3.709504961627543,3.698285108671131,3.720432070349207,3.690428039889453,3.6695809801758505,3.700734527340333,3.665975312493844,3.6659100848138197,3.721411346577969,3.71163959965764,3.674771410139998,3.668481574571817,3.819125456616226,3.833053686975308,3.8229887876473687,3.7850145524441983,3.778536021808972,3.5966521290463485,3.6097690061806302,3.60029041166791,3.564528267835798,3.5584271273346624,3.68,-0.7551240560949186,2.21654352535968,389.5652173913054,32.96922479366722,36.844220077481104,25.21923422603946,79.9999999999999,41.176470588235325,33.33333333333333,0.0,-3.1578947368420964,51.76470588235296,0.04052532857812936,-0.033298812478430716,3.6985770386888537,3.722452961027768,3.708,3.733000000000001,3.7445,3.6880000000000006,3.6355,3.599833333333333,-0.020000000000000014,0.009999999999999787,0.020000000000000014,0.02013057300686837,3.7465,3.843551532702992,3.6494484672970082,74.71264367816119,47522998,-0.19751221861225465,-0.17924416036445767,0.7695110339627876,1.239999999999998,1.262626262626262,50.0,3.76,36.295942453658654,38.781717719388034,3.7465,3.747,3.714,3.7,0,0,0,0,0,0,0,0,0,0.0,0,0.0,0,0,0.0,1,0,0,0,0.0
20200117,5699,000415XSHE20200117,20200210004725,0,95908,3.71,35265148.0,000415.XSHE,3.65,1500,3.66,3.7,354739.65625,618452.125,-0.5434782609000001,3.68,2.0,3.691925861887525,3.70137680903901,3.7132949870305128,3.7050045105704936,3.6791425543355656,3.712878061555556,3.688464940541746,3.6691644158203776,3.6976011021603066,3.6657409865136934,3.665754556266089,3.7102456472001566,3.706721542547388,3.6740508535478034,3.668272152977451,3.8026836377441513,3.8215530166161615,3.8179231888238103,3.784272379154237,3.778320317566775,3.5811680860308988,3.598938277784152,3.5955198962709667,3.563829327941369,3.558223988388128,3.73,-1.187904967602581,1.6102165463631015,25878.78787878437,27.535038751333747,33.741159635431984,15.122796983137267,87.9999999999999,43.74999999999999,27.77777777777776,-1.3477088948787015,-3.684210526315781,45.56962025316456,0.03584532944448041,-0.037439993069191616,3.695719480267457,3.712844813177342,3.704,3.719,3.738,3.693333333333334,3.640000000000001,3.599333333333333,-0.040000000000000036,0.009999999999999787,0.010000000000000231,0.020190969900742397,3.7445,3.845811401135311,3.643188598864689,75.00000000000007,47427090,-0.25393328074639504,-0.2257227496793248,0.5991784832394818,1.26262626262626,1.333333333333332,33.33333333333333,3.7,32.96922479366722,36.844220077481104,3.7445,3.733000000000001,3.708,3.68,0,0,0,0,0,0,0,0,0,0.0,0,0.0,0,0,0.0,1,0,0,0,0.0
20200120,5700,000415XSHE20200120,20200210004725,0,109804,3.69,40268228.0,000415.XSHE,3.64,1500,3.68,3.67,354739.65625,618452.125,0.5464480874000001,3.66,2.0,3.6879505745916834,3.696032606779257,3.708855655426445,3.702731373245904,3.6795712771677835,3.7087683038611114,3.687918815345504,3.6696355281760153,3.6962471712248983,3.666300163513156,3.666129436364349,3.7047464386183098,3.704176633733352,3.674341055813764,3.668561729447144,3.7985890918294336,3.815888831776859,3.815301932745352,3.784571287488177,3.7786185813305577,3.5773120573539328,3.5936040454597604,3.59305133472135,3.5641108241393513,3.5585048775637294,3.75,-0.3789929615592916,2.0521353300055294,-372.27722772277565,28.773359167555874,32.085226146139945,22.14962521038774,79.9999999999999,30.76923076923082,33.33333333333333,0.0,-3.6649214659685785,49.350649350649356,0.0313236016904827,-0.0361738220319817,3.69455507432172,3.707791764996212,3.694,3.707,3.737000000000001,3.699666666666667,3.6435,3.5980000000000003,0.010000000000000231,0.009999999999999787,0.029999999999999805,0.01970756028975841,3.738,3.841169763012232,3.6348302369877694,79.10447761193996,47536894,-0.2445325913479757,-0.24923293604718535,0.8344698350390205,1.1274509803921546,1.1699999999999986,50.0,3.7,27.535038751333747,33.741159635431984,3.738,3.719,3.704,3.66,0,0,0,0,0,0,1,0,0,1.0,0,0.0,0,0,0.0,0,0,0,0,0.0
20200121,5701,000415XSHE20200121,20200210004725,0,151922,3.67,54997212.0,000415.XSHE,3.59,1500,3.59,3.67,354739.65625,618452.125,-2.4456521738999997,3.68,2.0,3.6553003830611215,3.669524455084443,3.6930082347029183,3.692483066587185,3.634785638583892,3.693922265878472,3.681601472419988,3.6661731139074916,3.688074311899906,3.66330800023813,3.664126030144235,3.6838834497786164,3.693302668615889,3.6702268579691903,3.666621933658325,3.764959394552956,3.794399953271976,3.8041017486743667,3.7803336637082654,3.7766205916680753,3.5456413715692885,3.5733669462852586,3.582503588557412,3.5601200522301144,3.5566232756485756,3.7,-1.9661387220098443,-0.5154353488887949,-282.99866131191555,19.18223944503725,27.784230579105717,1.9782571769003208,100.0,10.0,26.666666666666625,-3.75335120643432,-5.526315789473684,42.168674698795144,0.025630821551426524,-0.04554224111244939,3.686810254001593,3.689669954996795,3.662,3.6860000000000004,3.73,3.7030000000000007,3.6462500000000007,3.5965000000000003,-0.08000000000000007,0.0,0.0,0.0206201830723416,3.737000000000001,3.8584907403879,3.6155092596121015,21.568627450980077,47688816,-0.3638307185066713,-0.3041816549273235,0.8441376350104378,0.9633027522935756,0.9814814814814794,33.33333333333333,3.67,28.773359167555874,32.085226146139945,3.737000000000001,3.707,3.694,3.68,0,0,0,0,0,0,1,0,0,1.0,0,0.0,0,0,0.0,1,0,0,0,0.0
20200122,5702,000415XSHE20200122,20200210004725,0,145159,3.6,51523868.0,000415.XSHE,3.5,1500,3.59,3.59,354739.65625,618452.125,0.0,3.59,2.0,3.6335335887074147,3.649643341313333,3.6792738034091963,3.6831664241701687,3.6123928192919457,3.6809319826436635,3.6756917000057943,3.662861239389776,3.6805301340614514,3.66043317669938,3.6621753451404393,3.6668137316370495,3.6834643192239,3.6663133527024008,3.6647300340618236,3.7425395963686383,3.7768181435861625,3.793968248800617,3.7763027532834728,3.774671935083678,3.5245275810461925,3.5568093196879387,3.5729603896471827,3.556323952121329,3.554788133039968,3.68,-1.3736263736263692,-0.5980728762875626,-220.98421541318524,23.502445344310537,26.35696883417399,17.793398364583645,73.52941176470591,13.333333333333313,26.666666666666625,-4.266666666666672,-5.526315789473684,36.84210526315786,0.019444055579335227,-0.04949412777673039,3.679639124075549,3.674336115766519,3.64,3.6770000000000014,3.7245,3.7063333333333337,3.64925,3.5966666666666667,0.0,0.010000000000000231,0.08999999999999986,0.019873089697023703,3.73,3.865569170536668,3.5944308294633327,10.569105691056668,47543657,-0.4469027028581176,-0.4053667106823944,0.6900021277998152,0.8347826086956507,0.8347826086956507,16.666666666666664,3.67,19.18223944503725,27.784230579105717,3.73,3.6860000000000004,3.662,3.59,0,0,0,0,0,0,1,0,0,1.0,0,0.0,0,0,0.0,0,0,0,0,0.0
20200123,5703,000415XSHE20200123,20200210004725,0,223451,3.56,78139368.0,000415.XSHE,3.44,1500,3.46,3.56,354739.65625,618452.125,-3.6211699164,3.59,2.0,3.5756890591382766,3.602232505985,3.65003729628797,3.6628785674274265,3.5361964096459726,3.653315484813205,3.6617761064570336,3.6540411855032633,3.6635662775951854,3.652573052122934,3.6568549413209546,3.6292112349757684,3.662182003107338,3.656249286716917,3.659674971492396,3.6829597309124256,3.738087572025042,3.7720474632005576,3.7659367653184246,3.769465220637168,3.468418387364129,3.5203348979264955,3.552316543014118,3.5465618081154098,3.5498847223476235,3.66,-3.7819799777530623,-4.213498698853922,-214.40029845178168,17.62908120993252,23.44767295942683,5.9918977109438885,94.73684210526315,7.6923076923076925,26.086956521739094,-6.486486486486492,-8.947368421052627,34.999999999999964,0.011153598342729037,-0.06632365789284952,3.663369559329212,3.641361328725516,3.596,3.6519999999999997,3.7115,3.707,3.65025,3.5958333333333337,-0.10000000000000007,0.0,0.020000000000000014,0.0217240471156548,3.7245,3.9025196618354285,3.5464803381645726,6.493506493506343,47767108,-0.6913565121762081,-0.5691296075171628,0.4152334315683412,0.7815126050420156,0.7377049180327859,16.666666666666664,3.59,23.502445344310537,26.35696883417399,3.7245,3.6770000000000014,3.64,3.59,0,0,0,0,0,0,1,0,0,1.0,0,1.0,0,0,1.0,1,0,1,0,3.0
20200203,5704,000415XSHE20200203,20200210004725,0,158872,3.15,49419592.0,000415.XSHE,3.11,1500,3.11,3.11,354739.65625,618452.125,-10.115606936399999,3.46,2.0,3.420459372758851,3.4791743794887493,3.5780323234495737,3.612616879479478,3.323098204822986,3.5854010492115544,3.6261776479759353,3.630387220916165,3.62098425624171,3.6312956775298777,3.6424640218125086,3.534809192252901,3.6095932409066385,3.6296029800478,3.6461027499740655,3.5230731539416165,3.640853468020489,3.717881038133838,3.7384910694492337,3.755485832473288,3.3178455915760856,3.4287649164853136,3.50130544367944,3.520714890646365,3.536719667474844,3.68,-10.786001147446928,-13.773982477542452,-341.60700079554533,11.75272080662168,19.549355575158447,-3.840548730451857,100.0,3.389830508474577,11.538461538461522,-15.489130434782615,-15.489130434782615,22.321428571428548,-0.0036302792463384437,-0.11827102071253985,3.622379221601122,3.559613431998513,3.486,3.595,3.6815,3.6923333333333335,3.6425,3.588333333333334,0.0,0.040000000000000036,0.0,0.020564568575182282,3.7115,4.028440057424112,3.394559942575887,-46.02076124567477,47608236,-1.4576094919166518,-1.0744830020464302,0.5624374538369318,0.7948717948717936,0.3461538461538452,16.666666666666664,3.56,17.62908120993252,23.44767295942683,3.7115,3.6519999999999997,3.596,3.46,0,0,0,0,0,0,1,0,0,1.0,1,1.0,0,0,1.0,0,0,1,0,2.0
20200204,5705,000415XSHE20200204,20200210004725,0,472380,3.13,142086384.0,000415.XSHE,2.82,1500,3.06,2.82,354739.65625,618452.125,-1.6077170418,3.11,2.0,3.3003062485059007,3.3743807846165623,3.5089613469896306,3.56237898134498,3.1915491024114933,3.5197259180601095,3.589650057783939,3.6055877765285063,3.577831621146194,3.6088919254698815,3.627136021238496,3.4484802482069195,3.5572510274869598,3.601817468825956,3.6316310771352,3.3993154359610784,3.551934655653127,3.6639685583115686,3.709871992890735,3.740580009449256,3.2012970610507234,3.345025840760712,3.4505334966623504,3.4937629447611767,3.5226821448211436,3.59,-8.982748364068996,-14.981106912647288,-268.3652815811405,16.3457855022868,18.48149888420123,12.074358738457944,75.25773195876288,0.0,11.249999999999986,-16.393442622950822,-17.520215633423177,21.929824561403485,-0.022498558278441855,-0.1509462322568273,3.5807215014825204,3.482749827075665,3.362,3.528,3.645,3.6726666666666663,3.63225,3.5801666666666674,0.2400000000000002,0.06999999999999984,0.0,0.02801432238197756,3.6815,4.093834815410971,3.269165184589028,-34.50881612090678,48080616,-2.087460531454384,-1.772535011685518,1.1240182498195048,0.9655172413793096,0.2391304347826081,16.666666666666664,3.11,11.75272080662168,19.549355575158447,3.6815,3.595,3.486,3.11,0,0,0,0,0,0,1,0,0,1.0,1,1.0,0,0,1.0,0,0,1,0,2.0
20200205,5706,000415XSHE20200205,20200210004725,0,264528,3.18,82133040.0,000415.XSHE,3.02,1500,3.09,3.06,354739.65625,618452.125,0.9803921568999999,3.06,2.0,3.2302041656706013,3.3032855884624213,3.45309983405768,3.5194354375863464,3.1407745512057463,3.466010178302596,3.557414570184976,3.5831709166794403,3.540306111827256,3.5885432225102787,3.61300086278485,3.3833020212602065,3.5127509296310584,3.5768507630295683,3.6182574702923564,3.327110290640719,3.4848010818980133,3.61813345751999,3.684156285920455,3.726805194401127,3.133298040700483,3.2818029606224,3.407368401742126,3.4695452401386806,3.509709746183585,3.59,-5.2728387492336175,-13.961129364593216,-171.28031134617305,21.009549885419663,19.32418255127404,24.380284553710915,71.875,5.357142857142827,8.974358974358957,-16.032608695652183,-16.032608695652183,22.60869565217388,-0.04240784339787986,-0.15927428095550406,3.544371760631964,3.422326776756332,3.2620000000000005,3.462,3.6095000000000006,3.6513333333333335,3.622,3.5720000000000014,0.029999999999999805,0.0900000000000003,0.040000000000000036,0.031325649242819,3.645,4.115934177990937,3.1740658220090623,-19.559228650137676,47816088,-2.307374567658332,-2.1974175495563584,1.6163292514406422,1.0917431192660538,0.2954545454545449,16.666666666666664,2.82,16.3457855022868,18.48149888420123,3.645,3.528,3.362,3.06,0,0,0,0,0,0,1,0,0,1.0,1,1.0,0,0,1.0,0,0,1,0,2.0
20200206,5707,000415XSHE20200206,20200210004725,0,211658,3.16,66053880.0,000415.XSHE,3.07,1500,3.14,3.12,354739.65625,618452.125,1.6181229772999999,3.09,2.0,3.200136110447067,3.262464191346816,3.4113531895166562,3.4849413068966784,3.140387275602873,3.425258906014772,3.530484597914977,3.563902615954248,3.5095133339943896,3.5709532922157585,3.6005534716589334,3.339065290121987,3.477250841094768,3.5555409697110525,3.606448643865384,3.2961401937604786,3.439237248825646,3.5815683663276103,3.662207198802384,3.7146421031813457,3.1041320271336548,3.2388933314183275,3.3729333158619244,3.4488747406197207,3.4982551845494223,3.46,-1.008827238335436,-12.417717282159993,-127.25035161744007,25.991385316871547,21.546583473139876,34.88098900433488,66.66666666666664,13.11475409836067,12.345679012345688,-12.53481894150417,-15.817694369973188,26.050420168067213,-0.0610315564896758,-0.14898970473436746,3.514418296881448,3.3788918880245884,3.1719999999999997,3.406,3.5765,3.633,3.61325,3.5653333333333337,0.020000000000000014,0.020000000000000014,0.05000000000000026,0.03229999938914367,3.6095000000000006,4.113733081025036,3.1052669189749644,-12.462006079027256,47604430,-2.135591393700944,-2.221482980679638,1.6551270678909022,1.062499999999999,0.3124999999999996,33.33333333333333,3.06,21.009549885419663,19.32418255127404,3.6095000000000006,3.462,3.2620000000000005,3.09,0,0,0,0,0,0,1,0,0,1.0,1,1.0,0,0,1.0,0,0,1,0,2.0
20200207,5708,000415XSHE20200207,20200210004725,0,248944,3.23,79101744.0,000415.XSHE,3.15,1500,3.18,3.16,354739.65625,618452.125,1.2738853503,3.14,3.0,3.1934240736313777,3.2418481435101123,3.3805060975811023,3.4572193699060714,3.1601936378014366,3.394601542762925,3.507872688372076,3.5472111978692804,3.48416615445636,3.5556217905602385,3.58948627503633,3.3101443282816265,3.44894123718098,3.537221898017831,3.5959190477205603,3.28922679584032,3.409448658130075,3.5524094742964087,3.6433385549583663,3.703796619152177,3.0976213514224367,3.210839998433177,3.3454730000655504,3.431105241077296,3.488041476288944,3.11,2.053915275994867,-11.163258464632928,-86.12809434526217,31.120693659523567,24.737953535267767,43.88617390803515,62.49999999999997,23.076923076923094,17.50000000000001,-11.420612813370465,-15.199999999999998,23.4782608695652,-0.07709593222488473,-0.12851500588167136,3.4896465711865257,3.348293136020805,3.116,3.3560000000000003,3.5445000000000007,3.615,3.605,3.5595,0.020000000000000014,0.049999999999999815,0.010000000000000231,0.033457027007410024,3.5765,4.0958640341802655,3.057135965819735,1.4925373134328694,47853374,-1.7271951836494313,-1.931393288675188,1.7111580658078414,1.1376146788990809,0.37058823529411694,50.0,3.12,25.991385316871547,21.546583473139876,3.5765,3.406,3.1719999999999997,3.14,0,0,0,0,0,0,1,0,0,1.0,1,1.0,0,0,1.0,0,0,1,0,2.0
20200210,5709,000415XSHE20200210,20200210161612,0,207782,3.24,66229696.0,000415.XSHE,3.14,1500,3.21,3.17,354739.65625,618452.125,0.9433962264,3.18,4.0,3.1989493824209188,3.2338861076325847,3.357771951236955,3.4347448817327924,3.1850968189007185,3.37152634991756,3.4886550955738773,3.5325498414401806,3.4630764502674087,3.542067994851993,3.5794997941143216,3.2919362685940574,3.4261849288780297,3.5212598542120834,3.5863901823447444,3.2949178638935464,3.390694356651879,3.5289704767443713,3.6268976498384458,3.693981887815087,3.1029809009482907,3.1931781805362363,3.3233993810116886,3.41562205858572,3.4787984768744016,3.06,2.3596938775510155,-10.189692798388467,-67.63285024154581,36.04124675340788,28.50571794131447,51.11230437759468,59.37499999999999,75.00000000000007,20.987654320987644,-7.225433526011561,-13.243243243243251,24.78632478632477,-0.09005969406335035,-0.10371009470772496,3.4689320103578942,3.3270172689406814,3.136,3.3110000000000004,3.515,3.595666666666667,3.5977499999999987,3.5535,0.040000000000000036,0.03000000000000025,0.029999999999999805,0.03493294754262273,3.5445000000000007,4.069457141107731,3.0195428588922715,114.49275362318846,47645592,-1.2379077129406428,-1.4825514482950368,2.3055332554732013,1.185185185185184,0.3882352941176465,66.66666666666666,3.16,31.120693659523567,24.737953535267767,3.5445000000000007,3.3560000000000003,3.116,3.18,0,0,0,0,0,0,0,0,0,0.0,0,1.0,0,0,1.0,0,0,1,0,2.0
20200211,5710,000415XSHE20200211,20200211161834,0,189796,3.25,61186992.0,000415.XSHE,3.19,1500,3.22,3.22,354739.65625,618452.125,0.3115264798,3.21,4.0,3.2059662549472794,3.2304145807244384,3.339402357738694,3.415222619757083,3.2025484094503587,3.3525855561778646,3.47132250876266,3.5189607178993034,3.4443782617853005,3.529437877406817,3.570039273216576,3.278856947031501,3.406548268984884,3.506564251567591,3.5773435111757386,3.3021452425956976,3.3772226554424467,3.5087447170544306,3.6117611791146187,3.6846638165110095,3.109787267298861,3.180491238620556,3.304351820915337,3.4013673240205637,3.470023205840466,3.09,1.6414141414141432,-9.748304277145577,-46.87568837653279,41.12151492962235,32.710983604083765,57.94257758069952,57.446808510638256,100.0,22.50000000000001,3.5369774919614247,-12.499999999999998,25.423728813559322,-0.10003566094351984,-0.07980773504135588,3.4504926021832354,3.3105530737190376,3.168,3.265,3.486,3.5796666666666668,3.591,3.549166666666667,0.0,0.029999999999999805,0.03000000000000025,0.0354376059277159,3.515,4.037853708029311,2.9921462919706885,790.9090909090824,47455796,-0.8003058124534015,-1.0191067626970225,2.453387626889373,1.099999999999999,0.35087719298245584,83.33333333333334,3.17,36.04124675340788,28.50571794131447,3.515,3.3110000000000004,3.136,3.21,0,0,0,1,0,0,0,0,0,0.0,0,1.0,0,0,1.0,0,0,1,0,2.0
20200212,5711,000415XSHE20200212,20200212161153,0,206690,3.24,66300160.0,000415.XSHE,3.17,1500,3.23,3.22,354739.65625,618452.125,0.3105590062,3.22,4.0,3.2139775032981865,3.2303109355433284,3.3248153767068684,3.3983841997791657,3.2162742047251798,3.337262361655632,3.4557533146489394,3.50639720842542,3.4278876262633533,3.5176952155477266,3.5610908712898235,3.2699738657530464,3.3897341481291803,3.493073312466733,3.5687671281837443,3.3103968283971317,3.3680730817256377,3.4914261725730564,3.597865511840735,3.6758301420292567,3.117558178199241,3.171874649780455,3.288042123685305,3.3882811130927317,3.461704114338232,3.14,1.0638297872340223,-9.34096777815202,-37.365303646613725,45.88281175488336,37.10159298768364,63.445249289282856,53.932584269662904,100.0,21.518987341772146,5.555555555555554,-11.748633879781424,24.78632478632477,-0.10722843349270596,-0.05754218039348896,3.4341598168363285,3.298160293146878,3.1960000000000006,3.2289999999999996,3.4575000000000005,3.563,3.5845,3.545333333333333,0.009999999999999787,0.010000000000000231,0.05000000000000026,0.0353763763339872,3.486,3.9993371211981463,2.9726628788018536,272.09302325581194,47662486,-0.4553262999662361,-0.6278160562098187,3.1636545224747765,1.0178571428571417,0.3063583815028899,100.0,3.22,41.12151492962235,32.710983604083765,3.486,3.265,3.168,3.22,0,0,0,1,0,0,0,0,0,0.0,0,1.0,0,0,1.0,0,0,0,0,2.0
